Order_ID,Customer_ID,Product_ID,Order_Date,Quantity,Sales_Amount,Discount_Percentage,Final_Amount,Delivery_Days,Order_Status,Payment_Method
O00001,C0477,P067,2024-08-08 0:00:00,2,6582.77,15,5595.35,11,delivered,UPI
O00001,C0019,P047,2024-05-04 0:00:00,5,5350.2,5,5082.69,11,Delivered,Card
O00001,C0208,P076,2024-02-15 0:00:00,1,9969.76,15,8474.3,7,Returned,UPI
O00001,C0469,P075,2024-12-13 0:00:00,1,9232.19,20,7385.75,9,DELIVERED,COD
O00001,C0295,P001,2024-06-18 0:00:00,2,6260.45,5,5947.43,7,delivered,Wallet
O00001,C0485,P015,2025-11-17 0:00:00,5,1511.42,0,1511.42,6,DELIVERED,Wallet
O00001,C0248,P099,2024-05-13 0:00:00,5,2876.34,15,2444.89,10,DELIVERED,Wallet
O00001,C0035,P049,2024-03-27 0:00:00,4,9016.98,0,9016.98,5,delivered,COD
O00001,C0427,P034,2024-05-23 0:00:00,4,9576.73,20,7661.38,12,DELIVERED,UPI
O00001,C0244,P041,2024-12-25 0:00:00,4,6900.13,10,6210.12,3,delivered,Wallet
O00001,C0121,P095,2024-05-10 0:00:00,3,2236.45,5,2124.63,4,DELIVERED,Card
O00001,C0080,P100,2023-08-07 0:00:00,2,2426.28,5,2304.97,6,Delivered,UPI
O00001,C0191,P080,2024-10-07 0:00:00,4,6331.36,20,5065.09,8,Cancelled,Wallet
O00001,C0385,P074,2023-09-20 0:00:00,3,5162.65,20,4130.12,4,Delivered,Wallet
O00001,C0202,P088,2023-12-24 0:00:00,4,5044.04,20,4035.23,6,Cancelled,UPI
O00001,C0195,P075,2023-07-26 0:00:00,5,4870.67,0,4870.67,4,DELIVERED,COD
O00001,C0138,P061,2024-12-03 0:00:00,5,8687.5,5,8253.12,4,DELIVERED,Card
O00001,C0187,P052,2024-07-26 0:00:00,4,4527.46,15,3848.34,6,Cancelled,Card
O00001,C0370,P035,2024-04-27 0:00:00,5,1745.82,20,1396.66,2,Returned,Wallet
O00001,C0091,P054,2025-10-20 0:00:00,4,2362.6,5,2244.47,1,delivered,Wallet
O00001,C0440,P073,2023-04-08 0:00:00,5,7345.32,15,6243.52,9,Cancelled,UPI
O00001,C0050,P058,2024-11-16 0:00:00,2,1070.35,10,963.31,11,DELIVERED,COD
O00001,C0063,P045,2024-02-12 0:00:00,3,5823.33,10,5241,7,Returned,Wallet
O00001,C0262,P063,2025-07-04 0:00:00,5,2158.12,10,1942.31,11,Delivered,Wallet
O00001,C0414,P044,2025-05-13 0:00:00,5,3221.97,5,3060.87,11,Returned,Wallet
O00026,C0117,P041,2024-10-10 0:00:00,4,8564.56,0,8564.56,6,DELIVERED,COD
O00027,C0383,P076,2025-12-02 0:00:00,5,6624.12,10,5961.71,6,Cancelled,Wallet
O00028,C0339,P033,2023-06-13 0:00:00,2,2246.92,0,2246.92,4,delivered,Card
O00029,C0281,P007,2023-02-23 0:00:00,4,1478.59,0,1478.59,8,Cancelled,Wallet
O00030,C0477,P050,2024-09-25 0:00:00,1,1487.32,20,1189.86,11,delivered,Card
O00031,C0015,P005,2024-12-31 0:00:00,3,4710.02,5,4474.52,3,DELIVERED,Wallet
O00032,C0228,P018,2026-01-09 0:00:00,4,9762.32,20,7809.86,9,delivered,Wallet
O00033,C0328,P069,2024-09-26 0:00:00,5,4837.16,20,3869.73,11,DELIVERED,Wallet
O00034,C0212,P034,2023-11-15 0:00:00,5,2657.72,0,2657.72,6,DELIVERED,UPI
O00035,C0274,P002,2025-10-04 0:00:00,1,5471.5,5,5197.93,8,Cancelled,COD
O00036,C0281,P048,2024-01-22 0:00:00,1,7775.76,10,6998.18,1,Cancelled,Wallet
O00037,C0200,P049,2024-03-27 0:00:00,4,4250.14,5,4037.63,11,DELIVERED,UPI
O00038,C0414,P089,2024-07-10 0:00:00,4,6440.57,20,5152.46,10,DELIVERED,Wallet
O00039,C0057,P082,2025-07-21 0:00:00,3,4422.59,0,4422.59,5,Returned,Wallet
O00040,C0078,P007,2025-12-31 0:00:00,3,7154.49,15,6081.32,1,Delivered,Card
O00041,C0005,P030,2023-07-04 0:00:00,1,3180.09,5,3021.09,12,delivered,UPI
O00042,C0191,P060,2023-03-06 0:00:00,4,2563.29,15,2178.8,8,DELIVERED,UPI
O00043,C0093,P025,2024-05-27 0:00:00,2,1032.36,15,877.51,8,Cancelled,UPI
O00044,C0127,P095,2023-03-10 0:00:00,1,9758.69,5,9270.76,8,delivered,Wallet
O00045,C0493,P040,2024-10-23 0:00:00,1,5450.82,5,5178.28,11,delivered,UPI
O00046,C0102,P047,2023-04-17 0:00:00,5,5448.8,10,4903.92,5,delivered,UPI
O00047,C0300,P016,2025-03-21 0:00:00,2,6512.64,10,5861.38,5,delivered,UPI
O00048,C0191,P099,2023-07-03 0:00:00,1,6020.23,15,5117.2,3,delivered,Card
O00049,C0031,P008,2024-12-29 0:00:00,4,1368.31,20,1094.65,11,delivered,Wallet
O00050,C0404,P083,2024-12-12 0:00:00,1,1695.36,5,1610.59,9,Cancelled,Card
O00051,C0461,P006,2025-09-20 0:00:00,1,7047.87,10,6343.08,5,Cancelled,Wallet
O00052,C0279,P045,2024-10-24 0:00:00,3,5655.97,15,4807.57,3,Cancelled,COD
O00053,C0080,P058,2024-08-28 0:00:00,5,9187.5,20,7350,9,DELIVERED,Wallet
O00054,C0453,P003,2025-01-15 0:00:00,3,4813.75,20,3851,3,Returned,Card
O00055,C0269,P088,2025-10-15 0:00:00,3,7349.53,20,5879.62,4,Returned,Card
O00056,C0050,P067,2023-05-17 0:00:00,5,3189.73,15,2711.27,2,Delivered,Card
O00057,C0051,P005,2026-03-15 0:00:00,2,8798.18,5,8358.27,4,Cancelled,Wallet
O00058,C0114,P078,2023-05-26 0:00:00,5,6427.72,20,5142.18,6,Delivered,Card
O00059,C0032,P047,2026-02-16 0:00:00,4,9319.84,0,9319.84,11,Cancelled,COD
O00060,C0037,P039,2023-06-09 0:00:00,1,8324.61,10,7492.15,12,delivered,Wallet
O00061,C0099,P068,2024-05-24 0:00:00,1,1461.64,5,1388.56,4,Returned,Card
O00062,C0296,P046,2025-07-28 0:00:00,5,7617.35,15,6474.75,11,Cancelled,UPI
O00063,C0337,P021,2025-12-29 0:00:00,2,8028.39,20,6422.71,6,Returned,Wallet
O00064,C0433,P048,2025-04-24 0:00:00,3,9073.61,20,7258.89,6,Cancelled,COD
O00065,C0475,P096,2024-06-04 0:00:00,5,2786.86,20,2229.49,9,DELIVERED,Wallet
O00066,C0306,P003,2025-11-26 0:00:00,4,9618.33,0,9618.33,5,delivered,COD
O00067,C0012,P099,2024-07-19 0:00:00,1,3353.17,5,3185.51,6,Returned,Wallet
O00068,C0236,P046,2023-11-16 0:00:00,5,5921.35,20,4737.08,1,delivered,COD
O00069,C0048,P074,2025-03-29 0:00:00,3,8951.44,5,8503.87,5,Returned,Card
O00070,C0360,P074,2023-07-15 0:00:00,1,7374.02,15,6267.92,12,Returned,COD
O00071,C0472,P099,2024-11-15 0:00:00,1,7442.5,20,5954,1,DELIVERED,Wallet
O00072,C0383,P084,2023-01-24 0:00:00,4,9337.34,0,9337.34,4,Cancelled,UPI
O00073,C0168,P065,2024-03-28 0:00:00,3,5481.64,10,4933.48,3,delivered,UPI
O00074,C0114,P056,2024-08-16 0:00:00,4,9724.88,20,7779.9,2,Cancelled,Card
O00075,C0281,P052,2024-06-21 0:00:00,2,3693.6,15,3139.56,1,Delivered,Wallet
O00076,C0287,P026,2025-09-26 0:00:00,5,4627.67,5,4396.29,8,Cancelled,Wallet
O00077,C0137,P100,2025-05-30 0:00:00,2,5831.09,20,4664.87,2,DELIVERED,Wallet
O00078,C0098,P042,2024-12-06 0:00:00,1,1569.03,15,1333.68,6,Returned,UPI
O00079,C0320,P019,2025-06-21 0:00:00,3,2107.93,10,1897.14,8,Delivered,Card
O00080,C0058,P095,2023-04-22 0:00:00,2,7010.91,5,6660.36,2,delivered,Wallet
O00081,C0412,P015,2024-09-16 0:00:00,2,8753.15,10,7877.84,12,Cancelled,Wallet
O00082,C0268,P097,2024-06-13 0:00:00,1,3652.83,20,2922.26,9,Returned,Wallet
O00083,C0010,P049,2026-04-08 0:00:00,5,7434.27,5,7062.56,11,Returned,UPI
O00084,C0317,P035,2023-04-19 0:00:00,3,2118.04,10,1906.24,12,Cancelled,UPI
O00085,C0185,P014,2023-02-09 0:00:00,1,4192.13,10,3772.92,11,DELIVERED,Wallet
O00086,C0463,P041,2025-09-19 0:00:00,2,9808.03,20,7846.42,2,Returned,Wallet
O00087,C0475,P092,2023-02-14 0:00:00,1,2270.97,20,1816.78,9,Delivered,Card
O00088,C0010,P045,2024-12-21 0:00:00,5,3396.81,15,2887.29,3,DELIVERED,COD
O00089,C0321,P033,2025-03-03 0:00:00,2,9961.95,20,7969.56,1,Delivered,Wallet
O00090,C0071,P012,2025-02-21 0:00:00,3,2643.04,10,2378.74,11,Returned,Wallet
O00091,C0466,P078,2024-11-05 0:00:00,2,4464.67,20,3571.74,5,Cancelled,Wallet
O00092,C0410,P026,2023-10-10 0:00:00,2,2464.19,5,2340.98,11,DELIVERED,Wallet
O00093,C0470,P021,2024-10-12 0:00:00,2,4585.61,5,4356.33,10,Delivered,Wallet
O00094,C0373,P004,2024-10-14 0:00:00,5,9511.71,0,9511.71,3,Cancelled,Wallet
O00095,C0055,P017,2024-01-14 0:00:00,3,4708.54,10,4237.69,4,Delivered,Wallet
O00096,C0119,P030,2023-02-23 0:00:00,5,3035.19,20,2428.15,10,DELIVERED,UPI
O00097,C0192,P024,2025-03-04 0:00:00,4,1773.82,20,1419.06,11,Cancelled,Wallet
O00098,C0474,P035,2025-04-25 0:00:00,2,2055.97,5,1953.17,1,delivered,Card
O00099,C0353,P042,2025-07-26 0:00:00,2,1128.3,15,959.05,8,delivered,Wallet
O00100,C0369,P041,2025-03-18 0:00:00,4,7874.04,20,6299.23,7,Returned,Wallet
O00101,C0234,P006,2024-05-18 0:00:00,5,5593.51,0,5593.51,8,Returned,Wallet
O00102,C0392,P081,2023-04-11 0:00:00,4,9846.39,0,9846.39,9,delivered,COD
O00103,C0237,P022,2025-05-15 0:00:00,4,4281.38,10,3853.24,5,DELIVERED,Wallet
O00104,C0232,P012,2025-10-22 0:00:00,1,7054.55,5,6701.82,11,Delivered,Card
O00105,C0166,P058,2023-02-21 0:00:00,5,9409.5,20,7527.6,7,delivered,Wallet
O00106,C0129,P042,2023-12-02 0:00:00,5,9017.87,5,8566.98,2,Delivered,UPI
O00107,C0197,P094,2025-11-13 0:00:00,1,7209.15,10,6488.23,12,Returned,Card
O00108,C0290,P085,2023-11-04 0:00:00,4,5728.29,0,5728.29,6,delivered,Card
O00109,C0374,P099,2025-07-02 0:00:00,2,7806.99,0,7806.99,5,DELIVERED,Card
O00110,C0130,P002,2025-07-28 0:00:00,1,9036.15,5,8584.34,10,Cancelled,Wallet
O00111,C0112,P076,2025-09-01 0:00:00,5,8170.82,20,6536.66,4,Cancelled,Wallet
O00112,C0281,P036,2026-02-15 0:00:00,4,1254.35,20,1003.48,12,delivered,UPI
O00113,C0342,P074,2024-09-03 0:00:00,2,1908.43,10,1717.59,1,DELIVERED,UPI
O00114,C0313,P085,2026-03-18 0:00:00,1,1534.43,5,1457.71,5,Returned,Card
O00115,C0394,P039,2024-10-23 0:00:00,4,7618.68,10,6856.81,2,DELIVERED,Wallet
O00116,C0069,P016,2024-07-16 0:00:00,1,7705.2,20,6164.16,8,DELIVERED,Wallet
O00117,C0293,P094,2025-12-19 0:00:00,4,5484.14,5,5209.93,2,Delivered,Wallet
O00118,C0133,P068,2026-03-23 0:00:00,5,9371.97,10,8434.77,6,Returned,COD
O00119,C0255,P064,2024-01-04 0:00:00,2,6335.75,15,5385.39,11,Returned,Card
O00120,C0321,P016,2024-02-29 0:00:00,3,9802.95,0,9802.95,8,Returned,Wallet
O00121,C0109,P002,2024-02-17 0:00:00,4,932.18,10,838.96,11,DELIVERED,COD
O00122,C0059,P088,2024-11-13 0:00:00,1,3423.84,20,2739.07,1,DELIVERED,Wallet
O00123,C0170,P044,2025-09-08 0:00:00,5,6351.94,0,6351.94,4,Cancelled,UPI
O00124,C0459,P043,2025-08-05 0:00:00,2,5074.21,15,4313.08,9,Cancelled,UPI
O00125,C0107,P074,2024-11-10 0:00:00,5,3343.77,10,3009.39,1,DELIVERED,UPI
O00126,C0321,P069,2023-12-06 0:00:00,2,3164.37,0,3164.37,7,Returned,Wallet
O00127,C0362,P041,2023-03-06 0:00:00,4,2280.1,0,2280.1,5,DELIVERED,Wallet
O00128,C0111,P068,2024-09-11 0:00:00,1,5222.02,5,4960.92,5,delivered,UPI
O00129,C0260,P004,2025-09-15 0:00:00,3,7956.97,5,7559.12,8,Returned,Card
O00130,C0159,P100,2024-11-01 0:00:00,2,3731.1,15,3171.43,9,delivered,UPI
O00131,C0236,P050,2025-12-05 0:00:00,5,6928.81,5,6582.37,1,Delivered,UPI
O00132,C0240,P006,2023-07-31 0:00:00,3,9357.2,20,7485.76,6,Returned,COD
O00133,C0165,P026,2024-01-30 0:00:00,1,5986.82,10,5388.14,4,DELIVERED,COD
O00134,C0077,P021,2024-07-14 0:00:00,5,3531.92,15,3002.13,5,Delivered,UPI
O00135,C0282,P041,2024-07-09 0:00:00,5,5816.44,0,5816.44,6,delivered,COD
O00136,C0277,P057,2023-04-14 0:00:00,5,2825.84,0,2825.84,6,delivered,UPI
O00137,C0045,P055,2025-03-13 0:00:00,4,9081.28,0,9081.28,1,delivered,Wallet
O00138,C0171,P026,2025-12-28 0:00:00,5,6479.97,15,5507.97,5,Delivered,Wallet
O00139,C0351,P083,2025-08-11 0:00:00,5,1752.06,15,1489.25,5,Cancelled,Card
O00140,C0201,P024,2024-11-07 0:00:00,2,1865.36,20,1492.29,6,DELIVERED,Wallet
O00141,C0237,P022,2024-08-01 0:00:00,4,787.51,15,669.38,8,DELIVERED,Wallet
O00142,C0408,P014,2024-10-29 0:00:00,5,1710.24,0,1710.24,12,Returned,UPI
O00143,C0318,P032,2026-01-27 0:00:00,3,5561.08,15,4726.92,4,delivered,Wallet
O00144,C0221,P056,2026-03-07 0:00:00,4,1127.57,5,1071.19,10,DELIVERED,Wallet
O00145,C0294,P063,2023-08-23 0:00:00,2,2144.31,0,2144.31,12,Returned,Wallet
O00146,C0158,P052,2023-05-23 0:00:00,4,3591.09,0,3591.09,3,Returned,UPI
O00147,C0339,P008,2023-07-05 0:00:00,5,7827.76,15,6653.6,11,delivered,Card
O00148,C0077,P058,2025-12-24 0:00:00,5,9080.93,0,9080.93,11,DELIVERED,Wallet
O00149,C0154,P073,2024-09-15 0:00:00,5,5990.35,5,5690.83,6,Cancelled,COD
O00150,C0434,P017,2024-08-25 0:00:00,1,6035.91,20,4828.73,7,Delivered,COD
O00151,C0057,P037,2023-03-05 0:00:00,5,9695.05,0,9695.05,6,delivered,Wallet
O00152,C0196,P056,2026-01-21 0:00:00,5,4245.55,10,3821,7,delivered,Card
O00153,C0431,P054,2023-11-12 0:00:00,4,1821.15,20,1456.92,6,DELIVERED,Card
O00154,C0337,P056,2023-10-06 0:00:00,2,610.23,0,610.23,8,Delivered,Card
O00155,C0093,P059,2025-11-09 0:00:00,4,8671.45,20,6937.16,10,Cancelled,Wallet
O00156,C0004,P074,2025-10-17 0:00:00,4,4154.79,5,3947.05,10,delivered,Wallet
O00157,C0020,P073,2025-09-16 0:00:00,3,4402.96,20,3522.37,1,DELIVERED,UPI
O00158,C0270,P097,2024-07-26 0:00:00,5,5074.56,0,5074.56,12,Cancelled,Wallet
O00159,C0323,P095,2023-06-09 0:00:00,1,5471.89,20,4377.51,8,Returned,Wallet
O00160,C0241,P059,2025-11-15 0:00:00,3,6323.87,10,5691.48,1,Cancelled,Wallet
O00161,C0356,P077,2024-09-14 0:00:00,3,4499.65,10,4049.68,1,Returned,COD
O00162,C0337,P038,2023-02-25 0:00:00,1,6478.35,20,5182.68,1,DELIVERED,Wallet
O00163,C0130,P017,2024-07-29 0:00:00,1,1704.8,0,1704.8,5,DELIVERED,COD
O00164,C0379,P020,2025-07-03 0:00:00,1,7543.58,20,6034.86,10,DELIVERED,Card
O00165,C0442,P005,2024-12-03 0:00:00,3,7934.01,5,7537.31,9,Delivered,Card
O00166,C0395,P050,2024-05-02 0:00:00,5,9372.45,5,8903.83,7,Cancelled,Card
O00167,C0387,P015,2023-04-18 0:00:00,2,5988.7,10,5389.83,5,delivered,Wallet
O00168,C0120,P049,2025-03-09 0:00:00,4,5024.2,15,4270.57,9,Cancelled,COD
O00169,C0196,P087,2024-10-08 0:00:00,2,5539.2,15,4708.32,8,Returned,UPI
O00170,C0313,P084,2024-07-12 0:00:00,1,9218.27,10,8296.44,7,DELIVERED,COD
O00171,C0237,P099,2024-05-10 0:00:00,3,8122.01,10,7309.81,7,Returned,Card
O00172,C0345,P002,2023-05-20 0:00:00,5,3705.36,5,3520.09,1,Delivered,Wallet
O00173,C0146,P033,2024-01-31 0:00:00,1,5490.01,15,4666.51,12,Delivered,UPI
O00174,C0487,P077,2023-09-07 0:00:00,5,1373.44,20,1098.75,4,Delivered,UPI
O00175,C0459,P015,2024-01-13 0:00:00,5,1734.12,20,1387.3,3,DELIVERED,COD
O00176,C0394,P055,2024-10-24 0:00:00,4,6774.54,0,6774.54,5,DELIVERED,Card
O00177,C0031,P034,2024-06-26 0:00:00,1,3134.23,0,3134.23,6,delivered,Wallet
O00178,C0331,P063,2023-08-11 0:00:00,1,5171.36,5,4912.79,3,delivered,Wallet
O00179,C0133,P014,2023-03-13 0:00:00,4,2574.67,0,2574.67,12,Delivered,UPI
O00180,C0077,P084,2023-01-02 0:00:00,5,7411.68,15,6299.93,8,Delivered,Wallet
O00181,C0002,P066,2025-10-01 0:00:00,3,1940.27,10,1746.24,10,Cancelled,Wallet
O00182,C0197,P089,2025-09-14 0:00:00,4,8518.47,0,8518.47,1,Delivered,Wallet
O00183,C0206,P008,2023-07-05 0:00:00,5,9382.9,10,8444.61,5,DELIVERED,Wallet
O00184,C0332,P026,2023-12-28 0:00:00,3,1264.34,15,1074.69,5,Returned,UPI
O00185,C0323,P089,2025-01-05 0:00:00,4,6776.97,10,6099.27,2,Cancelled,UPI
O00186,C0369,P076,2024-05-03 0:00:00,4,7485.58,5,7111.3,1,Cancelled,Wallet
O00187,C0495,P003,2023-03-17 0:00:00,1,8031.02,10,7227.92,8,DELIVERED,UPI
O00188,C0414,P084,2025-12-07 0:00:00,3,7983.9,0,7983.9,4,Cancelled,Wallet
O00189,C0377,P019,2025-09-28 0:00:00,2,7539.99,5,7162.99,1,Delivered,Wallet
O00190,C0026,P040,2023-07-19 0:00:00,5,935.12,5,888.36,11,Cancelled,Wallet
O00191,C0059,P064,2024-03-27 0:00:00,2,8435.85,0,8435.85,2,Delivered,Card
O00192,C0295,P070,2023-10-09 0:00:00,4,3704.76,15,3149.05,11,DELIVERED,Card
O00193,C0073,P097,2025-04-30 0:00:00,1,6134.31,10,5520.88,5,delivered,COD
O00194,C0069,P013,2025-02-09 0:00:00,5,2067.56,5,1964.18,1,delivered,UPI
O00195,C0362,P084,2024-08-04 0:00:00,4,1266.86,0,1266.86,2,Cancelled,Wallet
O00196,C0123,P023,2023-03-19 0:00:00,2,2458.52,10,2212.67,7,Returned,Card
O00197,C0179,P054,2023-01-10 0:00:00,4,6314.47,0,6314.47,5,Returned,Card
O00198,C0186,P098,2026-01-10 0:00:00,2,1616.32,20,1293.06,10,Returned,Card
O00199,C0058,P020,2025-08-29 0:00:00,4,7818.15,5,7427.24,4,Cancelled,Card
O00200,C0146,P027,2025-06-09 0:00:00,2,6866.36,0,6866.36,6,DELIVERED,COD
O00201,C0027,P069,2023-12-27 0:00:00,5,8148.96,15,6926.62,12,delivered,UPI
O00202,C0228,P076,2026-04-02 0:00:00,4,5391.59,0,5391.59,12,DELIVERED,Wallet
O00203,C0167,P030,2023-07-20 0:00:00,2,7597.32,10,6837.59,2,delivered,Wallet
O00204,C0249,P007,2025-06-11 0:00:00,2,4067.56,5,3864.18,10,delivered,Card
O00205,C0369,P025,2025-01-04 0:00:00,5,4822.41,15,4099.05,8,DELIVERED,Card
O00206,C0057,P060,2025-07-28 0:00:00,3,1708.51,20,1366.81,3,Cancelled,Card
O00207,C0488,P079,2023-12-15 0:00:00,3,2588.61,10,2329.75,11,Returned,Wallet
O00208,C0303,P061,2025-08-05 0:00:00,2,1321.51,20,1057.21,4,DELIVERED,UPI
O00209,C0297,P029,2023-11-02 0:00:00,4,7493.7,5,7119.01,7,Returned,UPI
O00210,C0394,P065,2023-03-10 0:00:00,4,9811.75,0,9811.75,12,Cancelled,Wallet
O00211,C0043,P072,2023-01-26 0:00:00,4,5053.06,0,5053.06,4,Cancelled,Card
O00212,C0009,P062,2024-09-16 0:00:00,2,3904.85,5,3709.61,2,delivered,Wallet
O00213,C0396,P018,2025-04-10 0:00:00,5,7599.22,0,7599.22,8,delivered,COD
O00214,C0198,P089,2024-11-12 0:00:00,4,7187.07,0,7187.07,2,Returned,UPI
O00215,C0278,P074,2024-02-29 0:00:00,3,4546.07,10,4091.46,10,Delivered,Wallet
O00216,C0187,P007,2023-08-16 0:00:00,3,7489.73,0,7489.73,11,Cancelled,COD
O00217,C0287,P091,2023-05-18 0:00:00,4,6381.77,10,5743.59,11,Returned,Card
O00218,C0245,P095,2026-04-03 0:00:00,2,9821.89,5,9330.8,11,delivered,Card
O00219,C0142,P007,2023-05-10 0:00:00,3,3850.76,10,3465.68,7,DELIVERED,COD
O00220,C0364,P069,2025-12-27 0:00:00,4,5119.16,20,4095.33,8,DELIVERED,Wallet
O00221,C0045,P011,2025-03-11 0:00:00,5,3997.39,0,3997.39,8,delivered,COD
O00222,C0255,P020,2024-02-23 0:00:00,1,1538.97,10,1385.07,3,Returned,UPI
O00223,C0178,P054,2025-06-28 0:00:00,3,4457.1,20,3565.68,8,Delivered,COD
O00224,C0331,P043,2025-04-23 0:00:00,2,1098.02,5,1043.12,9,Returned,COD
O00225,C0235,P039,2026-03-07 0:00:00,3,5118.41,20,4094.73,8,delivered,COD
O00226,C0395,P007,2023-10-31 0:00:00,2,7998.04,5,7598.14,5,DELIVERED,COD
O00227,C0275,P037,2024-01-09 0:00:00,4,9584.03,20,7667.22,12,delivered,Card
O00228,C0065,P057,2024-06-17 0:00:00,2,2760.1,0,2760.1,10,DELIVERED,Card
O00229,C0076,P048,2025-07-07 0:00:00,2,5843.63,0,5843.63,6,Returned,Card
O00230,C0394,P019,2025-07-27 0:00:00,5,3364.82,0,3364.82,8,DELIVERED,Card
O00231,C0332,P091,2024-08-28 0:00:00,1,9716.43,20,7773.14,6,Cancelled,COD
O00232,C0174,P089,2023-08-19 0:00:00,5,6835.43,20,5468.34,8,Cancelled,UPI
O00233,C0317,P029,2025-07-02 0:00:00,2,6941.08,0,6941.08,7,DELIVERED,UPI
O00234,C0401,P099,2024-07-23 0:00:00,3,1022.82,5,971.68,4,delivered,UPI
O00235,C0500,P066,2025-03-18 0:00:00,1,5614.92,15,4772.68,2,delivered,Wallet
O00236,C0185,P051,2023-10-30 0:00:00,3,6230.13,20,4984.1,11,Cancelled,COD
O00237,C0229,P072,2023-06-29 0:00:00,4,4041.9,10,3637.71,5,delivered,Wallet
O00238,C0497,P055,2025-04-28 0:00:00,4,8135.01,10,7321.51,12,delivered,Wallet
O00239,C0172,P009,2025-02-08 0:00:00,5,1317.74,5,1251.85,9,Delivered,UPI
O00240,C0237,P091,2026-03-09 0:00:00,4,6568.66,10,5911.79,9,delivered,Card
O00241,C0422,P039,2026-04-13 0:00:00,2,8406.7,10,7566.03,1,DELIVERED,Wallet
O00242,C0079,P034,2024-09-06 0:00:00,5,7528.63,5,7152.2,1,Cancelled,UPI
O00243,C0126,P004,2023-09-02 0:00:00,3,4462.99,15,3793.54,11,DELIVERED,Wallet
O00244,C0224,P034,2025-09-01 0:00:00,1,6189.47,10,5570.52,10,Delivered,COD
O00245,C0298,P008,2023-10-27 0:00:00,5,7463.09,0,7463.09,3,DELIVERED,Wallet
O00246,C0326,P046,2023-04-10 0:00:00,2,3895.16,0,3895.16,7,DELIVERED,COD
O00247,C0094,P098,2023-07-13 0:00:00,5,6569.99,0,6569.99,11,Returned,Card
O00248,C0410,P039,2024-07-09 0:00:00,5,3564.77,10,3208.29,11,DELIVERED,UPI
O00249,C0145,P048,2025-09-20 0:00:00,5,6010.44,5,5709.92,9,Cancelled,COD
O00250,C0408,P072,2025-12-12 0:00:00,2,1472.97,5,1399.32,4,Returned,Wallet
O00251,C0473,P003,2025-09-09 0:00:00,1,4464.79,0,4464.79,3,DELIVERED,COD
O00252,C0268,P098,2024-12-01 0:00:00,3,1820.63,15,1547.54,10,delivered,COD
O00253,C0073,P089,2024-04-09 0:00:00,1,7572.37,0,7572.37,12,DELIVERED,Card
O00254,C0040,P003,2025-09-18 0:00:00,2,1737.07,0,1737.07,2,Cancelled,UPI
O00255,C0061,P033,2023-03-30 0:00:00,2,1524.27,20,1219.42,8,Delivered,COD
O00256,C0301,P026,2024-01-14 0:00:00,1,7668.23,0,7668.23,4,DELIVERED,UPI
O00257,C0181,P021,2025-10-22 0:00:00,1,1882.79,10,1694.51,6,Returned,Card
O00258,C0271,P028,2024-01-28 0:00:00,5,5917.24,0,5917.24,1,DELIVERED,Card
O00259,C0436,P091,2025-08-30 0:00:00,5,541.12,0,541.12,9,DELIVERED,Wallet
O00260,C0195,P055,2024-03-14 0:00:00,2,4676.83,0,4676.83,6,Returned,Card
O00261,C0267,P018,2025-10-12 0:00:00,4,1572.03,10,1414.83,2,DELIVERED,COD
O00262,C0198,P037,2025-07-24 0:00:00,5,7360.3,0,7360.3,2,Returned,COD
O00263,C0097,P009,2025-09-01 0:00:00,4,2645.8,15,2248.93,7,DELIVERED,Card
O00264,C0225,P067,2023-06-24 0:00:00,1,9987.87,15,8489.69,7,Delivered,Card
O00265,C0474,P022,2023-05-13 0:00:00,4,4305.93,20,3444.74,12,DELIVERED,Card
O00266,C0372,P064,2024-07-24 0:00:00,3,2402.5,15,2042.12,7,Returned,Wallet
O00267,C0309,P052,2025-09-19 0:00:00,3,7684.88,15,6532.15,11,Returned,COD
O00268,C0255,P030,2023-10-03 0:00:00,2,7796,0,7796,8,Delivered,UPI
O00269,C0196,P078,2024-10-31 0:00:00,1,8387.97,15,7129.77,3,delivered,COD
O00270,C0393,P064,2025-08-12 0:00:00,5,6420.71,0,6420.71,9,delivered,COD
O00271,C0280,P003,2023-03-06 0:00:00,4,5157.38,10,4641.64,9,Cancelled,UPI
O00272,C0017,P023,2026-02-14 0:00:00,4,4776.1,15,4059.69,1,DELIVERED,Card
O00273,C0392,P015,2026-03-11 0:00:00,4,4591.47,10,4132.32,8,Cancelled,Wallet
O00274,C0260,P008,2025-03-12 0:00:00,5,5936,15,5045.6,3,DELIVERED,Wallet
O00275,C0165,P008,2023-02-27 0:00:00,5,9723.27,20,7778.62,5,Returned,UPI
O00276,C0014,P098,2024-11-29 0:00:00,2,8450.87,10,7605.78,10,Cancelled,UPI
O00277,C0339,P032,2024-05-22 0:00:00,4,3778.86,10,3400.97,1,delivered,COD
O00278,C0173,P022,2023-02-10 0:00:00,5,1306.95,0,1306.95,2,Returned,COD
O00279,C0137,P003,2025-08-19 0:00:00,1,4878.64,15,4146.84,7,Returned,UPI
O00280,C0414,P063,2023-07-24 0:00:00,3,4088.51,15,3475.23,2,delivered,COD
O00281,C0187,P056,2024-02-18 0:00:00,4,5276.3,10,4748.67,5,Cancelled,UPI
O00282,C0206,P029,2023-07-08 0:00:00,5,2533.76,10,2280.38,10,Returned,UPI
O00283,C0244,P055,2024-03-05 0:00:00,5,3699.96,0,3699.96,9,DELIVERED,UPI
O00284,C0161,P026,2025-04-28 0:00:00,3,5294.08,10,4764.67,9,Cancelled,COD
O00285,C0322,P091,2025-11-23 0:00:00,5,5396.01,20,4316.81,1,delivered,Wallet
O00286,C0273,P079,2025-06-07 0:00:00,4,2523.05,15,2144.59,11,Returned,UPI
O00287,C0383,P088,2024-09-06 0:00:00,5,2406.16,15,2045.24,3,Cancelled,Wallet
O00288,C0137,P037,2023-11-25 0:00:00,3,8671.77,0,8671.77,7,DELIVERED,Wallet
O00289,C0126,P040,2025-08-08 0:00:00,2,4355.73,0,4355.73,1,Cancelled,Wallet
O00290,C0070,P004,2024-06-13 0:00:00,4,4509.18,0,4509.18,5,DELIVERED,Wallet
O00291,C0401,P003,2023-04-24 0:00:00,2,6620.79,0,6620.79,8,Delivered,COD
O00292,C0460,P047,2023-07-04 0:00:00,5,3330.8,0,3330.8,7,Cancelled,Card
O00293,C0341,P075,2025-12-11 0:00:00,2,1563.36,20,1250.69,9,DELIVERED,Wallet
O00294,C0169,P075,2025-03-09 0:00:00,1,2761.73,0,2761.73,6,delivered,Wallet
O00295,C0226,P053,2024-06-04 0:00:00,2,1870.64,5,1777.11,5,Returned,UPI
O00296,C0244,P088,2024-05-19 0:00:00,4,5567.96,0,5567.96,7,DELIVERED,Card
O00297,C0331,P078,2023-03-13 0:00:00,3,5014.61,10,4513.15,1,Delivered,Card
O00298,C0186,P088,2023-09-07 0:00:00,3,5750.92,10,5175.83,12,Returned,Card
O00299,C0155,P012,2024-04-27 0:00:00,4,4190.47,15,3561.9,5,DELIVERED,Card
O00300,C0209,P005,2024-07-15 0:00:00,2,9200.96,10,8280.86,11,Delivered,Wallet
O00301,C0423,P021,2024-06-18 0:00:00,4,7500.95,10,6750.85,2,Returned,UPI
O00302,C0356,P004,2023-04-17 0:00:00,3,4498.27,20,3598.62,8,delivered,Wallet
O00303,C0295,P011,2023-08-15 0:00:00,2,529.22,5,502.76,6,delivered,Card
O00304,C0211,P041,2025-07-13 0:00:00,5,7278.86,5,6914.92,11,Cancelled,Card
O00305,C0102,P011,2025-04-28 0:00:00,3,2148.05,20,1718.44,5,DELIVERED,Card
O00306,C0473,P072,2024-04-13 0:00:00,4,8825.71,20,7060.57,1,Delivered,Wallet
O00307,C0220,P077,2024-06-16 0:00:00,2,2986.94,5,2837.59,10,delivered,UPI
O00308,C0270,P056,2025-07-18 0:00:00,3,2116.17,20,1692.94,12,Cancelled,UPI
O00309,C0148,P096,2025-10-09 0:00:00,2,7278.86,5,6914.92,5,Cancelled,Card
O00310,C0373,P087,2024-01-23 0:00:00,4,8635.21,20,6908.17,5,Cancelled,Card
O00311,C0121,P080,2025-07-12 0:00:00,4,8028.4,0,8028.4,5,delivered,COD
O00312,C0069,P042,2025-03-25 0:00:00,5,7000.54,15,5950.46,8,delivered,Wallet
O00313,C0031,P007,2024-11-12 0:00:00,4,7492.99,10,6743.69,9,delivered,Wallet
O00314,C0003,P033,2025-10-30 0:00:00,3,9969.02,20,7975.22,1,Returned,Wallet
O00315,C0022,P075,2024-01-03 0:00:00,3,9786.48,10,8807.83,9,DELIVERED,Card
O00316,C0046,P041,2025-12-22 0:00:00,5,5181.98,10,4663.78,3,Cancelled,Card
O00317,C0447,P036,2025-01-08 0:00:00,3,1610,0,1610,8,Cancelled,COD
O00318,C0458,P022,2024-10-08 0:00:00,3,6322.85,10,5690.57,7,Cancelled,Card
O00319,C0028,P030,2024-01-11 0:00:00,5,8603.82,15,7313.25,3,Delivered,Wallet
O00320,C0021,P057,2024-12-31 0:00:00,3,2053.77,15,1745.7,8,Returned,Wallet
O00321,C0105,P037,2024-01-05 0:00:00,4,5183.39,5,4924.22,2,delivered,Wallet
O00322,C0270,P099,2026-03-14 0:00:00,3,5850.85,20,4680.68,1,delivered,Wallet
O00323,C0014,P037,2023-09-07 0:00:00,1,2838.5,15,2412.72,6,Cancelled,COD
O00324,C0015,P011,2025-07-31 0:00:00,5,9326.91,0,9326.91,3,Cancelled,Wallet
O00325,C0336,P080,2025-07-16 0:00:00,3,6144.94,0,6144.94,1,DELIVERED,Wallet
O00326,C0166,P008,2023-05-25 0:00:00,2,2507.99,0,2507.99,5,Returned,Wallet
O00327,C0046,P003,2024-03-02 0:00:00,4,1379.23,10,1241.31,7,delivered,Wallet
O00328,C0411,P056,2024-09-27 0:00:00,4,3206.89,5,3046.55,8,Returned,Card
O00329,C0229,P050,2025-09-02 0:00:00,3,6822.44,10,6140.2,8,DELIVERED,Wallet
O00330,C0096,P056,2025-05-22 0:00:00,5,4519.17,15,3841.29,10,Delivered,UPI
O00331,C0352,P092,2023-11-14 0:00:00,5,3746.58,15,3184.59,11,Cancelled,Wallet
O00332,C0154,P020,2023-09-19 0:00:00,5,1297.72,15,1103.06,8,DELIVERED,Card
O00333,C0470,P006,2025-11-17 0:00:00,5,4563.45,20,3650.76,2,Delivered,Wallet
O00334,C0417,P033,2024-12-28 0:00:00,4,4423.68,15,3760.13,10,DELIVERED,Wallet
O00335,C0237,P023,2024-01-09 0:00:00,1,7802.14,0,7802.14,11,Cancelled,UPI
O00336,C0233,P097,2025-07-10 0:00:00,1,4454.39,10,4008.95,12,Returned,COD
O00337,C0383,P078,2024-06-15 0:00:00,3,9683.84,5,9199.65,2,Delivered,Wallet
O00338,C0336,P062,2025-07-31 0:00:00,5,670.19,15,569.66,3,Cancelled,Wallet
O00339,C0494,P089,2025-03-19 0:00:00,4,3376.6,20,2701.28,11,DELIVERED,UPI
O00340,C0357,P025,2023-02-24 0:00:00,2,1783.58,5,1694.4,1,delivered,Wallet
O00341,C0098,P012,2024-09-08 0:00:00,2,6672.53,15,5671.65,9,Cancelled,Card
O00342,C0379,P090,2025-06-30 0:00:00,4,4507.85,0,4507.85,3,Cancelled,Wallet
O00343,C0292,P051,2023-04-15 0:00:00,1,8668.07,20,6934.46,5,DELIVERED,UPI
O00344,C0378,P075,2026-02-09 0:00:00,1,6488.89,15,5515.56,8,DELIVERED,UPI
O00345,C0479,P087,2025-09-26 0:00:00,4,4296.96,20,3437.57,10,delivered,UPI
O00346,C0138,P083,2025-05-04 0:00:00,5,680.69,20,544.55,2,Cancelled,UPI
O00347,C0011,P021,2024-08-12 0:00:00,4,6415.62,10,5774.06,7,delivered,Wallet
O00348,C0174,P078,2025-08-17 0:00:00,3,4662.05,20,3729.64,11,delivered,COD
O00349,C0319,P027,2024-08-01 0:00:00,4,9618.13,10,8656.32,3,Delivered,Wallet
O00350,C0407,P054,2025-10-08 0:00:00,2,2146.27,5,2038.96,2,DELIVERED,Card
O00351,C0183,P087,2023-11-21 0:00:00,2,5789.89,0,5789.89,5,delivered,Wallet
O00352,C0117,P016,2026-02-24 0:00:00,1,8164.75,10,7348.28,10,delivered,Wallet
O00353,C0137,P020,2025-11-21 0:00:00,3,9939.8,10,8945.82,9,Returned,UPI
O00354,C0500,P014,2023-07-28 0:00:00,1,9303,15,7907.55,2,Returned,UPI
O00355,C0081,P094,2024-08-21 0:00:00,5,1501.41,0,1501.41,6,Cancelled,Wallet
O00356,C0172,P018,2023-09-09 0:00:00,4,7459.24,0,7459.24,6,delivered,Wallet
O00357,C0175,P037,2025-10-31 0:00:00,4,7807.58,0,7807.58,8,delivered,UPI
O00358,C0126,P020,2025-12-20 0:00:00,3,4038.15,15,3432.43,11,Cancelled,Card
O00359,C0488,P067,2025-01-10 0:00:00,2,8116.8,15,6899.28,8,Delivered,Wallet
O00360,C0174,P041,2025-04-02 0:00:00,2,7816.44,20,6253.15,2,delivered,Wallet
O00361,C0078,P074,2023-04-29 0:00:00,1,4236.03,0,4236.03,11,Returned,COD
O00362,C0381,P041,2024-12-05 0:00:00,4,4319.03,20,3455.22,12,Delivered,COD
O00363,C0330,P027,2026-01-19 0:00:00,5,6298.81,5,5983.87,8,Returned,Wallet
O00364,C0044,P005,2026-01-05 0:00:00,4,7125.97,15,6057.07,5,DELIVERED,Wallet
O00365,C0262,P071,2024-10-01 0:00:00,2,5444.46,20,4355.57,2,Returned,COD
O00366,C0427,P100,2024-09-14 0:00:00,2,722.51,20,578.01,4,Cancelled,Wallet
O00367,C0182,P016,2023-04-08 0:00:00,1,7453.87,10,6708.48,9,Delivered,Wallet
O00368,C0413,P096,2026-04-06 0:00:00,3,5938.14,0,5938.14,4,Returned,Wallet
O00369,C0294,P087,2023-10-14 0:00:00,5,2721.46,10,2449.31,12,Cancelled,Wallet
O00370,C0233,P013,2023-10-28 0:00:00,2,1499.66,20,1199.73,6,Cancelled,Wallet
O00371,C0110,P058,2023-06-09 0:00:00,1,1376.36,15,1169.91,8,DELIVERED,Wallet
O00372,C0300,P064,2025-05-17 0:00:00,4,6088.27,20,4870.62,5,Cancelled,Wallet
O00373,C0365,P059,2023-09-22 0:00:00,4,8326.21,5,7909.9,8,Returned,Wallet
O00374,C0081,P072,2025-01-26 0:00:00,1,7097.47,15,6032.85,12,Delivered,Wallet
O00375,C0268,P020,2023-08-30 0:00:00,4,1548.19,10,1393.37,1,DELIVERED,COD
O00376,C0073,P076,2025-05-13 0:00:00,3,3380.97,15,2873.82,3,Delivered,COD
O00377,C0179,P009,2023-04-02 0:00:00,3,2548.02,15,2165.82,6,Cancelled,Wallet
O00378,C0244,P093,2023-09-29 0:00:00,5,3442.17,15,2925.84,7,delivered,Wallet
O00379,C0167,P012,2025-04-18 0:00:00,4,7735.95,15,6575.56,12,Cancelled,Card
O00380,C0377,P036,2023-07-01 0:00:00,4,3720.48,0,3720.48,8,delivered,UPI
O00381,C0330,P072,2023-06-24 0:00:00,5,6486.04,10,5837.44,2,delivered,Wallet
O00382,C0097,P097,2025-09-01 0:00:00,5,5980.13,0,5980.13,9,Returned,UPI
O00383,C0141,P027,2024-05-17 0:00:00,1,6753.42,20,5402.74,1,Returned,Wallet
O00384,C0024,P063,2023-02-17 0:00:00,1,8165.75,20,6532.6,10,DELIVERED,Wallet
O00385,C0047,P015,2023-07-23 0:00:00,2,4441.9,20,3553.52,5,Returned,Card
O00386,C0158,P053,2023-12-13 0:00:00,3,1868.33,10,1681.5,3,Delivered,Wallet
O00387,C0164,P019,2025-04-25 0:00:00,3,2223.85,0,2223.85,2,DELIVERED,COD
O00388,C0386,P077,2026-04-15 0:00:00,4,9444.99,0,9444.99,4,delivered,Wallet
O00389,C0032,P041,2025-08-09 0:00:00,5,7647.7,15,6500.55,5,Returned,Wallet
O00390,C0138,P071,2026-04-15 0:00:00,1,5099.63,15,4334.69,1,Delivered,Card
O00391,C0229,P011,2025-10-21 0:00:00,5,6689.73,5,6355.24,7,delivered,Card
O00392,C0488,P055,2026-02-10 0:00:00,3,5634.18,5,5352.47,9,Cancelled,UPI
O00393,C0001,P008,2025-09-14 0:00:00,1,8220.12,20,6576.1,3,DELIVERED,Wallet
O00394,C0109,P075,2025-11-11 0:00:00,3,8475.13,15,7203.86,11,DELIVERED,UPI
O00395,C0203,P090,2023-09-09 0:00:00,2,7522.24,20,6017.79,2,delivered,Wallet
O00396,C0453,P088,2024-12-02 0:00:00,3,8843.65,5,8401.47,6,DELIVERED,Wallet
O00397,C0492,P077,2024-11-03 0:00:00,3,2836.32,10,2552.69,8,Delivered,Card
O00398,C0089,P053,2026-02-12 0:00:00,1,6283.47,0,6283.47,11,Cancelled,Wallet
O00399,C0228,P087,2023-09-10 0:00:00,5,1270.91,0,1270.91,11,DELIVERED,Wallet
O00400,C0005,P016,2025-08-05 0:00:00,5,3900.67,5,3705.64,12,DELIVERED,Card
O00401,C0472,P091,2025-01-02 0:00:00,4,588.95,0,588.95,11,delivered,UPI
O00402,C0496,P047,2023-03-17 0:00:00,5,6439.75,5,6117.76,8,DELIVERED,Wallet
O00403,C0203,P015,2024-07-22 0:00:00,5,2486.32,5,2362,11,Returned,Wallet
O00404,C0345,P088,2026-03-03 0:00:00,4,2119.53,5,2013.55,10,delivered,UPI
O00405,C0439,P030,2025-12-07 0:00:00,5,1718.34,0,1718.34,10,DELIVERED,Card
O00406,C0287,P059,2023-01-05 0:00:00,1,9923.54,20,7938.83,11,Cancelled,UPI
O00407,C0266,P060,2025-10-11 0:00:00,3,4609.21,15,3917.83,11,DELIVERED,Wallet
O00408,C0273,P058,2024-10-09 0:00:00,1,8896.12,5,8451.31,7,Delivered,Wallet
O00409,C0116,P089,2025-05-17 0:00:00,2,3679.71,20,2943.77,12,Delivered,Card
O00410,C0050,P004,2025-09-09 0:00:00,2,2062.57,10,1856.31,11,Cancelled,UPI
O00411,C0056,P061,2024-05-03 0:00:00,5,8073.6,10,7266.24,4,DELIVERED,UPI
O00412,C0318,P057,2023-07-15 0:00:00,3,5436.91,5,5165.06,10,Cancelled,Wallet
O00413,C0161,P089,2023-05-14 0:00:00,1,1312.58,0,1312.58,7,delivered,UPI
O00414,C0053,P087,2023-04-25 0:00:00,4,1020.49,20,816.39,2,Returned,UPI
O00415,C0120,P077,2023-01-22 0:00:00,3,8574.33,15,7288.18,7,Cancelled,Wallet
O00416,C0334,P087,2023-02-23 0:00:00,4,8054.06,20,6443.25,6,Cancelled,Wallet
O00417,C0366,P009,2024-02-01 0:00:00,3,6084.23,0,6084.23,10,Returned,Card
O00418,C0228,P024,2024-05-12 0:00:00,5,2934.72,15,2494.51,10,delivered,UPI
O00419,C0387,P046,2024-09-29 0:00:00,1,1712.97,20,1370.38,11,Returned,Wallet
O00420,C0189,P002,2025-11-26 0:00:00,2,1900.39,10,1710.35,5,Returned,Card
O00421,C0177,P026,2024-02-15 0:00:00,1,2755.18,20,2204.14,7,delivered,UPI
O00422,C0308,P089,2024-11-09 0:00:00,3,2298.88,15,1954.05,8,Returned,Wallet
O00423,C0233,P006,2025-10-12 0:00:00,3,6352.98,15,5400.03,2,delivered,UPI
O00424,C0247,P095,2024-11-09 0:00:00,2,7085.6,15,6022.76,4,Cancelled,Card
O00425,C0184,P004,2026-02-10 0:00:00,4,2250.32,0,2250.32,2,Delivered,Card
O00426,C0023,P004,2024-02-12 0:00:00,3,4683.88,20,3747.1,6,delivered,COD
O00427,C0434,P071,2024-05-18 0:00:00,2,2579.98,10,2321.98,6,delivered,Card
O00428,C0426,P087,2023-10-09 0:00:00,1,2172.74,10,1955.47,1,Cancelled,UPI
O00429,C0415,P048,2023-12-17 0:00:00,3,9393.08,10,8453.77,6,Returned,Wallet
O00430,C0407,P025,2024-01-28 0:00:00,4,8844.68,0,8844.68,3,Returned,Wallet
O00431,C0472,P006,2024-01-23 0:00:00,3,3520.54,15,2992.46,4,Returned,COD
O00432,C0447,P017,2025-11-06 0:00:00,2,3612.97,0,3612.97,5,Returned,Wallet
O00433,C0034,P022,2025-11-07 0:00:00,2,7409.34,15,6297.94,10,Cancelled,Wallet
O00434,C0192,P068,2025-09-16 0:00:00,3,5236.58,15,4451.09,12,Cancelled,Wallet
O00435,C0113,P026,2025-07-14 0:00:00,3,6021.27,20,4817.02,4,delivered,Wallet
O00436,C0131,P071,2023-06-23 0:00:00,2,3406.99,15,2895.94,6,delivered,UPI
O00437,C0239,P066,2024-11-19 0:00:00,3,4722.8,10,4250.52,1,Cancelled,Wallet
O00438,C0140,P049,2023-02-20 0:00:00,4,4608.8,10,4147.92,6,delivered,Wallet
O00439,C0151,P065,2025-11-16 0:00:00,2,3023.44,0,3023.44,2,Returned,UPI
O00440,C0020,P070,2024-02-15 0:00:00,3,9302.76,0,9302.76,6,DELIVERED,Card
O00441,C0071,P097,2026-01-17 0:00:00,3,2875.22,10,2587.7,10,DELIVERED,UPI
O00442,C0485,P052,2026-04-02 0:00:00,3,3177.53,10,2859.78,7,Delivered,Wallet
O00443,C0117,P093,2024-03-05 0:00:00,5,9898.11,5,9403.2,4,Cancelled,Card
O00444,C0417,P060,2024-11-28 0:00:00,5,6076.53,20,4861.22,12,Delivered,COD
O00445,C0437,P072,2023-03-03 0:00:00,2,4573.53,15,3887.5,8,DELIVERED,Card
O00446,C0256,P085,2024-12-27 0:00:00,5,8800.63,10,7920.57,1,DELIVERED,Card
O00447,C0276,P039,2024-10-29 0:00:00,4,4544.33,15,3862.68,12,Returned,UPI
O00448,C0291,P081,2026-03-21 0:00:00,5,7960.9,5,7562.85,6,Cancelled,Wallet
O00449,C0244,P014,2024-11-04 0:00:00,2,9512.58,0,9512.58,4,Returned,Wallet
O00450,C0017,P089,2025-09-27 0:00:00,3,1385.79,0,1385.79,3,Delivered,Card
O00451,C0150,P085,2025-12-09 0:00:00,2,1160.16,15,986.14,4,Delivered,Wallet
O00452,C0201,P021,2023-08-15 0:00:00,1,4002.2,0,4002.2,7,delivered,Wallet
O00453,C0067,P027,2024-09-26 0:00:00,4,5043.39,0,5043.39,4,Cancelled,Wallet
O00454,C0367,P088,2025-07-28 0:00:00,2,6235.24,10,5611.72,9,DELIVERED,Card
O00455,C0310,P032,2025-12-12 0:00:00,1,9915.31,15,8428.01,7,DELIVERED,Wallet
O00456,C0148,P083,2025-07-23 0:00:00,4,4871.94,20,3897.55,2,DELIVERED,COD
O00457,C0461,P080,2025-06-03 0:00:00,4,6323.76,5,6007.57,3,Cancelled,Wallet
O00458,C0123,P021,2024-07-14 0:00:00,2,7135.96,0,7135.96,1,Returned,COD
O00459,C0391,P071,2023-09-06 0:00:00,1,7131.42,5,6774.85,7,DELIVERED,UPI
O00460,C0130,P027,2025-11-02 0:00:00,1,5291.75,10,4762.57,3,Delivered,Wallet
O00461,C0205,P025,2025-03-23 0:00:00,1,1195.36,15,1016.06,12,Delivered,UPI
O00462,C0238,P063,2025-08-02 0:00:00,3,1589.49,5,1510.02,12,Delivered,UPI
O00463,C0431,P021,2023-12-16 0:00:00,5,6741.71,15,5730.45,5,Delivered,Wallet
O00464,C0087,P010,2023-01-23 0:00:00,1,2183.75,0,2183.75,7,DELIVERED,Card
O00465,C0273,P028,2025-06-24 0:00:00,4,3901.83,5,3706.74,11,Delivered,Wallet
O00466,C0003,P007,2025-02-11 0:00:00,1,4210.87,10,3789.78,10,delivered,Card
O00467,C0015,P002,2024-11-21 0:00:00,3,9133.19,5,8676.53,7,delivered,UPI
O00468,C0086,P093,2023-12-09 0:00:00,2,9608.08,0,9608.08,11,Delivered,Wallet
O00469,C0098,P080,2024-02-29 0:00:00,5,1523,10,1370.7,11,Returned,Wallet
O00470,C0089,P002,2025-04-03 0:00:00,4,1647.64,5,1565.26,6,DELIVERED,UPI
O00471,C0333,P080,2025-01-25 0:00:00,4,2521.3,5,2395.24,5,Delivered,UPI
O00472,C0365,P069,2026-03-11 0:00:00,2,4405.42,20,3524.34,2,delivered,COD
O00473,C0069,P043,2023-12-26 0:00:00,1,6198.74,15,5268.93,12,DELIVERED,Wallet
O00474,C0196,P066,2024-04-21 0:00:00,1,3683.5,20,2946.8,8,Returned,Wallet
O00475,C0159,P031,2025-05-27 0:00:00,1,2709.76,20,2167.81,2,delivered,Wallet
O00476,C0078,P049,2024-02-23 0:00:00,1,1069.27,10,962.34,4,Delivered,Card
O00477,C0069,P036,2024-10-12 0:00:00,5,9891.24,15,8407.55,6,Delivered,Wallet
O00478,C0434,P094,2024-11-09 0:00:00,4,6656.44,10,5990.8,4,DELIVERED,Card
O00479,C0369,P029,2025-02-20 0:00:00,2,5623.46,5,5342.29,12,Returned,COD
O00480,C0036,P025,2023-04-17 0:00:00,2,4702.43,0,4702.43,8,delivered,Card
O00481,C0121,P065,2023-06-10 0:00:00,2,1371.71,20,1097.37,4,Cancelled,Wallet
O00482,C0311,P032,2024-09-12 0:00:00,3,2059.51,5,1956.53,3,DELIVERED,Wallet
O00483,C0041,P047,2025-03-26 0:00:00,4,9693.4,5,9208.73,8,Cancelled,Card
O00484,C0390,P020,2025-09-14 0:00:00,4,4693.07,20,3754.46,7,Delivered,Wallet
O00485,C0284,P094,2023-12-26 0:00:00,4,8613.4,10,7752.06,3,DELIVERED,Wallet
O00486,C0247,P010,2024-11-13 0:00:00,4,3405.55,10,3065,10,delivered,Wallet
O00487,C0257,P094,2025-02-05 0:00:00,2,1969.88,5,1871.39,11,Cancelled,Wallet
O00488,C0329,P076,2023-05-26 0:00:00,4,9432.71,10,8489.44,5,Cancelled,UPI
O00489,C0491,P033,2024-12-14 0:00:00,1,4155.85,20,3324.68,7,Returned,Wallet
O00490,C0127,P032,2025-09-05 0:00:00,3,7116.33,15,6048.88,12,Delivered,COD
O00491,C0484,P088,2023-10-29 0:00:00,1,7125.98,5,6769.68,8,DELIVERED,Card
O00492,C0330,P092,2025-02-26 0:00:00,5,5994.25,5,5694.54,2,Cancelled,Wallet
O00493,C0425,P055,2024-06-01 0:00:00,1,5426.1,5,5154.8,3,DELIVERED,Wallet
O00494,C0211,P097,2023-07-02 0:00:00,5,6755.62,15,5742.28,12,Delivered,Wallet
O00495,C0204,P090,2024-09-22 0:00:00,3,8235.17,10,7411.65,12,Delivered,Card
O00496,C0269,P054,2024-08-13 0:00:00,4,515,0,515,7,Cancelled,Card
O00497,C0258,P015,2025-07-11 0:00:00,2,4059.19,5,3856.23,3,Returned,Card
O00498,C0133,P053,2025-06-21 0:00:00,2,2408.94,5,2288.49,4,Returned,UPI
O00499,C0033,P044,2023-03-02 0:00:00,2,1258.19,0,1258.19,5,Returned,Card
O00500,C0385,P001,2026-04-07 0:00:00,4,5109.35,0,5109.35,2,Delivered,UPI
O00501,C0493,P098,2024-06-28 0:00:00,2,5462.18,0,5462.18,9,Cancelled,Wallet
O00502,C0162,P031,2025-01-09 0:00:00,3,6241.53,10,5617.38,6,Cancelled,Wallet
O00503,C0002,P059,2025-04-02 0:00:00,5,1043.79,10,939.41,2,delivered,UPI
O00504,C0385,P032,2025-01-24 0:00:00,5,1667.5,20,1334,12,Cancelled,Wallet
O00505,C0491,P042,2023-02-04 0:00:00,4,5391.68,5,5122.1,8,DELIVERED,UPI
O00506,C0379,P079,2023-06-16 0:00:00,3,6940.33,5,6593.31,7,DELIVERED,Wallet
O00507,C0311,P025,2023-10-21 0:00:00,4,9875.28,0,9875.28,5,Returned,Wallet
O00508,C0427,P087,2026-01-28 0:00:00,5,801.58,15,681.34,5,Cancelled,Card
O00509,C0125,P028,2023-12-16 0:00:00,4,9572.99,15,8137.04,4,Delivered,UPI
O00510,C0463,P050,2024-07-28 0:00:00,4,9936.93,0,9936.93,6,delivered,COD
O00511,C0325,P093,2025-10-04 0:00:00,4,9539.29,0,9539.29,9,Delivered,COD
O00512,C0194,P092,2025-02-20 0:00:00,2,9351.91,20,7481.53,6,Returned,Wallet
O00513,C0046,P044,2024-01-21 0:00:00,2,2623.73,0,2623.73,2,Delivered,Wallet
O00514,C0378,P001,2024-09-28 0:00:00,3,1710.47,10,1539.42,10,Delivered,Wallet
O00515,C0395,P047,2023-09-16 0:00:00,5,2303.65,15,1958.1,6,Returned,Wallet
O00516,C0236,P041,2023-10-24 0:00:00,5,2610.34,15,2218.79,11,DELIVERED,Card
O00517,C0383,P086,2023-03-12 0:00:00,4,6959.82,5,6611.83,3,Returned,COD
O00518,C0294,P062,2024-03-17 0:00:00,3,5272.59,0,5272.59,12,Cancelled,COD
O00519,C0108,P094,2024-04-05 0:00:00,4,1058.72,10,952.85,12,Delivered,Card
O00520,C0468,P021,2023-02-14 0:00:00,4,7410.26,10,6669.23,11,Returned,Wallet
O00521,C0201,P010,2025-12-17 0:00:00,3,4513.16,15,3836.19,7,DELIVERED,COD
O00522,C0166,P097,2026-04-03 0:00:00,2,7160.53,20,5728.42,3,Delivered,COD
O00523,C0248,P038,2023-10-24 0:00:00,4,6719.02,20,5375.22,12,delivered,Card
O00524,C0053,P087,2023-10-30 0:00:00,2,7485.53,0,7485.53,10,Cancelled,Wallet
O00525,C0092,P007,2023-08-29 0:00:00,2,9296.86,0,9296.86,8,Returned,COD
O00526,C0126,P005,2023-09-01 0:00:00,5,4621.3,5,4390.23,7,delivered,Wallet
O00527,C0382,P049,2023-07-03 0:00:00,4,3375.55,20,2700.44,11,Cancelled,Wallet
O00528,C0060,P011,2023-09-07 0:00:00,3,6507.17,15,5531.09,2,Cancelled,Wallet
O00529,C0141,P089,2023-07-13 0:00:00,2,718.75,20,575,8,Returned,Card
O00530,C0051,P042,2023-05-11 0:00:00,4,5099.82,15,4334.85,3,Returned,Card
O00531,C0402,P068,2025-09-27 0:00:00,4,8222.25,0,8222.25,9,Delivered,Wallet
O00532,C0495,P085,2023-08-29 0:00:00,5,5620.33,0,5620.33,4,delivered,Wallet
O00533,C0021,P017,2026-03-23 0:00:00,2,550.58,15,467.99,2,delivered,Card
O00534,C0260,P039,2025-01-14 0:00:00,1,5843.71,0,5843.71,2,Returned,Card
O00535,C0485,P067,2024-08-23 0:00:00,4,9782.48,0,9782.48,1,Returned,Wallet
O00536,C0311,P069,2025-11-11 0:00:00,2,5982.18,10,5383.96,6,delivered,UPI
O00537,C0491,P018,2026-02-04 0:00:00,1,2752.45,5,2614.83,4,delivered,Wallet
O00538,C0131,P034,2025-02-20 0:00:00,3,3135.26,20,2508.21,9,delivered,Wallet
O00539,C0074,P069,2024-02-22 0:00:00,4,1290.91,10,1161.82,12,Delivered,COD
O00540,C0310,P021,2025-05-09 0:00:00,2,7287.23,20,5829.78,9,delivered,COD
O00541,C0064,P069,2023-08-14 0:00:00,4,4099.95,20,3279.96,5,Returned,Wallet
O00542,C0399,P035,2023-10-27 0:00:00,1,3628.9,0,3628.9,6,delivered,COD
O00543,C0401,P016,2023-12-26 0:00:00,1,1430.5,5,1358.97,2,Returned,COD
O00544,C0359,P074,2024-07-31 0:00:00,5,8302.76,15,7057.35,6,Returned,COD
O00545,C0093,P045,2025-12-24 0:00:00,5,1441.13,0,1441.13,7,Returned,Wallet
O00546,C0263,P092,2023-11-15 0:00:00,4,5030.19,5,4778.68,11,delivered,Card
O00547,C0328,P048,2024-05-25 0:00:00,4,5891.83,10,5302.65,12,Returned,Wallet
O00548,C0147,P036,2025-05-26 0:00:00,4,2239.49,10,2015.54,9,Returned,Card
O00549,C0395,P041,2023-07-04 0:00:00,3,6538.53,0,6538.53,7,Delivered,UPI
O00550,C0381,P037,2026-02-08 0:00:00,2,9476.24,5,9002.43,2,Cancelled,UPI
O00551,C0351,P087,2025-12-26 0:00:00,4,6931.81,5,6585.22,9,Delivered,Wallet
O00552,C0274,P096,2024-12-07 0:00:00,1,6354.72,0,6354.72,12,delivered,Wallet
O00553,C0477,P098,2025-12-08 0:00:00,5,902.38,15,767.02,11,delivered,Card
O00554,C0217,P064,2025-02-15 0:00:00,1,3986.98,5,3787.63,1,delivered,COD
O00555,C0149,P039,2025-09-16 0:00:00,1,3710.61,5,3525.08,2,DELIVERED,COD
O00556,C0476,P083,2025-11-21 0:00:00,2,521.23,20,416.98,5,Delivered,Wallet
O00557,C0236,P043,2024-09-03 0:00:00,5,8559.34,0,8559.34,10,DELIVERED,UPI
O00558,C0052,P056,2025-10-04 0:00:00,1,3822.36,5,3631.24,1,delivered,UPI
O00559,C0004,P020,2024-05-27 0:00:00,5,5386.03,5,5116.73,8,delivered,Wallet
O00560,C0275,P035,2023-08-11 0:00:00,4,4055.94,10,3650.35,3,Cancelled,Wallet
O00561,C0446,P091,2024-02-11 0:00:00,2,1828.81,15,1554.49,12,Delivered,Card
O00562,C0462,P005,2023-11-25 0:00:00,3,882.43,15,750.07,6,delivered,Wallet
O00563,C0366,P017,2024-10-27 0:00:00,3,1628.53,15,1384.25,11,Cancelled,Wallet
O00564,C0080,P045,2025-10-21 0:00:00,4,1748.47,0,1748.47,3,Delivered,Card
O00565,C0378,P002,2025-06-08 0:00:00,1,6943.95,10,6249.56,10,Cancelled,COD
O00566,C0374,P066,2024-01-18 0:00:00,3,5116.33,15,4348.88,3,delivered,COD
O00567,C0102,P061,2023-07-31 0:00:00,1,8709.58,5,8274.1,7,Returned,Wallet
O00568,C0118,P016,2023-09-28 0:00:00,2,2292.36,20,1833.89,3,Cancelled,UPI
O00569,C0103,P012,2023-04-15 0:00:00,3,9908.79,5,9413.35,10,Cancelled,Wallet
O00570,C0246,P008,2025-11-10 0:00:00,5,3411.24,5,3240.68,7,Cancelled,UPI
O00571,C0365,P054,2024-05-20 0:00:00,3,1545.52,10,1390.97,6,DELIVERED,UPI
O00572,C0109,P037,2025-08-24 0:00:00,2,888.45,0,888.45,6,DELIVERED,Wallet
O00573,C0172,P039,2023-08-17 0:00:00,1,4593.62,10,4134.26,6,Delivered,UPI
O00574,C0415,P047,2025-12-19 0:00:00,5,7819.4,5,7428.43,12,Returned,COD
O00575,C0455,P014,2023-09-25 0:00:00,2,6677.36,5,6343.49,2,Returned,UPI
O00576,C0474,P013,2023-06-03 0:00:00,1,6072.33,5,5768.71,8,Returned,Wallet
O00577,C0274,P093,2023-11-11 0:00:00,3,3364.03,15,2859.43,4,Delivered,Card
O00578,C0500,P045,2025-01-19 0:00:00,2,4473.02,10,4025.72,9,Cancelled,UPI
O00579,C0405,P003,2023-12-08 0:00:00,4,1143.23,15,971.75,9,Returned,COD
O00580,C0098,P095,2025-03-25 0:00:00,2,3251.74,20,2601.39,12,Cancelled,Wallet
O00581,C0197,P072,2025-03-10 0:00:00,5,9729.61,5,9243.13,9,Cancelled,Wallet
O00582,C0304,P090,2023-01-19 0:00:00,3,2465.78,0,2465.78,4,Returned,Wallet
O00583,C0152,P091,2024-07-03 0:00:00,5,7223.66,20,5778.93,4,Returned,UPI
O00584,C0328,P019,2024-07-22 0:00:00,2,2627.33,20,2101.86,1,delivered,COD
O00585,C0274,P015,2023-01-03 0:00:00,1,6602.92,5,6272.77,4,DELIVERED,Wallet
O00586,C0210,P079,2024-08-26 0:00:00,3,3583.34,20,2866.67,3,DELIVERED,UPI
O00587,C0091,P033,2023-02-02 0:00:00,1,8327.35,5,7910.98,5,Returned,Wallet
O00588,C0446,P081,2026-02-02 0:00:00,1,7364.72,15,6260.01,5,delivered,Wallet
O00589,C0080,P058,2024-04-19 0:00:00,2,3580.5,5,3401.47,7,Cancelled,COD
O00590,C0095,P023,2024-01-22 0:00:00,2,9070.6,0,9070.6,8,Returned,Wallet
O00591,C0419,P051,2024-01-20 0:00:00,2,6651.86,0,6651.86,3,Delivered,Card
O00592,C0052,P093,2025-12-14 0:00:00,1,4550.75,15,3868.14,7,delivered,UPI
O00593,C0391,P083,2023-03-31 0:00:00,5,1447.43,15,1230.32,1,delivered,Card
O00594,C0491,P014,2026-01-15 0:00:00,1,3042.74,20,2434.19,1,DELIVERED,UPI
O00595,C0158,P043,2025-09-07 0:00:00,2,1822.69,20,1458.15,3,delivered,Card
O00596,C0011,P006,2023-07-30 0:00:00,1,5663.5,10,5097.15,2,Returned,COD
O00597,C0013,P030,2025-05-24 0:00:00,1,5359.65,15,4555.7,4,Cancelled,Card
O00598,C0197,P088,2023-08-19 0:00:00,3,6725.96,5,6389.66,11,Cancelled,Card
O00599,C0171,P016,2025-01-08 0:00:00,1,2632.96,10,2369.66,10,Delivered,UPI
O00600,C0093,P087,2025-05-20 0:00:00,5,1935.48,15,1645.16,10,delivered,COD
O00601,C0470,P064,2025-01-25 0:00:00,5,8266.84,10,7440.16,5,DELIVERED,UPI
O00602,C0164,P019,2025-03-10 0:00:00,1,8686.28,5,8251.97,3,Cancelled,Wallet
O00603,C0075,P012,2024-10-23 0:00:00,1,1575.06,15,1338.8,5,delivered,Card
O00604,C0499,P053,2024-11-13 0:00:00,4,3849.78,15,3272.31,12,delivered,Card
O00605,C0273,P069,2024-04-16 0:00:00,4,4477.27,15,3805.68,8,Cancelled,UPI
O00606,C0416,P096,2024-03-25 0:00:00,5,7291.75,20,5833.4,12,Delivered,Card
O00607,C0491,P018,2023-08-14 0:00:00,3,527.23,0,527.23,8,Delivered,COD
O00608,C0428,P071,2025-05-12 0:00:00,3,8563.14,5,8134.98,3,delivered,Card
O00609,C0361,P019,2025-02-12 0:00:00,2,1030.72,5,979.18,12,Delivered,Wallet
O00610,C0245,P077,2023-11-20 0:00:00,3,1013.79,0,1013.79,2,Delivered,Card
O00611,C0426,P054,2023-11-03 0:00:00,3,1842.14,5,1750.03,10,delivered,Wallet
O00612,C0173,P057,2023-01-28 0:00:00,2,7607.02,10,6846.32,12,DELIVERED,UPI
O00613,C0258,P021,2023-01-23 0:00:00,2,1070.01,0,1070.01,3,Cancelled,Wallet
O00614,C0157,P091,2024-04-10 0:00:00,4,5764.48,10,5188.03,9,Cancelled,Card
O00615,C0381,P028,2025-03-31 0:00:00,3,9744.66,20,7795.73,3,Returned,UPI
O00616,C0419,P089,2025-08-17 0:00:00,2,4226.76,20,3381.41,2,Cancelled,COD
O00617,C0332,P055,2024-02-03 0:00:00,4,8358.91,5,7940.96,6,DELIVERED,UPI
O00618,C0015,P031,2024-07-31 0:00:00,1,1239.18,20,991.34,6,delivered,Wallet
O00619,C0097,P071,2024-02-18 0:00:00,1,1120.53,20,896.42,5,Delivered,Card
O00620,C0405,P062,2023-04-04 0:00:00,3,1307.87,20,1046.3,10,Delivered,COD
O00621,C0491,P051,2025-10-21 0:00:00,1,9463.34,0,9463.34,5,delivered,COD
O00622,C0170,P053,2025-10-28 0:00:00,4,7394.04,5,7024.34,2,Delivered,Wallet
O00623,C0149,P021,2023-11-07 0:00:00,2,725.01,15,616.26,1,Cancelled,UPI
O00624,C0335,P019,2023-11-26 0:00:00,1,9551.77,5,9074.18,11,Returned,Wallet
O00625,C0174,P038,2025-01-07 0:00:00,5,6688.25,10,6019.43,3,Returned,Wallet
O00626,C0311,P010,2023-11-09 0:00:00,1,8961.46,15,7617.24,10,Returned,Wallet
O00627,C0281,P012,2025-10-18 0:00:00,1,8144.9,5,7737.65,5,Delivered,Wallet
O00628,C0296,P047,2024-12-24 0:00:00,3,2112.32,10,1901.09,5,Delivered,UPI
O00629,C0132,P098,2025-06-24 0:00:00,2,7251.22,15,6163.54,8,delivered,UPI
O00630,C0210,P080,2023-09-22 0:00:00,5,5138.46,10,4624.61,7,Cancelled,COD
O00631,C0212,P065,2025-07-10 0:00:00,5,8525.94,10,7673.35,11,DELIVERED,UPI
O00632,C0359,P072,2023-01-17 0:00:00,5,9785.6,0,9785.6,4,delivered,UPI
O00633,C0115,P050,2025-08-04 0:00:00,3,4070.31,20,3256.25,2,Delivered,COD
O00634,C0056,P011,2024-01-05 0:00:00,4,4950.64,20,3960.51,8,Delivered,Wallet
O00635,C0310,P063,2024-03-11 0:00:00,4,2394.97,10,2155.47,6,Cancelled,UPI
O00636,C0075,P082,2024-03-13 0:00:00,3,4818.5,20,3854.8,8,DELIVERED,Wallet
O00637,C0405,P056,2025-08-27 0:00:00,1,9884.2,15,8401.57,6,delivered,UPI
O00638,C0091,P011,2023-10-18 0:00:00,2,8746.2,15,7434.27,11,Delivered,COD
O00639,C0110,P086,2024-06-15 0:00:00,4,1276.24,15,1084.8,9,delivered,UPI
O00640,C0085,P026,2024-12-16 0:00:00,1,9002.09,15,7651.78,5,Cancelled,Wallet
O00641,C0182,P089,2026-03-14 0:00:00,4,5587.31,5,5307.94,7,Cancelled,UPI
O00642,C0342,P075,2023-10-24 0:00:00,5,7939.19,20,6351.35,12,DELIVERED,COD
O00643,C0443,P041,2023-08-21 0:00:00,1,1929.81,15,1640.34,8,Cancelled,COD
O00644,C0325,P058,2026-03-30 0:00:00,5,7361.72,15,6257.46,3,Delivered,UPI
O00645,C0397,P022,2025-02-12 0:00:00,2,7584.22,5,7205.01,9,delivered,COD
O00646,C0417,P047,2023-02-03 0:00:00,2,9547.58,20,7638.06,6,DELIVERED,COD
O00647,C0234,P053,2025-04-20 0:00:00,5,8280.99,0,8280.99,11,DELIVERED,COD
O00648,C0235,P055,2025-02-03 0:00:00,5,4545.57,10,4091.01,3,delivered,Wallet
O00649,C0353,P088,2025-06-14 0:00:00,5,2045.24,15,1738.45,11,DELIVERED,Wallet
O00650,C0316,P053,2023-08-01 0:00:00,1,9955.95,0,9955.95,1,Cancelled,Wallet
O00651,C0342,P038,2025-05-11 0:00:00,5,1447.17,15,1230.09,1,delivered,Card
O00652,C0487,P016,2024-12-19 0:00:00,4,5740.09,0,5740.09,8,Cancelled,Wallet
O00653,C0146,P035,2024-06-25 0:00:00,4,572.25,10,515.02,9,DELIVERED,Wallet
O00654,C0079,P048,2025-11-28 0:00:00,2,539.5,15,458.57,1,Returned,COD
O00655,C0285,P051,2024-01-30 0:00:00,3,2118.9,20,1695.12,4,Returned,Wallet
O00656,C0200,P094,2023-12-22 0:00:00,1,8112.65,20,6490.12,11,Cancelled,COD
O00657,C0259,P016,2026-03-27 0:00:00,5,2005.21,5,1904.95,3,Cancelled,COD
O00658,C0014,P056,2023-01-24 0:00:00,5,2011.01,10,1809.91,2,Returned,Card
O00659,C0293,P049,2023-02-21 0:00:00,1,6371.95,20,5097.56,2,delivered,Wallet
O00660,C0431,P032,2025-02-13 0:00:00,3,2272.27,5,2158.66,9,DELIVERED,UPI
O00661,C0297,P014,2023-08-16 0:00:00,3,1288.15,5,1223.74,11,Cancelled,Wallet
O00662,C0048,P010,2025-10-09 0:00:00,1,1517.23,10,1365.51,3,DELIVERED,Card
O00663,C0492,P081,2023-06-06 0:00:00,4,1456.38,0,1456.38,8,delivered,Wallet
O00664,C0153,P002,2024-01-01 0:00:00,4,8952.28,15,7609.44,3,Returned,Wallet
O00665,C0315,P077,2026-01-24 0:00:00,1,1613.47,10,1452.12,8,Delivered,Card
O00666,C0275,P003,2025-11-26 0:00:00,5,7546.12,0,7546.12,1,Returned,Card
O00667,C0168,P018,2024-03-26 0:00:00,2,8735.31,0,8735.31,1,Delivered,Card
O00668,C0363,P071,2024-08-25 0:00:00,3,3099.83,5,2944.84,6,Cancelled,Wallet
O00669,C0089,P026,2024-07-29 0:00:00,4,5370.24,15,4564.7,5,Cancelled,UPI
O00670,C0489,P093,2025-09-26 0:00:00,5,8034.96,20,6427.97,4,Cancelled,Wallet
O00671,C0056,P078,2025-02-23 0:00:00,4,6165.13,10,5548.62,10,Cancelled,Card
O00672,C0491,P066,2024-06-02 0:00:00,5,3852.7,0,3852.7,1,Returned,Wallet
O00673,C0059,P024,2024-10-22 0:00:00,3,6236.88,20,4989.5,1,Cancelled,Card
O00674,C0075,P100,2024-10-05 0:00:00,3,2830.52,5,2688.99,6,Delivered,UPI
O00675,C0408,P042,2024-04-21 0:00:00,3,7038.78,10,6334.9,10,Returned,UPI
O00676,C0288,P036,2023-06-03 0:00:00,4,3194.34,5,3034.62,2,Returned,Wallet
O00677,C0411,P064,2025-10-18 0:00:00,4,3518.94,10,3167.05,1,Delivered,COD
O00678,C0303,P050,2024-04-29 0:00:00,4,1632.96,15,1388.02,6,Returned,UPI
O00679,C0146,P017,2025-04-04 0:00:00,3,669.44,20,535.55,8,Delivered,Wallet
O00680,C0425,P054,2024-09-08 0:00:00,5,871.64,0,871.64,2,DELIVERED,COD
O00681,C0314,P007,2025-03-16 0:00:00,3,4303.27,20,3442.62,8,DELIVERED,Wallet
O00682,C0053,P004,2024-04-03 0:00:00,4,8562.39,0,8562.39,10,Delivered,UPI
O00683,C0224,P029,2023-12-15 0:00:00,2,1498.79,10,1348.91,12,Delivered,Card
O00684,C0445,P007,2024-06-15 0:00:00,3,8253.4,20,6602.72,12,Delivered,UPI
O00685,C0314,P049,2024-07-06 0:00:00,1,9497.88,0,9497.88,12,delivered,Card
O00686,C0386,P075,2025-04-26 0:00:00,5,4876.59,5,4632.76,3,Cancelled,UPI
O00687,C0500,P036,2024-10-21 0:00:00,5,5512.09,20,4409.67,8,Cancelled,Card
O00688,C0286,P032,2024-02-26 0:00:00,1,3006.21,10,2705.59,6,Delivered,UPI
O00689,C0420,P050,2024-01-20 0:00:00,4,1072.54,0,1072.54,8,Cancelled,UPI
O00690,C0440,P041,2024-09-30 0:00:00,3,2482.28,20,1985.82,9,Cancelled,Card
O00691,C0198,P058,2025-11-17 0:00:00,5,1503.77,5,1428.58,6,delivered,Wallet
O00692,C0488,P074,2023-07-29 0:00:00,2,1152.07,15,979.26,5,delivered,Wallet
O00693,C0096,P035,2023-02-28 0:00:00,1,7577.75,5,7198.86,8,Cancelled,Wallet
O00694,C0182,P056,2024-03-10 0:00:00,4,3843.59,0,3843.59,2,delivered,Wallet
O00695,C0190,P013,2023-04-11 0:00:00,5,4593.06,10,4133.75,5,Cancelled,Wallet
O00696,C0272,P078,2025-10-07 0:00:00,2,3293.06,15,2799.1,5,Returned,Wallet
O00697,C0059,P007,2023-03-15 0:00:00,1,6971.02,5,6622.47,4,Returned,COD
O00698,C0359,P092,2025-04-08 0:00:00,2,1125.55,0,1125.55,10,Cancelled,Wallet
O00699,C0403,P027,2024-12-12 0:00:00,1,2588.94,10,2330.05,3,DELIVERED,Wallet
O00700,C0319,P062,2024-09-17 0:00:00,3,7471.88,0,7471.88,12,delivered,Card
O00701,C0073,P002,2025-08-29 0:00:00,3,6973.7,5,6625.01,8,Cancelled,COD
O00702,C0348,P098,2023-01-20 0:00:00,1,2186.39,10,1967.75,3,Returned,COD
O00703,C0057,P006,2023-02-05 0:00:00,4,6040.01,15,5134.01,8,Returned,COD
O00704,C0052,P039,2024-11-18 0:00:00,2,5490.06,5,5215.56,2,Cancelled,Wallet
O00705,C0187,P059,2023-01-28 0:00:00,3,9903.03,10,8912.73,5,DELIVERED,COD
O00706,C0352,P067,2023-02-12 0:00:00,3,8968.04,20,7174.43,5,delivered,Wallet
O00707,C0126,P074,2025-06-01 0:00:00,2,6763.99,5,6425.79,1,DELIVERED,Card
O00708,C0450,P081,2026-01-20 0:00:00,1,2341.5,15,1990.27,5,Cancelled,Wallet
O00709,C0302,P054,2024-07-19 0:00:00,2,3020.44,10,2718.4,7,DELIVERED,Card
O00710,C0222,P059,2026-03-06 0:00:00,1,6005.41,10,5404.87,2,DELIVERED,COD
O00711,C0239,P088,2023-11-04 0:00:00,1,9709.96,15,8253.47,3,Returned,COD
O00712,C0034,P038,2023-02-01 0:00:00,5,5802.34,5,5512.22,5,Cancelled,UPI
O00713,C0157,P001,2025-05-31 0:00:00,2,3188.66,20,2550.93,8,DELIVERED,UPI
O00714,C0341,P099,2026-02-22 0:00:00,1,2888.62,10,2599.76,9,delivered,UPI
O00715,C0149,P029,2023-03-07 0:00:00,3,1855.12,5,1762.36,2,Cancelled,COD
O00716,C0458,P034,2024-09-10 0:00:00,2,8211.24,15,6979.55,2,Returned,COD
O00717,C0350,P099,2024-02-13 0:00:00,2,5857.12,10,5271.41,3,DELIVERED,Card
O00718,C0291,P081,2025-08-02 0:00:00,4,5765.7,10,5189.13,5,Returned,Card
O00719,C0227,P089,2024-10-03 0:00:00,4,7932.85,15,6742.92,9,Returned,COD
O00720,C0237,P004,2026-02-18 0:00:00,4,3864.84,15,3285.11,7,Delivered,Wallet
O00721,C0298,P066,2025-02-03 0:00:00,1,7680.64,20,6144.51,4,delivered,Wallet
O00722,C0065,P052,2023-01-13 0:00:00,5,9049.17,10,8144.25,7,Cancelled,Wallet
O00723,C0055,P043,2023-07-19 0:00:00,4,8472.38,0,8472.38,11,DELIVERED,Wallet
O00724,C0346,P066,2023-04-19 0:00:00,4,7060.63,0,7060.63,10,delivered,Wallet
O00725,C0328,P020,2024-09-08 0:00:00,2,5839.47,15,4963.55,11,DELIVERED,UPI
O00726,C0079,P078,2023-09-05 0:00:00,4,6424.81,5,6103.57,1,Returned,UPI
O00727,C0228,P051,2023-04-24 0:00:00,2,2440.79,15,2074.67,9,Delivered,COD
O00728,C0134,P079,2025-06-18 0:00:00,4,5095.34,5,4840.57,9,Returned,UPI
O00729,C0337,P031,2023-12-16 0:00:00,4,1889.34,0,1889.34,12,Returned,Wallet
O00730,C0492,P076,2025-10-06 0:00:00,2,5023.5,10,4521.15,2,DELIVERED,COD
O00731,C0076,P004,2024-08-03 0:00:00,4,4165.3,0,4165.3,7,Cancelled,UPI
O00732,C0334,P085,2025-06-29 0:00:00,5,4199.58,20,3359.66,11,Delivered,COD
O00733,C0184,P065,2025-10-27 0:00:00,2,4945.12,15,4203.35,3,delivered,COD
O00734,C0181,P084,2026-02-27 0:00:00,5,4210.93,0,4210.93,3,DELIVERED,Wallet
O00735,C0470,P083,2025-09-17 0:00:00,2,3144.23,10,2829.81,2,Cancelled,Wallet
O00736,C0398,P085,2025-12-12 0:00:00,5,6760.23,20,5408.18,9,DELIVERED,Card
O00737,C0425,P052,2023-05-19 0:00:00,3,6094.09,20,4875.27,10,Delivered,UPI
O00738,C0244,P042,2024-04-19 0:00:00,2,2701.19,0,2701.19,11,delivered,UPI
O00739,C0473,P009,2023-05-07 0:00:00,2,7417.55,15,6304.92,7,Returned,COD
O00740,C0311,P081,2023-03-02 0:00:00,1,855.47,0,855.47,6,delivered,COD
O00741,C0294,P072,2024-02-14 0:00:00,1,7137.89,15,6067.21,11,delivered,COD
O00742,C0083,P056,2025-12-18 0:00:00,4,4656.39,10,4190.75,12,delivered,UPI
O00743,C0458,P001,2025-01-06 0:00:00,5,730.31,0,730.31,3,Cancelled,Wallet
O00744,C0491,P094,2025-12-17 0:00:00,5,8712.67,10,7841.4,12,Cancelled,Card
O00745,C0317,P072,2023-10-10 0:00:00,2,5918.52,15,5030.74,6,Delivered,Wallet
O00746,C0401,P067,2024-09-02 0:00:00,4,6441.97,0,6441.97,3,Delivered,UPI
O00747,C0115,P038,2024-05-29 0:00:00,4,2690.45,20,2152.36,1,Cancelled,COD
O00748,C0274,P074,2024-05-09 0:00:00,1,8788.2,5,8348.79,2,Returned,Wallet
O00749,C0457,P015,2026-04-08 0:00:00,5,3466.27,20,2773.02,12,Cancelled,COD
O00750,C0455,P098,2023-05-02 0:00:00,1,806.61,15,685.62,6,delivered,Card
O00751,C0468,P008,2024-04-27 0:00:00,5,8259.24,10,7433.32,11,Cancelled,UPI
O00752,C0487,P054,2023-06-15 0:00:00,5,9091.08,0,9091.08,2,Returned,Wallet
O00753,C0260,P029,2024-12-18 0:00:00,2,3069.83,0,3069.83,8,Cancelled,Wallet
O00754,C0014,P100,2024-02-06 0:00:00,3,7924.65,5,7528.42,1,Returned,Wallet
O00755,C0199,P099,2025-02-11 0:00:00,4,6978.44,0,6978.44,1,delivered,Wallet
O00756,C0463,P048,2024-12-21 0:00:00,4,5720.68,0,5720.68,10,delivered,COD
O00757,C0006,P030,2025-04-25 0:00:00,4,9221.65,5,8760.57,10,Returned,Wallet
O00758,C0417,P008,2023-06-06 0:00:00,1,9913.92,0,9913.92,4,Delivered,Card
O00759,C0336,P032,2024-08-21 0:00:00,4,2215.64,0,2215.64,10,delivered,Wallet
O00760,C0129,P070,2024-02-26 0:00:00,4,5047.66,0,5047.66,2,Cancelled,COD
O00761,C0150,P084,2024-05-15 0:00:00,2,4713.65,10,4242.28,9,Returned,COD
O00762,C0462,P053,2025-09-22 0:00:00,3,7128.83,20,5703.06,6,DELIVERED,UPI
O00763,C0284,P027,2023-09-09 0:00:00,2,9164.47,20,7331.58,12,DELIVERED,Card
O00764,C0488,P015,2023-02-13 0:00:00,1,9790.14,15,8321.62,8,Cancelled,UPI
O00765,C0031,P036,2025-02-25 0:00:00,3,3140.69,15,2669.59,2,Cancelled,UPI
O00766,C0095,P085,2025-06-01 0:00:00,4,4154.3,0,4154.3,7,Returned,UPI
O00767,C0387,P044,2024-06-21 0:00:00,3,797.41,10,717.67,10,Returned,Card
O00768,C0401,P094,2023-04-27 0:00:00,1,3738.97,20,2991.18,7,Delivered,Wallet
O00769,C0238,P055,2026-03-18 0:00:00,4,9548.5,10,8593.65,9,Returned,Wallet
O00770,C0068,P002,2024-07-28 0:00:00,3,2044.21,15,1737.58,4,DELIVERED,UPI
O00771,C0020,P079,2024-07-15 0:00:00,2,7827.72,10,7044.95,7,DELIVERED,COD
O00772,C0292,P085,2024-10-19 0:00:00,3,7933.05,20,6346.44,5,DELIVERED,Card
O00773,C0495,P046,2025-09-10 0:00:00,4,4895.88,15,4161.5,-2,Returned,Card
O00774,C0283,P041,2023-05-12 0:00:00,4,1056.56,0,1056.56,10,Cancelled,Card
O00775,C0066,P030,2023-12-24 0:00:00,3,7776.78,10,6999.1,8,delivered,Wallet
O00776,C0441,P057,2026-04-02 0:00:00,1,2710.39,0,2710.39,9,DELIVERED,UPI
O00777,C0500,P033,2023-02-03 0:00:00,5,7314.9,0,7314.9,5,DELIVERED,Wallet
O00778,C0228,P015,2025-11-12 0:00:00,1,6205.5,10,5584.95,9,Delivered,Card
O00779,C0213,P010,2025-05-23 0:00:00,2,3595,10,3235.5,11,DELIVERED,Card
O00780,C0460,P084,2025-02-06 0:00:00,1,3602.14,10,3241.93,7,Cancelled,COD
O00781,C0467,P076,2023-02-22 0:00:00,5,796,10,716.4,3,Delivered,Wallet
O00782,C0261,P075,2024-12-05 0:00:00,2,8176.33,20,6541.06,12,delivered,Wallet
O00783,C0041,P010,2024-04-04 0:00:00,5,809.7,5,769.22,11,Returned,Wallet
O00784,C0434,P068,2023-04-16 0:00:00,5,6488.08,15,5514.87,2,Returned,Wallet
O00785,C0151,P032,2024-11-04 0:00:00,5,5443.19,10,4898.87,10,delivered,COD
O00786,C0376,P053,2025-01-11 0:00:00,2,4830.3,0,4830.3,8,Delivered,COD
O00787,C0118,P058,2025-05-07 0:00:00,5,5303.61,10,4773.25,10,delivered,Wallet
O00788,C0346,P075,2023-10-10 0:00:00,2,9294.31,5,8829.59,7,Returned,COD
O00789,C0259,P019,2026-03-25 0:00:00,3,3744.93,0,3744.93,7,Cancelled,Card
O00790,C0135,P098,2026-02-09 0:00:00,2,8825.85,0,8825.85,7,Cancelled,UPI
O00791,C0038,P017,2025-11-20 0:00:00,2,8759.86,15,7445.88,3,Returned,Wallet
O00792,C0365,P038,2023-09-01 0:00:00,4,3866.49,15,3286.52,4,DELIVERED,COD
O00793,C0038,P095,2024-12-27 0:00:00,5,6283.2,0,6283.2,1,Cancelled,Wallet
O00794,C0359,P018,2024-01-11 0:00:00,4,7536.63,15,6406.14,8,Returned,Wallet
O00795,C0346,P084,2025-07-17 0:00:00,1,1946.44,0,1946.44,6,Cancelled,COD
O00796,C0119,P039,2025-10-07 0:00:00,4,2178.86,20,1743.09,2,DELIVERED,UPI
O00797,C0147,P042,2025-02-25 0:00:00,5,5417.94,20,4334.35,7,DELIVERED,Card
O00798,C0295,P079,2024-10-05 0:00:00,2,898.38,5,853.46,5,Delivered,COD
O00799,C0115,P022,2024-08-13 0:00:00,3,2073.13,10,1865.82,8,DELIVERED,Wallet
O00800,C0283,P066,2023-12-12 0:00:00,1,9282.9,10,8354.61,4,Delivered,Wallet
O00801,C0004,P063,2023-02-22 0:00:00,1,9618.64,20,7694.91,4,DELIVERED,Card
O00802,C0267,P017,2025-07-18 0:00:00,3,9447.16,20,7557.73,8,DELIVERED,UPI
O00803,C0443,P018,2024-07-24 0:00:00,1,4721.85,15,4013.57,2,Delivered,COD
O00804,C0081,P065,2024-11-17 0:00:00,1,7570.64,5,7192.11,6,DELIVERED,Wallet
O00805,C0457,P005,2025-06-06 0:00:00,5,6884.77,0,6884.77,6,Delivered,Wallet
O00806,C0019,P082,2023-01-17 0:00:00,3,2308.79,20,1847.03,11,delivered,Card
O00807,C0241,P020,2025-09-19 0:00:00,5,4073.99,5,3870.29,5,delivered,Wallet
O00808,C0384,P028,2023-01-07 0:00:00,3,1752.02,0,1752.02,12,Cancelled,UPI
O00809,C0215,P089,2024-06-22 0:00:00,4,5798.5,5,5508.57,1,Returned,Wallet
O00810,C0489,P024,2024-09-06 0:00:00,5,2729.8,10,2456.82,11,delivered,COD
O00811,C0247,P038,2023-07-17 0:00:00,4,5157.11,15,4383.54,9,delivered,UPI
O00812,C0218,P015,2023-12-27 0:00:00,3,4486.14,15,3813.22,11,Cancelled,COD
O00813,C0431,P063,2025-04-23 0:00:00,1,3802,15,3231.7,8,delivered,UPI
O00814,C0032,P072,2024-10-23 0:00:00,3,3045.28,5,2893.02,7,DELIVERED,COD
O00815,C0468,P007,2024-07-03 0:00:00,4,4218.09,15,3585.38,5,Cancelled,Card
O00816,C0114,P074,2023-12-08 0:00:00,3,6544.53,0,6544.53,7,Returned,Card
O00817,C0310,P070,2023-02-10 0:00:00,1,9504.84,20,7603.87,3,Delivered,Wallet
O00818,C0033,P084,2023-04-11 0:00:00,1,7914.12,10,7122.71,9,Returned,Card
O00819,C0441,P092,2024-04-14 0:00:00,3,5586.99,5,5307.64,7,DELIVERED,Card
O00820,C0482,P002,2023-03-15 0:00:00,3,3649.27,5,3466.81,4,Delivered,Wallet
O00821,C0155,P004,2024-04-16 0:00:00,1,5264.24,15,4474.6,5,delivered,UPI
O00822,C0419,P095,2024-07-06 0:00:00,3,7624.2,15,6480.57,3,Delivered,UPI
O00823,C0426,P070,2023-11-07 0:00:00,1,5292.84,15,4498.91,12,Delivered,Wallet
O00824,C0218,P066,2023-02-17 0:00:00,4,2345.7,20,1876.56,6,DELIVERED,COD
O00825,C0242,P049,2024-08-19 0:00:00,4,2425.33,10,2182.8,10,Cancelled,UPI
O00826,C0465,P090,2025-12-28 0:00:00,2,9685.42,20,7748.34,5,Returned,Card
O00827,C0391,P070,2023-08-10 0:00:00,4,663.52,15,563.99,6,Cancelled,Card
O00828,C0190,P062,2026-02-27 0:00:00,5,9764.31,15,8299.66,8,Delivered,COD
O00829,C0107,P063,2024-05-26 0:00:00,3,1865.83,0,1865.83,3,Delivered,Card
O00830,C0390,P030,2023-05-01 0:00:00,4,6356.64,15,5403.14,10,Cancelled,COD
O00831,C0165,P089,2026-03-03 0:00:00,4,3458.82,10,3112.94,1,Returned,Wallet
O00832,C0280,P064,2024-10-03 0:00:00,1,3047.38,5,2895.01,8,delivered,COD
O00833,C0376,P011,2023-08-04 0:00:00,4,7234.25,20,5787.4,12,Cancelled,UPI
O00834,C0063,P022,2024-02-09 0:00:00,4,1709.18,0,1709.18,12,Cancelled,UPI
O00835,C0250,P018,2026-01-25 0:00:00,1,8912.28,15,7575.44,9,Cancelled,Wallet
O00836,C0473,P087,2024-07-09 0:00:00,1,3319.13,15,2821.26,12,Returned,COD
O00837,C0149,P067,2024-02-23 0:00:00,5,8950.68,20,7160.54,3,Returned,COD
O00838,C0475,P096,2023-10-05 0:00:00,5,6242.92,15,5306.48,6,delivered,Wallet
O00839,C0035,P001,2024-09-30 0:00:00,4,593.3,15,504.3,8,delivered,Card
O00840,C0240,P077,2023-11-17 0:00:00,1,5608.45,10,5047.6,10,Delivered,COD
O00841,C0141,P037,2025-05-22 0:00:00,5,8891.76,10,8002.58,4,Returned,COD
O00842,C0278,P083,2024-02-19 0:00:00,3,6432.76,15,5467.85,9,Delivered,Wallet
O00843,C0289,P014,2023-09-17 0:00:00,2,1478.27,5,1404.36,5,Returned,Wallet
O00844,C0447,P079,2025-08-27 0:00:00,4,3636.52,20,2909.22,12,delivered,Card
O00845,C0076,P019,2023-12-04 0:00:00,1,7941.97,5,7544.87,10,Cancelled,UPI
O00846,C0218,P086,2025-08-24 0:00:00,3,1238.98,0,1238.98,8,DELIVERED,COD
O00847,C0397,P050,2025-08-29 0:00:00,5,7720.07,5,7334.07,7,DELIVERED,COD
O00848,C0490,P022,2024-07-22 0:00:00,5,3511.23,0,3511.23,4,delivered,Wallet
O00849,C0461,P056,2024-12-14 0:00:00,5,4695.64,10,4226.08,9,delivered,UPI
O00850,C0316,P072,2024-01-27 0:00:00,3,8626.04,10,7763.44,4,Cancelled,COD
O00851,C0270,P025,2023-01-12 0:00:00,2,9365.33,0,9365.33,6,Returned,COD
O00852,C0472,P002,2024-07-13 0:00:00,3,1394.03,10,1254.63,9,Delivered,COD
O00853,C0498,P074,2023-03-04 0:00:00,4,4283.79,10,3855.41,1,Cancelled,Wallet
O00854,C0385,P070,2023-08-01 0:00:00,4,5157.85,15,4384.17,11,Delivered,COD
O00855,C0446,P017,2023-06-19 0:00:00,1,6322.74,5,6006.6,3,Cancelled,UPI
O00856,C0143,P025,2023-02-04 0:00:00,1,4712.09,0,4712.09,9,DELIVERED,COD
O00857,C0265,P002,2025-04-05 0:00:00,2,9104.39,20,7283.51,6,Cancelled,UPI
O00858,C0043,P023,2025-06-27 0:00:00,1,2332.93,20,1866.34,5,Delivered,COD
O00859,C0383,P001,2024-09-29 0:00:00,5,2387.49,20,1909.99,11,DELIVERED,Wallet
O00860,C0045,P073,2025-08-06 0:00:00,3,1618.29,15,1375.55,12,Delivered,UPI
O00861,C0321,P003,2023-12-13 0:00:00,1,2233.76,0,2233.76,10,Delivered,Card
O00862,C0329,P025,2023-09-29 0:00:00,3,4873.32,5,4629.65,11,DELIVERED,UPI
O00863,C0162,P053,2024-04-07 0:00:00,4,7206.18,5,6845.87,10,delivered,COD
O00864,C0136,P012,2025-09-30 0:00:00,2,2182.56,10,1964.3,8,DELIVERED,Wallet
O00865,C0352,P022,2023-03-17 0:00:00,3,3814.16,20,3051.33,11,Returned,Wallet
O00866,C0178,P083,2024-08-14 0:00:00,2,5610.51,5,5329.98,7,delivered,COD
O00867,C0133,P028,2025-08-15 0:00:00,5,5740.31,10,5166.28,4,DELIVERED,UPI
O00868,C0301,P042,2025-02-01 0:00:00,1,5411.78,5,5141.19,8,Returned,Wallet
O00869,C0184,P002,2023-11-22 0:00:00,5,9062.11,10,8155.9,11,Cancelled,Wallet
O00870,C0157,P021,2025-08-14 0:00:00,3,3698.38,0,3698.38,6,Returned,Card
O00871,C0356,P056,2025-03-28 0:00:00,1,4670.58,20,3736.46,10,Cancelled,Card
O00872,C0206,P039,2023-03-24 0:00:00,3,7372.04,20,5897.63,11,delivered,Wallet
O00873,C0304,P004,2023-12-02 0:00:00,1,4499.37,10,4049.43,7,Returned,Card
O00874,C0385,P018,2023-09-24 0:00:00,3,8922.65,20,7138.12,10,DELIVERED,UPI
O00875,C0203,P022,2025-08-01 0:00:00,1,3438.1,5,3266.19,8,Delivered,Card
O00876,C0121,P027,2025-06-13 0:00:00,2,8888.07,10,7999.26,3,Delivered,Card
O00877,C0177,P013,2025-08-22 0:00:00,2,7004.78,10,6304.3,0,Returned,Wallet
O00878,C0125,P098,2023-07-16 0:00:00,2,9171.91,15,7796.12,12,Cancelled,Card
O00879,C0460,P037,2025-05-19 0:00:00,3,7748.92,5,7361.47,6,Returned,Wallet
O00880,C0014,P029,2023-12-31 0:00:00,5,1180.74,15,1003.63,10,delivered,COD
O00881,C0469,P010,2024-04-16 0:00:00,3,3728.58,0,3728.58,7,delivered,Wallet
O00882,C0197,P084,2024-01-04 0:00:00,2,920.36,10,828.32,6,Cancelled,Card
O00883,C0092,P021,2025-03-26 0:00:00,3,3455.37,15,2937.06,7,Returned,UPI
O00884,C0336,P052,2023-01-26 0:00:00,4,8159.17,10,7343.25,2,delivered,COD
O00885,C0249,P084,2025-04-02 0:00:00,2,5959.48,15,5065.56,1,Cancelled,UPI
O00886,C0258,P048,2025-08-27 0:00:00,3,4537.32,0,4537.32,8,DELIVERED,Wallet
O00887,C0389,P050,2023-06-13 0:00:00,3,1560.89,5,1482.85,9,delivered,UPI
O00888,C0417,P079,2025-07-20 0:00:00,3,9507.91,20,7606.33,9,Cancelled,UPI
O00889,C0188,P007,2025-01-26 0:00:00,4,3176.28,0,3176.28,8,DELIVERED,Wallet
O00890,C0151,P046,2025-05-04 0:00:00,3,6912.46,0,6912.46,3,Delivered,Wallet
O00891,C0375,P005,2025-12-24 0:00:00,3,3327.99,0,3327.99,6,Cancelled,Card
O00892,C0325,P064,2025-06-01 0:00:00,2,1298.45,0,1298.45,3,DELIVERED,COD
O00893,C0421,P068,2026-03-11 0:00:00,4,7045.42,5,6693.15,12,Cancelled,UPI
O00894,C0327,P013,2025-02-21 0:00:00,1,3602.59,0,3602.59,12,Returned,UPI
O00895,C0095,P096,2024-06-10 0:00:00,3,9310.69,10,8379.62,1,Delivered,Wallet
O00896,C0316,P066,2026-01-09 0:00:00,1,8039.63,20,6431.7,5,delivered,UPI
O00897,C0141,P096,2024-01-16 0:00:00,3,5946.69,5,5649.36,7,DELIVERED,Wallet
O00898,C0003,P053,2024-02-29 0:00:00,1,6243.91,5,5931.71,5,Delivered,Wallet
O00899,C0163,P013,2024-03-29 0:00:00,2,3110.3,15,2643.76,11,delivered,UPI
O00900,C0312,P059,2025-05-11 0:00:00,3,2600.05,20,2080.04,12,Returned,COD
O00901,C0164,P045,2025-06-29 0:00:00,5,4195.88,20,3356.7,6,delivered,Wallet
O00902,C0207,P005,2026-03-16 0:00:00,4,2501.06,5,2376.01,5,Delivered,Wallet
O00903,C0190,P039,2024-08-20 0:00:00,5,9857,0,9857,9,DELIVERED,Wallet
O00904,C0181,P073,2025-06-02 0:00:00,4,780.86,20,624.69,10,Cancelled,UPI
O00905,C0472,P069,2023-09-27 0:00:00,3,5786.18,15,4918.25,7,Cancelled,Wallet
O00906,C0293,P038,2024-01-01 0:00:00,1,1421.31,5,1350.24,2,delivered,Wallet
O00907,C0143,P041,2025-01-13 0:00:00,5,4380.9,5,4161.85,10,Delivered,COD
O00908,C0254,P097,2025-08-08 0:00:00,5,5588.46,15,4750.19,7,DELIVERED,Wallet
O00909,C0273,P043,2025-08-08 0:00:00,2,9277.15,5,8813.29,1,delivered,UPI
O00910,C0097,P082,2023-03-01 0:00:00,4,6011.5,15,5109.77,7,Returned,Card
O00911,C0293,P094,2025-04-17 0:00:00,2,6292.21,20,5033.77,10,Delivered,COD
O00912,C0047,P048,2023-02-16 0:00:00,5,2874.44,20,2299.55,11,Returned,Wallet
O00913,C0235,P048,2024-05-05 0:00:00,5,5357.69,5,5089.81,3,delivered,Wallet
O00914,C0106,P074,2025-08-02 0:00:00,2,3565.88,10,3209.29,1,Cancelled,Card
O00915,C0257,P083,2023-08-16 0:00:00,5,4714.71,5,4478.97,8,Returned,COD
O00916,C0350,P087,2025-04-12 0:00:00,2,2826.2,0,2826.2,-2,Returned,Wallet
O00917,C0276,P016,2025-12-29 0:00:00,4,1168.47,15,993.2,12,Delivered,Wallet
O00918,C0425,P093,2023-03-23 0:00:00,4,8363.66,0,8363.66,7,DELIVERED,Wallet
O00919,C0054,P019,2024-06-21 0:00:00,5,6478.05,15,5506.34,2,Returned,UPI
O00920,C0408,P062,2024-03-06 0:00:00,2,3981.41,10,3583.27,4,DELIVERED,UPI
O00921,C0252,P097,2024-05-16 0:00:00,3,6599.34,0,6599.34,12,DELIVERED,COD
O00922,C0133,P073,2024-07-17 0:00:00,3,7047.34,10,6342.61,12,Returned,UPI
O00923,C0289,P047,2024-08-19 0:00:00,2,1906.23,10,1715.61,6,DELIVERED,Card
O00924,C0151,P020,2023-09-21 0:00:00,5,6522,15,5543.7,11,delivered,Wallet
O00925,C0436,P028,2026-04-09 0:00:00,3,8661.9,10,7795.71,1,DELIVERED,Card
O00926,C0446,P067,2025-04-11 0:00:00,5,614.63,10,553.17,12,Cancelled,Wallet
O00927,C0161,P067,2025-02-05 0:00:00,2,9737.83,5,9250.94,9,Cancelled,Wallet
O00928,C0008,P086,2023-05-13 0:00:00,2,8772.43,15,7456.57,7,DELIVERED,Card
O00929,C0405,P016,2024-02-08 0:00:00,3,2461.08,5,2338.03,12,DELIVERED,Wallet
O00930,C0460,P030,2024-02-19 0:00:00,4,5909.38,0,5909.38,9,DELIVERED,UPI
O00931,C0284,P069,2026-01-06 0:00:00,4,6450.82,10,5805.74,5,Delivered,UPI
O00932,C0094,P089,2024-05-16 0:00:00,4,5883.67,5,5589.49,12,delivered,Wallet
O00933,C0047,P096,2024-01-25 0:00:00,2,882.21,20,705.77,5,Delivered,Card
O00934,C0390,P075,2025-09-04 0:00:00,5,3376.23,5,3207.42,10,Cancelled,UPI
O00935,C0038,P026,2025-09-06 0:00:00,5,8875.59,0,8875.59,11,Delivered,Wallet
O00936,C0307,P063,2024-09-06 0:00:00,1,5022.34,0,5022.34,4,Returned,UPI
O00937,C0399,P083,2024-02-03 0:00:00,5,4582.68,0,4582.68,8,Returned,Wallet
O00938,C0139,P064,2023-12-28 0:00:00,4,9926.26,10,8933.63,10,DELIVERED,Wallet
O00939,C0128,P044,2024-07-17 0:00:00,4,5384.9,10,4846.41,9,Returned,Wallet
O00940,C0250,P001,2024-10-15 0:00:00,3,6446.26,0,6446.26,3,Returned,Wallet
O00941,C0156,P013,2025-06-26 0:00:00,4,2049.74,0,2049.74,11,DELIVERED,Wallet
O00942,C0158,P065,2024-09-17 0:00:00,2,2339.16,0,2339.16,4,DELIVERED,Wallet
O00943,C0293,P087,2023-11-13 0:00:00,4,1477.71,10,1329.94,4,DELIVERED,Card
O00944,C0340,P021,2024-10-28 0:00:00,2,7780.78,5,7391.74,10,Returned,Wallet
O00945,C0242,P039,2025-01-29 0:00:00,5,7993.11,10,7193.8,5,delivered,COD
O00946,C0289,P051,2025-05-04 0:00:00,3,7403.74,10,6663.37,7,Delivered,Wallet
O00947,C0500,P059,2024-07-15 0:00:00,1,9702.46,10,8732.21,3,Delivered,Card
O00948,C0013,P042,2025-05-25 0:00:00,2,6789.52,10,6110.57,6,Cancelled,COD
O00949,C0258,P057,2024-07-15 0:00:00,5,5819.74,5,5528.75,10,Delivered,UPI
O00950,C0241,P006,2025-03-09 0:00:00,2,2023.97,15,1720.37,10,Cancelled,Card
O00951,C0029,P082,2024-12-02 0:00:00,3,9875.83,20,7900.66,2,DELIVERED,Wallet
O00952,C0451,P096,2023-06-01 0:00:00,3,4662.18,10,4195.96,3,DELIVERED,Wallet
O00953,C0288,P012,2025-06-16 0:00:00,2,8802.53,20,7042.02,4,delivered,COD
O00954,C0354,P003,2023-10-15 0:00:00,5,5692.56,10,5123.3,5,Delivered,COD
O00955,C0095,P042,2025-08-17 0:00:00,3,9098.48,15,7733.71,4,delivered,Wallet
O00956,C0478,P003,2023-10-15 0:00:00,3,3663.61,10,3297.25,12,Delivered,Wallet
O00957,C0031,P066,2025-02-03 0:00:00,4,4264.93,15,3625.19,9,Delivered,Wallet
O00958,C0405,P069,2025-10-04 0:00:00,4,9958.72,20,7966.98,6,DELIVERED,Wallet
O00959,C0400,P015,2025-12-25 0:00:00,3,6526.55,0,6526.55,9,delivered,Wallet
O00960,C0385,P010,2025-06-01 0:00:00,1,5952.29,15,5059.45,4,DELIVERED,Wallet
O00961,C0094,P083,2026-03-24 0:00:00,4,8948.88,5,8501.44,2,DELIVERED,Wallet
O00962,C0295,P038,2023-01-14 0:00:00,5,7920.57,15,6732.48,7,Returned,Wallet
O00963,C0439,P029,2026-04-11 0:00:00,1,581.11,10,523,5,DELIVERED,Wallet
O00964,C0474,P046,2026-03-27 0:00:00,4,6709.32,5,6373.85,10,delivered,Card
O00965,C0309,P006,2023-09-18 0:00:00,2,2458.37,5,2335.45,9,Returned,COD
O00966,C0107,P026,2024-09-12 0:00:00,1,3610.88,10,3249.79,11,delivered,Wallet
O00967,C0071,P057,2023-09-10 0:00:00,3,2713.3,5,2577.64,1,Cancelled,UPI
O00968,C0225,P052,2024-02-11 0:00:00,4,8741.56,5,8304.48,8,delivered,Wallet
O00969,C0468,P075,2025-11-23 0:00:00,5,8237.74,0,8237.74,9,Delivered,Card
O00970,C0384,P041,2025-04-30 0:00:00,2,1643.4,15,1396.89,6,delivered,Card
O00971,C0058,P059,2023-02-03 0:00:00,1,8098.02,10,7288.22,9,Delivered,Wallet
O00972,C0429,P009,2025-06-08 0:00:00,4,4302.93,0,4302.93,5,DELIVERED,Card
O00973,C0488,P036,2024-10-24 0:00:00,1,6679.11,15,5677.24,1,Delivered,Card
O00974,C0072,P089,2025-08-20 0:00:00,2,2184.9,0,2184.9,3,Delivered,UPI
O00975,C0422,P021,2025-05-08 0:00:00,5,8122.61,10,7310.35,7,delivered,Card
O00976,C0403,P021,2023-03-03 0:00:00,5,9670.35,5,9186.83,2,Cancelled,Card
O00977,C0319,P042,2023-02-28 0:00:00,3,4334.72,10,3901.25,5,Delivered,COD
O00978,C0468,P053,2023-04-06 0:00:00,1,8943.79,0,8943.79,3,Returned,Wallet
O00979,C0179,P029,2023-07-08 0:00:00,5,7363.97,5,6995.77,1,Cancelled,UPI
O00980,C0226,P018,2023-01-02 0:00:00,1,9702.94,15,8247.5,9,DELIVERED,Wallet
O00981,C0277,P047,2023-07-17 0:00:00,4,9045.72,10,8141.15,11,Cancelled,Wallet
O00982,C0116,P085,2023-06-18 0:00:00,5,2364.73,5,2246.49,3,Delivered,Wallet
O00983,C0095,P094,2024-09-08 0:00:00,3,8925.72,0,8925.72,5,DELIVERED,Wallet
O00984,C0390,P017,2024-11-02 0:00:00,5,5439.21,20,4351.37,5,Cancelled,COD
O00985,C0324,P007,2024-02-10 0:00:00,2,6004,0,6004,7,delivered,UPI
O00986,C0006,P074,2025-09-11 0:00:00,2,6528.99,5,6202.54,6,Cancelled,COD
O00987,C0233,P080,2024-06-22 0:00:00,2,6472.77,20,5178.22,4,Returned,Wallet
O00988,C0457,P024,2024-06-06 0:00:00,1,7577.12,20,6061.7,6,DELIVERED,Wallet
O00989,C0391,P067,2024-06-22 0:00:00,5,4835,0,4835,6,Delivered,COD
O00990,C0500,P059,2023-08-16 0:00:00,4,6601.78,20,5281.42,4,Delivered,Wallet
O00991,C0284,P011,2025-10-30 0:00:00,3,1699.84,10,1529.86,7,delivered,Wallet
O00992,C0376,P096,2024-12-25 0:00:00,5,2351.34,5,2233.77,4,Returned,Wallet
O00993,C0186,P070,2024-04-16 0:00:00,2,5847.39,20,4677.91,9,Returned,Card
O00994,C0116,P097,2023-11-08 0:00:00,3,2008.12,5,1907.71,10,Returned,Wallet
O00995,C0152,P050,2025-12-04 0:00:00,4,8653.8,10,7788.42,7,Cancelled,Wallet
O00996,C0363,P072,2024-09-30 0:00:00,4,3558.25,10,3202.43,2,delivered,Wallet
O00997,C0074,P062,2023-11-25 0:00:00,5,9613.12,0,9613.12,3,delivered,Wallet
O00998,C0428,P045,2023-05-25 0:00:00,2,6637.8,15,5642.13,4,delivered,COD
O00999,C0484,P087,2023-11-07 0:00:00,2,8980.07,0,8980.07,10,delivered,Wallet
O01000,C0267,P040,2025-12-09 0:00:00,2,6886.26,10,6197.63,2,Delivered,Wallet
O01001,C0278,P096,2025-07-19 0:00:00,4,2705.72,15,2299.86,2,delivered,UPI
O01002,C0058,P081,2025-08-13 0:00:00,3,8814.74,0,8814.74,5,Cancelled,Wallet
O01003,C0268,P014,2023-07-01 0:00:00,2,8824.3,15,7500.65,4,Returned,Wallet
O01004,C0216,P008,2023-08-04 0:00:00,3,2792.28,15,2373.44,7,DELIVERED,COD
O01005,C0183,P011,2023-01-27 0:00:00,3,6582.52,10,5924.27,5,Delivered,Wallet
O01006,C0137,P014,2025-09-26 0:00:00,2,6064.95,5,5761.7,11,Returned,Wallet
O01007,C0196,P006,2023-08-09 0:00:00,5,4070.31,20,3256.25,11,Returned,UPI
O01008,C0364,P078,2025-05-13 0:00:00,5,1401.68,5,1331.6,11,Cancelled,UPI
O01009,C0443,P067,2023-03-18 0:00:00,3,6647.34,15,5650.24,10,Cancelled,Wallet
O01010,C0051,P038,2025-04-24 0:00:00,1,2552.38,5,2424.76,6,Delivered,Wallet
O01011,C0142,P058,2023-04-08 0:00:00,3,3906.59,10,3515.93,4,DELIVERED,Wallet
O01012,C0332,P042,2025-04-01 0:00:00,3,7801.81,5,7411.72,9,DELIVERED,Card
O01013,C0379,P030,2024-10-10 0:00:00,4,8638.14,10,7774.33,9,DELIVERED,UPI
O01014,C0096,P097,2025-02-22 0:00:00,1,6574.79,10,5917.31,11,delivered,COD
O01015,C0492,P022,2024-10-23 0:00:00,4,3830.64,15,3256.04,3,Delivered,UPI
O01016,C0152,P097,2026-02-20 0:00:00,2,6027.54,20,4822.03,9,Returned,Card
O01017,C0365,P077,2025-04-08 0:00:00,4,6375.47,0,6375.47,2,DELIVERED,Card
O01018,C0054,P095,2024-08-24 0:00:00,3,5561.86,15,4727.58,7,Returned,Wallet
O01019,C0126,P071,2023-11-14 0:00:00,1,3576.44,5,3397.62,1,DELIVERED,UPI
O01020,C0226,P083,2024-03-18 0:00:00,4,2632.45,5,2500.83,4,delivered,UPI
O01021,C0430,P057,2025-04-28 0:00:00,3,2814.96,0,2814.96,8,Returned,Wallet
O01022,C0205,P081,2026-03-24 0:00:00,5,2326.27,5,2209.96,10,Cancelled,COD
O01023,C0461,P031,2024-10-17 0:00:00,3,8132.55,10,7319.3,6,Returned,COD
O01024,C0127,P069,2026-03-31 0:00:00,1,9601.87,5,9121.78,12,delivered,UPI
O01025,C0117,P093,2024-12-14 0:00:00,5,7229.36,20,5783.49,10,Returned,Card
O01026,C0255,P076,2025-06-12 0:00:00,4,3056.77,0,3056.77,8,Delivered,Card
O01027,C0245,P091,2023-10-30 0:00:00,1,5819.61,20,4655.69,6,Delivered,COD
O01028,C0015,P092,2025-10-02 0:00:00,1,9569.98,10,8612.98,12,Cancelled,Card
O01029,C0346,P039,2024-11-07 0:00:00,4,2544.44,15,2162.77,12,delivered,Wallet
O01030,C0301,P041,2023-01-14 0:00:00,5,9489.54,5,9015.06,11,Returned,UPI
O01031,C0212,P094,2023-11-27 0:00:00,3,6080.75,0,6080.75,9,delivered,Card
O01032,C0333,P064,2023-09-02 0:00:00,5,7850.47,5,7457.95,1,DELIVERED,UPI
O01033,C0199,P053,2025-02-19 0:00:00,1,9488.4,20,7590.72,11,Cancelled,Card
O01034,C0221,P033,2025-10-20 0:00:00,3,2238.4,10,2014.56,12,Delivered,Card
O01035,C0325,P011,2024-11-26 0:00:00,3,4313.56,5,4097.88,11,Cancelled,UPI
O01036,C0031,P088,2025-02-03 0:00:00,5,2948.79,20,2359.03,9,Delivered,Card
O01037,C0197,P040,2023-02-26 0:00:00,1,9654.2,20,7723.36,6,Returned,Wallet
O01038,C0256,P024,2026-01-01 0:00:00,3,8663.91,5,8230.71,10,delivered,COD
O01039,C0091,P057,2023-12-30 0:00:00,1,8784.92,5,8345.67,10,Returned,Card
O01040,C0414,P040,2024-08-19 0:00:00,4,788.25,0,788.25,2,Delivered,COD
O01041,C0099,P078,2023-11-14 0:00:00,2,6106.01,5,5800.71,8,Returned,COD
O01042,C0484,P015,2026-02-09 0:00:00,4,9321.76,20,7457.41,8,Delivered,COD
O01043,C0097,P052,2023-03-27 0:00:00,2,3974.09,5,3775.39,8,DELIVERED,UPI
O01044,C0047,P085,2024-10-18 0:00:00,4,8203.62,20,6562.9,9,Returned,Wallet
O01045,C0330,P026,2024-08-01 0:00:00,5,7170.96,20,5736.77,9,DELIVERED,Card
O01046,C0207,P056,2025-02-11 0:00:00,4,7753.46,10,6978.11,7,Delivered,Wallet
O01047,C0200,P040,2025-10-16 0:00:00,1,5166.77,10,4650.09,10,DELIVERED,UPI
O01048,C0457,P076,2026-03-15 0:00:00,5,8396.94,5,7977.09,5,Returned,Card
O01049,C0198,P025,2024-12-21 0:00:00,3,7522.94,20,6018.35,5,Returned,UPI
O01050,C0190,P088,2023-04-02 0:00:00,4,7516.13,20,6012.9,9,delivered,UPI
O01051,C0366,P027,2025-10-11 0:00:00,4,9524.66,5,9048.43,2,delivered,Wallet
O01052,C0060,P038,2023-01-10 0:00:00,5,648.13,15,550.91,12,delivered,COD
O01053,C0023,P020,2023-10-18 0:00:00,2,9877.31,5,9383.44,7,Returned,Card
O01054,C0443,P081,2024-09-26 0:00:00,5,6851.06,15,5823.4,12,delivered,COD
O01055,C0143,P025,2025-09-26 0:00:00,4,7057.67,15,5999.02,7,DELIVERED,Wallet
O01056,C0066,P085,2024-04-01 0:00:00,1,6452.1,15,5484.28,8,Delivered,UPI
O01057,C0168,P022,2024-06-09 0:00:00,1,2009.78,15,1708.31,9,Cancelled,COD
O01058,C0203,P026,2023-06-27 0:00:00,5,3221.17,20,2576.94,2,Returned,Wallet
O01059,C0058,P030,2023-03-19 0:00:00,2,1707.59,0,1707.59,2,Cancelled,Card
O01060,C0190,P057,2023-10-20 0:00:00,1,7744.14,0,7744.14,10,Cancelled,Wallet
O01061,C0394,P027,2024-10-13 0:00:00,1,6797.33,20,5437.86,4,Delivered,Wallet
O01062,C0472,P023,2024-12-18 0:00:00,1,9511.6,10,8560.44,5,Cancelled,Card
O01063,C0033,P029,2024-01-12 0:00:00,1,4217.46,5,4006.59,9,delivered,COD
O01064,C0309,P068,2024-08-12 0:00:00,4,740.44,15,629.37,4,Returned,Card
O01065,C0034,P053,2025-11-26 0:00:00,2,5697.67,10,5127.9,11,Returned,UPI
O01066,C0462,P014,2024-04-23 0:00:00,5,7344.58,10,6610.12,3,Delivered,Wallet
O01067,C0439,P029,2023-03-14 0:00:00,1,5845.76,15,4968.9,2,Returned,Wallet
O01068,C0198,P037,2025-03-03 0:00:00,1,688.04,15,584.83,11,Cancelled,Card
O01069,C0233,P062,2023-11-10 0:00:00,4,6319.78,10,5687.8,11,Cancelled,Wallet
O01070,C0494,P050,2024-06-10 0:00:00,3,2626.48,10,2363.83,3,delivered,COD
O01071,C0211,P091,2026-01-13 0:00:00,1,4601.5,10,4141.35,8,delivered,Wallet
O01072,C0216,P054,2025-08-01 0:00:00,2,8481.29,10,7633.16,7,Cancelled,Wallet
O01073,C0069,P093,2025-12-21 0:00:00,4,4903.41,10,4413.07,7,delivered,Card
O01074,C0338,P080,2025-01-14 0:00:00,2,7269.6,20,5815.68,12,Cancelled,Wallet
O01075,C0241,P014,2026-01-16 0:00:00,4,4060.76,10,3654.68,3,Cancelled,COD
O01076,C0456,P021,2025-02-26 0:00:00,5,4415.12,5,4194.36,9,Returned,Wallet
O01077,C0291,P086,2023-12-19 0:00:00,2,9460.39,0,9460.39,7,DELIVERED,Wallet
O01078,C0078,P053,2024-10-10 0:00:00,2,6591.76,20,5273.41,4,Cancelled,Card
O01079,C0272,P095,2023-03-14 0:00:00,2,7744.89,15,6583.16,10,Delivered,UPI
O01080,C0161,P046,2024-02-20 0:00:00,1,703.93,0,703.93,2,delivered,Card
O01081,C0299,P058,2025-08-30 0:00:00,3,8486.45,10,7637.81,6,DELIVERED,Card
O01082,C0084,P054,2023-08-31 0:00:00,3,3380.78,20,2704.62,3,Returned,Wallet
O01083,C0144,P089,2024-05-25 0:00:00,4,2003.66,20,1602.93,12,Delivered,Card
O01084,C0243,P049,2025-09-03 0:00:00,4,1422.15,0,1422.15,7,delivered,UPI
O01085,C0293,P024,2025-07-05 0:00:00,5,7037.15,10,6333.43,10,Delivered,Wallet
O01086,C0036,P023,2023-10-04 0:00:00,5,3766.37,10,3389.73,6,Returned,COD
O01087,C0101,P082,2024-10-18 0:00:00,4,9209.26,0,9209.26,11,DELIVERED,UPI
O01088,C0214,P022,2025-01-17 0:00:00,3,6226.72,15,5292.71,10,DELIVERED,Card
O01089,C0251,P041,2023-12-08 0:00:00,5,3162.34,20,2529.87,1,Delivered,Card
O01090,C0384,P098,2025-07-27 0:00:00,3,2999.58,15,2549.64,5,Delivered,COD
O01091,C0010,P039,2025-02-18 0:00:00,5,798.05,20,638.44,10,delivered,Wallet
O01092,C0188,P066,2025-05-19 0:00:00,4,4189.77,10,3770.79,6,Cancelled,COD
O01093,C0145,P035,2023-06-20 0:00:00,2,9457.61,10,8511.85,8,Cancelled,UPI
O01094,C0413,P098,2023-08-08 0:00:00,3,8684.05,0,8684.05,3,delivered,UPI
O01095,C0399,P012,2023-06-04 0:00:00,2,4047.19,5,3844.83,4,Delivered,UPI
O01096,C0321,P059,2024-11-08 0:00:00,3,8766.52,20,7013.22,10,Delivered,Wallet
O01097,C0475,P011,2024-01-16 0:00:00,1,1033.58,5,981.9,12,Delivered,UPI
O01098,C0041,P050,2024-10-18 0:00:00,1,4613.21,5,4382.55,12,Returned,Card
O01099,C0241,P037,2023-05-06 0:00:00,4,8266.73,15,7026.72,3,Cancelled,Card
O01100,C0074,P070,2026-03-24 0:00:00,5,559.98,5,531.98,5,delivered,UPI
O01101,C0084,P051,2024-08-30 0:00:00,1,2287.89,10,2059.1,4,Returned,Wallet
O01102,C0377,P031,2025-12-22 0:00:00,5,6585.65,5,6256.37,6,Delivered,COD
O01103,C0177,P094,2023-05-04 0:00:00,3,7665.82,0,7665.82,8,Returned,Wallet
O01104,C0346,P012,2024-10-14 0:00:00,1,6903.33,15,5867.83,12,Returned,COD
O01105,C0430,P041,2025-07-12 0:00:00,5,6942.86,0,6942.86,12,DELIVERED,Wallet
O01106,C0098,P030,2023-12-16 0:00:00,3,5247.1,15,4460.03,12,Delivered,COD
O01107,C0238,P060,2025-07-15 0:00:00,4,4916.98,15,4179.43,7,delivered,Card
O01108,C0196,P081,2023-11-02 0:00:00,4,4486.17,0,4486.17,6,Cancelled,COD
O01109,C0112,P013,2023-02-03 0:00:00,1,4626.62,5,4395.29,3,Cancelled,Wallet
O01110,C0082,P039,2026-01-30 0:00:00,2,3073.46,5,2919.79,7,DELIVERED,Card
O01111,C0250,P086,2023-05-03 0:00:00,2,5122.08,15,4353.77,3,DELIVERED,UPI
O01112,C0121,P067,2025-10-09 0:00:00,1,9553.03,15,8120.08,3,delivered,Wallet
O01113,C0323,P040,2025-05-28 0:00:00,4,623.19,10,560.87,6,Returned,UPI
O01114,C0414,P089,2023-09-20 0:00:00,5,1729.57,10,1556.61,6,DELIVERED,Wallet
O01115,C0108,P042,2024-04-23 0:00:00,4,1099.69,15,934.74,4,DELIVERED,Wallet
O01116,C0100,P017,2024-10-21 0:00:00,3,5772.46,20,4617.97,12,Returned,Card
O01117,C0456,P003,2024-10-03 0:00:00,5,6289.18,5,5974.72,8,Returned,UPI
O01118,C0252,P060,2024-06-28 0:00:00,4,7626.83,20,6101.46,9,Delivered,Wallet
O01119,C0435,P100,2023-05-01 0:00:00,4,7885.62,10,7097.06,6,Cancelled,Card
O01120,C0248,P072,2023-10-27 0:00:00,2,6514.16,10,5862.74,10,DELIVERED,COD
O01121,C0422,P083,2024-01-21 0:00:00,4,9860.2,20,7888.16,4,Returned,Wallet
O01122,C0269,P065,2024-08-01 0:00:00,1,3308.39,0,3308.39,4,delivered,Wallet
O01123,C0074,P038,2023-02-21 0:00:00,4,7156.14,0,7156.14,4,Delivered,Wallet
O01124,C0285,P021,2025-06-28 0:00:00,1,4002,5,3801.9,7,DELIVERED,UPI
O01125,C0146,P021,2023-09-21 0:00:00,3,4831.46,5,4589.89,8,DELIVERED,UPI
O01126,C0073,P041,2025-02-07 0:00:00,1,998.02,10,898.22,6,Returned,UPI
O01127,C0429,P098,2023-03-12 0:00:00,4,6640.12,15,5644.1,10,DELIVERED,COD
O01128,C0371,P092,2023-09-28 0:00:00,5,7686.67,0,7686.67,1,Cancelled,UPI
O01129,C0121,P012,2025-01-07 0:00:00,1,1829.16,0,1829.16,12,DELIVERED,COD
O01130,C0032,P068,2025-05-02 0:00:00,1,4420.1,0,4420.1,9,Cancelled,Card
O01131,C0391,P034,2024-04-10 0:00:00,5,8317.04,5,7901.19,2,delivered,UPI
O01132,C0113,P098,2024-04-21 0:00:00,5,730.14,5,693.63,1,delivered,Card
O01133,C0203,P003,2025-11-10 0:00:00,5,3534.86,15,3004.63,11,DELIVERED,Wallet
O01134,C0103,P076,2023-03-15 0:00:00,1,6861.6,15,5832.36,1,delivered,Card
O01135,C0452,P048,2025-11-08 0:00:00,5,5168.92,10,4652.03,10,delivered,Wallet
O01136,C0319,P037,2024-06-28 0:00:00,2,1946.43,0,1946.43,12,Returned,COD
O01137,C0172,P026,2024-10-31 0:00:00,5,4189.99,5,3980.49,5,DELIVERED,Wallet
O01138,C0496,P084,2025-11-14 0:00:00,1,6679.4,15,5677.49,10,Cancelled,Card
O01139,C0478,P027,2024-02-14 0:00:00,2,1570.59,15,1335,12,Returned,COD
O01140,C0332,P081,2024-04-15 0:00:00,2,8923.2,10,8030.88,1,Returned,COD
O01141,C0441,P043,2024-02-27 0:00:00,2,5355.44,10,4819.9,3,Cancelled,Wallet
O01142,C0472,P063,2025-09-10 0:00:00,3,4849.9,15,4122.41,3,Returned,Wallet
O01143,C0453,P001,2023-03-05 0:00:00,3,8052.53,5,7649.9,2,Returned,UPI
O01144,C0374,P073,2023-11-23 0:00:00,1,9494.48,0,9494.48,7,Delivered,UPI
O01145,C0449,P048,2023-06-05 0:00:00,3,2545.43,5,2418.16,12,DELIVERED,Wallet
O01146,C0073,P034,2025-07-24 0:00:00,1,3325.96,0,3325.96,5,delivered,UPI
O01147,C0045,P093,2024-04-25 0:00:00,1,8862.76,15,7533.35,2,Cancelled,Wallet
O01148,C0033,P094,2023-11-10 0:00:00,5,3094.78,0,3094.78,8,delivered,UPI
O01149,C0426,P060,2025-04-24 0:00:00,4,6941.18,0,6941.18,7,delivered,UPI
O01150,C0364,P037,2025-09-08 0:00:00,5,9025.38,0,9025.38,5,delivered,COD
O01151,C0415,P001,2023-04-01 0:00:00,1,6876.8,5,6532.96,8,Returned,Wallet
O01152,C0435,P096,2023-04-07 0:00:00,5,9545.39,15,8113.58,12,DELIVERED,COD
O01153,C0084,P048,2025-01-30 0:00:00,1,6181.47,15,5254.25,9,Returned,Wallet
O01154,C0206,P048,2025-08-15 0:00:00,2,3546.76,10,3192.08,10,DELIVERED,COD
O01155,C0185,P056,2023-06-27 0:00:00,2,8235.16,15,6999.89,7,Returned,COD
O01156,C0386,P070,2023-12-03 0:00:00,2,3661.64,10,3295.48,8,Delivered,COD
O01157,C0324,P096,2023-11-23 0:00:00,5,9223.84,5,8762.65,9,Returned,Card
O01158,C0451,P015,2025-10-23 0:00:00,2,8334.51,15,7084.33,7,Returned,UPI
O01159,C0341,P022,2024-04-09 0:00:00,5,1486.25,0,1486.25,9,DELIVERED,Wallet
O01160,C0268,P085,2025-03-15 0:00:00,1,3592.13,10,3232.92,7,delivered,Wallet
O01161,C0233,P020,2024-01-21 0:00:00,3,7623.35,0,7623.35,11,Delivered,Wallet
O01162,C0124,P097,2025-04-11 0:00:00,1,5204.43,0,5204.43,5,DELIVERED,Card
O01163,C0152,P016,2024-02-29 0:00:00,5,6563.36,5,6235.19,1,delivered,UPI
O01164,C0339,P052,2023-01-22 0:00:00,1,2907.62,0,2907.62,6,Returned,COD
O01165,C0302,P062,2023-03-27 0:00:00,3,4183.6,5,3974.42,10,Cancelled,UPI
O01166,C0441,P050,2026-01-08 0:00:00,4,3536.5,0,3536.5,8,Delivered,Wallet
O01167,C0252,P004,2025-02-17 0:00:00,5,6392.2,10,5752.98,11,Delivered,Wallet
O01168,C0371,P092,2023-07-12 0:00:00,1,5011.28,20,4009.02,4,Cancelled,Wallet
O01169,C0283,P100,2025-07-13 0:00:00,3,2793.1,15,2374.13,5,delivered,Wallet
O01170,C0400,P004,2025-11-02 0:00:00,4,1402.06,5,1331.96,11,Cancelled,UPI
O01171,C0411,P069,2023-04-10 0:00:00,5,2221.72,10,1999.55,7,DELIVERED,Wallet
O01172,C0151,P021,2023-03-23 0:00:00,1,7133.06,15,6063.1,8,DELIVERED,Wallet
O01173,C0102,P062,2025-09-22 0:00:00,3,4553.95,5,4326.25,2,delivered,UPI
O01174,C0155,P024,2024-04-02 0:00:00,4,7869.53,5,7476.05,1,DELIVERED,Wallet
O01175,C0052,P022,2023-10-13 0:00:00,4,2672.96,15,2272.02,2,delivered,Wallet
O01176,C0221,P003,2025-12-11 0:00:00,5,724.94,15,616.2,12,DELIVERED,Wallet
O01177,C0360,P055,2023-05-18 0:00:00,1,4476.93,0,4476.93,9,Delivered,UPI
O01178,C0471,P032,2023-10-09 0:00:00,3,8838.92,10,7955.03,9,Delivered,UPI
O01179,C0338,P070,2025-02-03 0:00:00,2,1320.59,5,1254.56,8,Returned,COD
O01180,C0287,P006,2024-04-20 0:00:00,4,1134.78,5,1078.04,2,delivered,Card
O01181,C0262,P002,2023-08-19 0:00:00,3,1765.54,15,1500.71,1,Returned,COD
O01182,C0164,P032,2025-09-10 0:00:00,5,5539.93,10,4985.94,3,delivered,Card
O01183,C0284,P082,2026-01-13 0:00:00,4,5043.62,5,4791.44,7,Delivered,Card
O01184,C0245,P066,2023-05-29 0:00:00,2,8649.53,5,8217.05,2,Returned,Card
O01185,C0481,P029,2024-06-21 0:00:00,2,6455.94,15,5487.55,6,Cancelled,UPI
O01186,C0099,P086,2025-02-04 0:00:00,4,907.63,10,816.87,1,Cancelled,Wallet
O01187,C0246,P079,2025-11-09 0:00:00,5,8445.54,5,8023.26,3,Cancelled,Card
O01188,C0222,P077,2023-03-05 0:00:00,2,6190.3,10,5571.27,2,Cancelled,UPI
O01189,C0190,P036,2025-03-16 0:00:00,5,1306.01,5,1240.71,1,DELIVERED,Wallet
O01190,C0438,P061,2025-11-13 0:00:00,3,3383.22,20,2706.58,5,Cancelled,Wallet
O01191,C0071,P061,2024-11-21 0:00:00,5,7104.87,20,5683.9,10,Delivered,Wallet
O01192,C0323,P035,2024-07-09 0:00:00,3,5561.02,20,4448.82,5,DELIVERED,Wallet
O01193,C0098,P045,2024-09-19 0:00:00,5,2664.5,10,2398.05,10,delivered,COD
O01194,C0343,P085,2024-01-21 0:00:00,5,6922.95,10,6230.65,7,Returned,Card
O01195,C0165,P027,2025-08-05 0:00:00,3,2304.68,10,2074.21,9,Returned,Wallet
O01196,C0307,P082,2024-11-21 0:00:00,2,1613.5,10,1452.15,4,delivered,Wallet
O01197,C0236,P069,2024-11-30 0:00:00,3,2833.52,15,2408.49,10,delivered,COD
O01198,C0202,P001,2023-05-17 0:00:00,5,1184.48,0,1184.48,9,delivered,COD
O01199,C0262,P073,2025-05-11 0:00:00,4,4820.23,20,3856.18,5,delivered,COD
O01200,C0224,P050,2024-10-03 0:00:00,1,9824.99,15,8351.24,8,Delivered,Card
O01201,C0143,P014,2026-01-28 0:00:00,2,1667.71,0,1667.71,2,Returned,COD
O01202,C0291,P008,2023-01-21 0:00:00,2,7946.77,15,6754.75,11,Delivered,COD
O01203,C0113,P080,2026-03-14 0:00:00,5,7335.93,10,6602.34,4,DELIVERED,Wallet
O01204,C0163,P098,2024-03-26 0:00:00,3,8487.3,5,8062.93,10,delivered,Wallet
O01205,C0293,P095,2024-07-06 0:00:00,2,5646.26,0,5646.26,2,Cancelled,UPI
O01206,C0313,P022,2023-12-22 0:00:00,1,2838.83,15,2413.01,8,delivered,COD
O01207,C0435,P050,2025-07-02 0:00:00,1,530.1,10,477.09,10,delivered,Card
O01208,C0077,P095,2025-02-26 0:00:00,1,8549.18,15,7266.8,8,Returned,Wallet
O01209,C0252,P056,2025-12-09 0:00:00,1,5642.01,10,5077.81,11,DELIVERED,COD
O01210,C0311,P027,2025-02-02 0:00:00,1,5240.81,20,4192.65,8,delivered,UPI
O01211,C0107,P028,2024-10-05 0:00:00,5,8450.93,15,7183.29,7,DELIVERED,Wallet
O01212,C0308,P061,2023-02-19 0:00:00,3,2863.27,10,2576.94,7,Returned,Card
O01213,C0185,P049,2023-02-11 0:00:00,1,4796.34,0,4796.34,6,Cancelled,Wallet
O01214,C0118,P035,2025-01-20 0:00:00,4,9137.29,0,9137.29,6,DELIVERED,Wallet
O01215,C0272,P026,2023-03-16 0:00:00,2,2101.15,20,1680.92,10,Cancelled,COD
O01216,C0048,P079,2026-02-06 0:00:00,1,7726.75,0,7726.75,3,Delivered,COD
O01217,C0073,P056,2024-07-24 0:00:00,1,5489.91,10,4940.92,5,delivered,Card
O01218,C0318,P007,2026-03-18 0:00:00,4,3460.18,20,2768.14,2,delivered,COD
O01219,C0009,P026,2023-06-07 0:00:00,5,4967.36,15,4222.26,4,Delivered,UPI
O01220,C0284,P098,2025-01-25 0:00:00,3,8264.25,5,7851.04,8,delivered,Card
O01221,C0438,P022,2024-07-11 0:00:00,5,9355.43,5,8887.66,6,Returned,UPI
O01222,C0025,P061,2023-11-16 0:00:00,5,5292.84,0,5292.84,3,delivered,Card
O01223,C0126,P059,2023-12-25 0:00:00,5,8425.66,20,6740.53,8,Delivered,Card
O01224,C0070,P001,2024-08-11 0:00:00,2,6581.29,0,6581.29,7,Cancelled,Wallet
O01225,C0207,P068,2025-08-13 0:00:00,4,6936.49,15,5896.02,12,Returned,COD
O01226,C0480,P053,2023-12-08 0:00:00,5,5985.98,15,5088.08,9,Returned,Wallet
O01227,C0432,P039,2023-08-25 0:00:00,2,8145.97,5,7738.67,6,Returned,Wallet
O01228,C0102,P097,2023-02-02 0:00:00,4,4071.47,10,3664.32,8,delivered,Wallet
O01229,C0072,P084,2024-09-10 0:00:00,2,4774.43,20,3819.54,12,Cancelled,Card
O01230,C0250,P052,2025-08-13 0:00:00,2,655.59,5,622.81,5,Cancelled,COD
O01231,C0486,P019,2023-07-27 0:00:00,2,4901.34,15,4166.14,4,DELIVERED,COD
O01232,C0040,P077,2024-08-25 0:00:00,1,3830.27,15,3255.73,7,DELIVERED,Wallet
O01233,C0100,P040,2025-11-03 0:00:00,5,5032.53,15,4277.65,6,delivered,UPI
O01234,C0261,P028,2025-12-03 0:00:00,1,1886.42,20,1509.14,1,DELIVERED,UPI
O01235,C0168,P037,2025-01-23 0:00:00,4,4332.41,20,3465.93,10,Delivered,Wallet
O01236,C0391,P066,2023-03-16 0:00:00,5,1671.33,15,1420.63,7,Returned,Wallet
O01237,C0170,P085,2025-06-19 0:00:00,5,1139.25,5,1082.29,7,DELIVERED,Card
O01238,C0142,P051,2024-03-27 0:00:00,2,7740.03,5,7353.03,7,Delivered,UPI
O01239,C0100,P054,2023-11-07 0:00:00,3,615.09,5,584.34,10,Cancelled,Wallet
O01240,C0084,P005,2024-06-27 0:00:00,5,2923.9,5,2777.7,-1,Cancelled,UPI
O01241,C0059,P011,2025-07-30 0:00:00,2,4948.91,5,4701.46,8,DELIVERED,Wallet
O01242,C0456,P095,2024-11-08 0:00:00,3,8580.64,10,7722.58,9,DELIVERED,Wallet
O01243,C0413,P077,2024-05-17 0:00:00,2,6843.64,20,5474.91,5,delivered,UPI
O01244,C0256,P093,2025-04-08 0:00:00,4,5092.26,10,4583.03,5,Delivered,Wallet
O01245,C0285,P029,2024-03-24 0:00:00,3,8115.9,10,7304.31,3,delivered,Wallet
O01246,C0381,P052,2025-05-08 0:00:00,2,9297.49,20,7437.99,7,Returned,COD
O01247,C0034,P100,2024-10-04 0:00:00,3,1270.73,5,1207.19,11,Delivered,Wallet
O01248,C0171,P048,2023-08-31 0:00:00,4,8243.08,5,7830.93,1,DELIVERED,Card
O01249,C0302,P028,2025-04-10 0:00:00,4,8851.51,15,7523.78,7,Cancelled,Card
O01250,C0168,P076,2025-02-10 0:00:00,3,2810.74,5,2670.2,10,Delivered,UPI
O01251,C0253,P012,2023-11-08 0:00:00,1,1281.95,0,1281.95,7,Delivered,UPI
O01252,C0348,P088,2025-01-01 0:00:00,4,2186.94,5,2077.59,6,Returned,UPI
O01253,C0299,P011,2023-03-22 0:00:00,1,2069.6,10,1862.64,1,Returned,UPI
O01254,C0056,P035,2024-08-19 0:00:00,2,8000.66,15,6800.56,8,Returned,Wallet
O01255,C0311,P034,2023-11-19 0:00:00,1,8402.12,10,7561.91,8,Returned,UPI
O01256,C0341,P021,2025-08-26 0:00:00,4,6261.59,10,5635.43,6,Cancelled,COD
O01257,C0407,P040,2024-10-30 0:00:00,5,3410.79,15,2899.17,4,delivered,Card
O01258,C0301,P016,2023-10-30 0:00:00,4,1912.85,5,1817.21,1,Delivered,Wallet
O01259,C0353,P041,2026-04-01 0:00:00,2,1918.6,0,1918.6,6,delivered,Wallet
O01260,C0480,P091,2024-03-05 0:00:00,4,4393.87,20,3515.1,5,Cancelled,UPI
O01261,C0017,P033,2025-03-08 0:00:00,3,1987.04,5,1887.69,1,delivered,Wallet
O01262,C0231,P018,2024-10-31 0:00:00,4,6754.13,15,5741.01,6,Cancelled,COD
O01263,C0085,P033,2025-05-01 0:00:00,5,8747.27,5,8309.91,10,Delivered,Wallet
O01264,C0254,P036,2024-02-19 0:00:00,3,1907.59,5,1812.21,10,delivered,Wallet
O01265,C0191,P044,2023-01-06 0:00:00,1,7823.17,10,7040.85,10,Delivered,Wallet
O01266,C0440,P095,2025-10-31 0:00:00,5,2416.28,5,2295.47,11,DELIVERED,Wallet
O01267,C0101,P056,2023-03-22 0:00:00,4,8951.07,20,7160.86,10,Cancelled,Wallet
O01268,C0010,P053,2023-05-09 0:00:00,5,3256.84,15,2768.31,6,Cancelled,Wallet
O01269,C0428,P076,2024-04-01 0:00:00,4,9184,20,7347.2,6,Cancelled,COD
O01270,C0464,P075,2024-06-04 0:00:00,3,8969.38,0,8969.38,11,Cancelled,COD
O01271,C0123,P051,2023-01-05 0:00:00,1,5542.06,0,5542.06,8,Cancelled,UPI
O01272,C0482,P054,2023-02-03 0:00:00,1,8122.72,10,7310.45,9,Returned,COD
O01273,C0274,P085,2026-02-05 0:00:00,5,6801.48,15,5781.26,4,DELIVERED,UPI
O01274,C0091,P070,2024-02-15 0:00:00,2,9293.48,15,7899.46,6,Delivered,Wallet
O01275,C0051,P017,2024-06-12 0:00:00,1,3623.36,5,3442.19,1,delivered,COD
O01276,C0186,P013,2024-08-14 0:00:00,3,4447.97,15,3780.77,3,DELIVERED,Wallet
O01277,C0437,P001,2024-05-05 0:00:00,5,6570.71,0,6570.71,2,Delivered,COD
O01278,C0393,P100,2025-12-30 0:00:00,2,1577.02,15,1340.47,9,Cancelled,Wallet
O01279,C0183,P012,2024-12-24 0:00:00,1,5071.8,20,4057.44,2,delivered,Wallet
O01280,C0412,P099,2023-06-26 0:00:00,2,5680.39,10,5112.35,10,Delivered,Card
O01281,C0100,P062,2024-12-20 0:00:00,2,3749.96,20,2999.97,9,Delivered,COD
O01282,C0398,P052,2024-03-10 0:00:00,4,8030.32,15,6825.77,9,delivered,Card
O01283,C0500,P096,2024-04-09 0:00:00,5,6556.15,20,5244.92,2,Cancelled,Wallet
O01284,C0019,P058,2024-01-21 0:00:00,4,4179.12,10,3761.21,1,Delivered,Wallet
O01285,C0384,P001,2024-10-07 0:00:00,3,662.65,10,596.38,7,Cancelled,UPI
O01286,C0304,P018,2025-08-27 0:00:00,2,8508.71,20,6806.97,2,Cancelled,Wallet
O01287,C0403,P082,2024-10-11 0:00:00,5,7396.08,10,6656.47,1,delivered,COD
O01288,C0029,P039,2023-10-08 0:00:00,5,8310.56,10,7479.5,2,DELIVERED,Wallet
O01289,C0187,P010,2025-10-17 0:00:00,2,3166.35,15,2691.4,9,DELIVERED,COD
O01290,C0048,P018,2025-12-11 0:00:00,4,715.96,10,644.36,12,Returned,Wallet
O01291,C0163,P016,2024-01-10 0:00:00,1,3944.06,0,3944.06,6,Returned,Card
O01292,C0431,P098,2026-01-31 0:00:00,5,8103.53,5,7698.35,5,Returned,UPI
O01293,C0337,P039,2023-07-25 0:00:00,5,9384.49,20,7507.59,9,Cancelled,UPI
O01294,C0138,P095,2023-04-17 0:00:00,3,9228.96,15,7844.62,6,delivered,UPI
O01295,C0245,P006,2025-08-18 0:00:00,1,9515.35,20,7612.28,12,DELIVERED,Wallet
O01296,C0459,P032,2023-06-17 0:00:00,5,1515.46,5,1439.69,9,DELIVERED,Card
O01297,C0323,P003,2025-08-21 0:00:00,2,6660.61,20,5328.49,2,delivered,Card
O01298,C0003,P088,2025-12-07 0:00:00,2,7509.69,20,6007.75,7,DELIVERED,Wallet
O01299,C0314,P086,2025-03-06 0:00:00,2,5180.2,5,4921.19,4,delivered,Wallet
O01300,C0467,P075,2024-08-12 0:00:00,3,3770.54,15,3204.96,7,DELIVERED,Card
O01301,C0332,P078,2025-10-16 0:00:00,5,8633.33,0,8633.33,5,Delivered,UPI
O01302,C0095,P083,2026-04-03 0:00:00,4,6112,10,5500.8,10,Delivered,Card
O01303,C0024,P094,2023-05-28 0:00:00,2,7255.15,5,6892.39,12,Cancelled,Card
O01304,C0108,P092,2023-08-15 0:00:00,2,3127.22,0,3127.22,11,Delivered,Wallet
O01305,C0332,P016,2025-01-25 0:00:00,1,3742.89,15,3181.46,12,DELIVERED,Wallet
O01306,C0440,P082,2023-10-26 0:00:00,4,6765.44,10,6088.9,4,delivered,Wallet
O01307,C0224,P007,2024-05-31 0:00:00,3,2286.01,5,2171.71,5,Delivered,Wallet
O01308,C0149,P027,2025-04-26 0:00:00,4,2006.75,0,2006.75,9,Delivered,COD
O01309,C0243,P098,2025-12-20 0:00:00,2,3192.74,5,3033.1,1,Delivered,Wallet
O01310,C0443,P036,2025-09-03 0:00:00,4,3804.51,5,3614.28,12,Cancelled,COD
O01311,C0400,P031,2025-09-22 0:00:00,2,5063.33,15,4303.83,1,Cancelled,Card
O01312,C0190,P067,2024-06-05 0:00:00,5,5342.13,5,5075.02,12,Delivered,COD
O01313,C0491,P014,2024-05-09 0:00:00,5,8094.88,15,6880.65,10,DELIVERED,COD
O01314,C0410,P068,2024-01-10 0:00:00,2,7698.5,20,6158.8,10,Cancelled,Wallet
O01315,C0395,P071,2025-05-09 0:00:00,1,1916.41,0,1916.41,12,Returned,COD
O01316,C0370,P098,2025-05-20 0:00:00,1,5069.68,5,4816.2,5,DELIVERED,COD
O01317,C0290,P073,2024-12-31 0:00:00,5,2394.93,15,2035.69,10,Delivered,Wallet
O01318,C0183,P061,2024-05-08 0:00:00,4,6433.88,5,6112.19,6,Returned,COD
O01319,C0053,P073,2023-10-08 0:00:00,4,2661.99,20,2129.59,2,delivered,Wallet
O01320,C0038,P014,2026-01-28 0:00:00,1,2447.11,15,2080.04,12,Cancelled,Card
O01321,C0132,P002,2025-04-17 0:00:00,2,7511.23,5,7135.67,1,Delivered,COD
O01322,C0314,P016,2023-07-11 0:00:00,5,8953.11,5,8505.45,4,DELIVERED,Wallet
O01323,C0142,P070,2023-12-09 0:00:00,5,7590.97,5,7211.42,12,Delivered,Wallet
O01324,C0299,P030,2026-03-24 0:00:00,2,8059.36,10,7253.42,9,DELIVERED,UPI
O01325,C0357,P022,2023-02-25 0:00:00,4,7115.6,10,6404.04,9,Delivered,Wallet
O01326,C0120,P095,2023-04-03 0:00:00,1,6839.34,5,6497.37,3,delivered,Card
O01327,C0231,P029,2023-10-03 0:00:00,2,2377.62,10,2139.86,11,Delivered,UPI
O01328,C0079,P089,2023-05-10 0:00:00,2,3983.1,10,3584.79,7,delivered,Wallet
O01329,C0351,P054,2023-08-11 0:00:00,4,572.42,10,515.18,3,Delivered,Card
O01330,C0359,P022,2024-06-29 0:00:00,2,1195.52,15,1016.19,4,Returned,Wallet
O01331,C0169,P058,2023-11-19 0:00:00,5,9524.69,20,7619.75,10,Returned,Wallet
O01332,C0429,P057,2024-07-25 0:00:00,5,2548.08,15,2165.87,10,DELIVERED,COD
O01333,C0193,P099,2026-01-01 0:00:00,5,2534.4,0,2534.4,5,Cancelled,UPI
O01334,C0378,P090,2025-12-28 0:00:00,5,1595.8,5,1516.01,4,Delivered,Wallet
O01335,C0028,P067,2024-01-04 0:00:00,4,4248.77,20,3399.02,3,Returned,Card
O01336,C0279,P010,2024-05-09 0:00:00,2,2784.59,0,2784.59,10,Returned,Wallet
O01337,C0171,P071,2023-10-06 0:00:00,1,3721.56,20,2977.25,5,delivered,UPI
O01338,C0358,P082,2023-07-03 0:00:00,4,5159.83,5,4901.84,4,Returned,Card
O01339,C0042,P095,2024-10-21 0:00:00,5,4702.3,15,3996.95,9,Cancelled,Card
O01340,C0400,P004,2023-02-19 0:00:00,3,9931.14,10,8938.03,1,Delivered,UPI
O01341,C0098,P062,2023-07-21 0:00:00,3,2066.78,20,1653.42,12,Cancelled,Wallet
O01342,C0181,P041,2025-02-15 0:00:00,3,1043.85,20,835.08,3,Delivered,Wallet
O01343,C0417,P019,2026-03-26 0:00:00,3,7649.03,10,6884.13,9,Returned,Wallet
O01344,C0257,P080,2023-03-28 0:00:00,3,5165.82,0,5165.82,5,DELIVERED,Wallet
O01345,C0307,P007,2023-01-06 0:00:00,4,883.64,15,751.09,1,DELIVERED,Card
O01346,C0265,P036,2025-12-21 0:00:00,4,3780.85,10,3402.76,12,delivered,Wallet
O01347,C0262,P030,2024-10-20 0:00:00,4,5848.51,5,5556.08,5,DELIVERED,UPI
O01348,C0374,P006,2026-02-05 0:00:00,3,3446.2,5,3273.89,7,Delivered,Wallet
O01349,C0286,P059,2024-12-28 0:00:00,1,4363.95,5,4145.75,10,Delivered,Wallet
O01350,C0476,P016,2025-03-13 0:00:00,5,2255.28,0,2255.28,1,DELIVERED,Wallet
O01351,C0321,P094,2024-06-13 0:00:00,1,8956.95,20,7165.56,5,delivered,Wallet
O01352,C0368,P098,2024-01-20 0:00:00,4,5235.25,5,4973.49,7,Returned,UPI
O01353,C0357,P052,2024-08-27 0:00:00,4,3044.09,5,2891.89,3,delivered,Wallet
O01354,C0011,P032,2025-05-09 0:00:00,5,6629.27,10,5966.34,3,delivered,COD
O01355,C0043,P060,2023-03-25 0:00:00,5,4593.45,0,4593.45,5,Cancelled,COD
O01356,C0096,P052,2024-04-14 0:00:00,4,1988.38,10,1789.54,1,DELIVERED,COD
O01357,C0012,P086,2023-06-23 0:00:00,5,6990.24,10,6291.22,12,Cancelled,Wallet
O01358,C0295,P068,2025-10-31 0:00:00,3,4406.32,10,3965.69,9,Delivered,Card
O01359,C0092,P036,2024-11-10 0:00:00,1,3999.53,20,3199.62,9,delivered,Wallet
O01360,C0020,P038,2023-04-28 0:00:00,5,8401.66,0,8401.66,6,DELIVERED,Card
O01361,C0100,P068,2024-06-11 0:00:00,2,9206.62,5,8746.29,6,Returned,COD
O01362,C0047,P013,2025-07-20 0:00:00,1,4249.84,5,4037.35,2,Returned,Wallet
O01363,C0304,P012,2024-02-10 0:00:00,1,5671.59,20,4537.27,4,Cancelled,Card
O01364,C0452,P053,2023-03-13 0:00:00,2,4347.45,10,3912.7,1,Delivered,UPI
O01365,C0200,P013,2025-08-03 0:00:00,5,7732.86,15,6572.93,6,Returned,Wallet
O01366,C0467,P024,2024-03-03 0:00:00,5,7342.72,20,5874.18,1,Delivered,UPI
O01367,C0429,P077,2025-12-08 0:00:00,5,1514.08,15,1286.97,3,Delivered,Card
O01368,C0422,P077,2023-09-03 0:00:00,4,3671.59,15,3120.85,5,Cancelled,UPI
O01369,C0069,P008,2023-06-06 0:00:00,5,6961.15,15,5916.98,6,DELIVERED,Wallet
O01370,C0147,P014,2026-01-09 0:00:00,1,8180.88,20,6544.7,10,DELIVERED,Card
O01371,C0301,P018,2025-04-14 0:00:00,2,4271.52,15,3630.79,1,delivered,Card
O01372,C0038,P031,2025-07-13 0:00:00,2,9445.2,20,7556.16,3,DELIVERED,COD
O01373,C0357,P096,2024-08-25 0:00:00,3,4473.56,0,4473.56,1,delivered,Wallet
O01374,C0011,P100,2024-11-22 0:00:00,5,4368.86,0,4368.86,11,delivered,Wallet
O01375,C0060,P096,2023-09-21 0:00:00,4,4572.36,0,4572.36,2,Cancelled,UPI
O01376,C0185,P050,2025-03-25 0:00:00,1,9466.56,0,9466.56,4,Returned,UPI
O01377,C0109,P013,2023-12-26 0:00:00,1,4169.7,15,3544.24,12,delivered,COD
O01378,C0224,P074,2023-08-11 0:00:00,3,3880.06,15,3298.05,3,Cancelled,Wallet
O01379,C0426,P034,2024-08-17 0:00:00,4,7748.99,5,7361.54,9,Delivered,UPI
O01380,C0230,P100,2024-02-02 0:00:00,2,3388.06,20,2710.45,6,DELIVERED,COD
O01381,C0070,P053,2023-04-05 0:00:00,2,5030.43,20,4024.34,9,delivered,Card
O01382,C0190,P058,2023-02-06 0:00:00,3,6337.83,0,6337.83,11,Returned,UPI
O01383,C0412,P038,2024-08-08 0:00:00,5,3998.31,20,3198.65,2,Returned,Card
O01384,C0414,P022,2025-04-05 0:00:00,1,7289.2,15,6195.82,10,Returned,Wallet
O01385,C0414,P049,2024-08-30 0:00:00,5,9454.61,15,8036.42,10,Returned,Wallet
O01386,C0152,P019,2026-01-01 0:00:00,5,7587.18,15,6449.1,9,DELIVERED,Wallet
O01387,C0290,P014,2024-08-25 0:00:00,4,6549.38,20,5239.5,6,Delivered,Wallet
O01388,C0056,P024,2024-04-01 0:00:00,3,5910.07,5,5614.57,4,DELIVERED,Card
O01389,C0209,P080,2023-02-17 0:00:00,4,4340.02,20,3472.02,1,Returned,Wallet
O01390,C0498,P004,2025-06-24 0:00:00,2,4280.94,0,4280.94,7,delivered,Card
O01391,C0167,P086,2025-01-10 0:00:00,3,5835.77,5,5543.98,4,delivered,Wallet
O01392,C0424,P001,2024-12-06 0:00:00,2,6743.96,20,5395.17,5,Cancelled,UPI
O01393,C0016,P071,2023-10-29 0:00:00,2,9071.36,20,7257.09,6,Cancelled,Wallet
O01394,C0048,P071,2025-02-22 0:00:00,3,5672.75,5,5389.11,5,Returned,Wallet
O01395,C0008,P072,2025-09-13 0:00:00,3,4365.79,0,4365.79,4,Cancelled,UPI
O01396,C0473,P097,2023-09-04 0:00:00,2,7781.66,20,6225.33,6,DELIVERED,Card
O01397,C0436,P066,2024-07-10 0:00:00,3,4287.37,5,4073,5,Delivered,UPI
O01398,C0437,P066,2025-06-08 0:00:00,2,5044.96,5,4792.71,8,Returned,Wallet
O01399,C0258,P026,2023-06-03 0:00:00,4,1094.75,0,1094.75,7,Delivered,Card
O01400,C0193,P068,2023-04-25 0:00:00,5,3680.99,0,3680.99,2,Returned,COD
O01401,C0165,P007,2025-07-17 0:00:00,1,3283.83,20,2627.06,12,Cancelled,Card
O01402,C0211,P081,2023-10-22 0:00:00,5,2361.05,20,1888.84,11,Delivered,COD
O01403,C0226,P057,2024-07-30 0:00:00,2,6556.28,10,5900.65,8,Cancelled,Card
O01404,C0207,P098,2025-04-23 0:00:00,1,7286,15,6193.1,12,delivered,Wallet
O01405,C0447,P063,2025-08-29 0:00:00,2,3773.23,20,3018.58,12,Cancelled,UPI
O01406,C0012,P051,2025-12-09 0:00:00,2,5871.5,20,4697.2,5,Returned,COD
O01407,C0046,P017,2024-10-05 0:00:00,1,9717.82,5,9231.93,4,DELIVERED,Card
O01408,C0475,P011,2025-08-08 0:00:00,2,3775.04,15,3208.78,9,Delivered,Card
O01409,C0195,P015,2024-03-24 0:00:00,2,6941.31,0,6941.31,1,Cancelled,Card
O01410,C0280,P074,2024-12-07 0:00:00,5,9805.67,10,8825.1,8,Cancelled,UPI
O01411,C0152,P040,2024-06-25 0:00:00,2,2573.41,0,2573.41,9,Returned,UPI
O01412,C0151,P066,2023-03-30 0:00:00,2,8713.3,10,7841.97,7,Delivered,Wallet
O01413,C0350,P033,2023-07-28 0:00:00,3,3205.23,0,3205.23,4,Cancelled,Wallet
O01414,C0405,P064,2025-11-17 0:00:00,5,1528.68,5,1452.25,12,delivered,Card
O01415,C0458,P076,2026-01-03 0:00:00,1,633.13,5,601.47,8,delivered,UPI
O01416,C0175,P095,2025-10-03 0:00:00,2,2980.43,15,2533.37,9,Returned,Wallet
O01417,C0125,P015,2025-11-21 0:00:00,2,7699.85,5,7314.86,9,delivered,Wallet
O01418,C0492,P095,2023-02-16 0:00:00,3,4380.04,10,3942.04,8,Cancelled,Wallet
O01419,C0233,P062,2023-05-06 0:00:00,5,7332.24,15,6232.4,2,Cancelled,Wallet
O01420,C0441,P002,2025-01-17 0:00:00,2,9052.97,20,7242.38,3,Delivered,Wallet
O01421,C0179,P042,2023-11-23 0:00:00,5,1864.48,5,1771.26,11,Delivered,Wallet
O01422,C0480,P014,2024-06-26 0:00:00,3,640.91,10,576.82,8,Cancelled,Wallet
O01423,C0038,P074,2023-10-12 0:00:00,2,7458.65,20,5966.92,3,DELIVERED,Wallet
O01424,C0303,P069,2024-07-03 0:00:00,4,9704.71,20,7763.77,9,delivered,Wallet
O01425,C0488,P021,2023-09-17 0:00:00,5,6285.13,10,5656.62,1,Delivered,COD
O01426,C0222,P093,2024-05-28 0:00:00,1,9538.3,5,9061.38,9,Returned,COD
O01427,C0313,P066,2026-02-07 0:00:00,2,3332.3,20,2665.84,12,Delivered,UPI
O01428,C0356,P084,2025-06-22 0:00:00,3,3794.4,20,3035.52,1,Delivered,COD
O01429,C0245,P026,2026-01-09 0:00:00,2,2735.17,20,2188.14,7,delivered,UPI
O01430,C0033,P093,2025-08-02 0:00:00,5,4794.06,15,4074.95,10,Cancelled,Wallet
O01431,C0295,P056,2025-11-01 0:00:00,5,5178.48,20,4142.78,10,Cancelled,Card
O01432,C0020,P083,2025-12-25 0:00:00,2,3541.1,20,2832.88,12,DELIVERED,Wallet
O01433,C0189,P007,2024-07-05 0:00:00,1,4286.64,5,4072.31,4,Delivered,COD
O01434,C0292,P005,2023-03-04 0:00:00,4,4118.92,20,3295.14,8,Delivered,Card
O01435,C0437,P048,2024-07-03 0:00:00,3,9047.78,5,8595.39,6,DELIVERED,Card
O01436,C0181,P079,2024-08-25 0:00:00,5,4235.15,20,3388.12,3,delivered,Card
O01437,C0426,P029,2024-02-03 0:00:00,2,6993.49,20,5594.79,7,Returned,Wallet
O01438,C0349,P042,2024-01-18 0:00:00,1,3731.77,5,3545.18,11,Returned,COD
O01439,C0088,P052,2024-03-29 0:00:00,4,2190.04,10,1971.04,10,delivered,COD
O01440,C0055,P072,2025-03-12 0:00:00,5,6275.41,10,5647.87,9,DELIVERED,COD
O01441,C0487,P072,2024-10-26 0:00:00,1,9540.47,15,8109.4,7,Delivered,Wallet
O01442,C0004,P025,2024-09-19 0:00:00,3,7681.89,10,6913.7,4,Returned,UPI
O01443,C0468,P062,2025-09-18 0:00:00,5,8331.12,0,8331.12,2,delivered,UPI
O01444,C0407,P005,2023-06-26 0:00:00,2,5454.65,10,4909.18,5,DELIVERED,Card
O01445,C0168,P042,2024-02-19 0:00:00,4,3422.01,10,3079.81,2,Delivered,Card
O01446,C0373,P068,2023-07-19 0:00:00,2,3978.05,5,3779.15,8,delivered,Wallet
O01447,C0137,P020,2023-08-12 0:00:00,4,8589.81,0,8589.81,10,DELIVERED,UPI
O01448,C0271,P016,2025-12-08 0:00:00,1,7875.17,5,7481.41,10,Cancelled,Wallet
O01449,C0140,P047,2023-09-23 0:00:00,1,6248.18,5,5935.77,1,delivered,Wallet
O01450,C0479,P043,2026-02-15 0:00:00,5,5799.15,10,5219.23,3,Cancelled,Wallet
O01451,C0276,P057,2024-07-26 0:00:00,1,9577.69,20,7662.15,8,DELIVERED,Card
O01452,C0458,P086,2024-07-26 0:00:00,2,5180.76,10,4662.68,12,Returned,COD
O01453,C0404,P092,2024-08-12 0:00:00,5,4508.66,10,4057.79,6,delivered,Wallet
O01454,C0416,P089,2025-05-26 0:00:00,2,3393.15,20,2714.52,2,DELIVERED,UPI
O01455,C0080,P040,2025-02-01 0:00:00,2,9359.46,0,9359.46,1,delivered,Wallet
O01456,C0410,P042,2024-10-11 0:00:00,2,1191.11,5,1131.55,2,Delivered,Card
O01457,C0325,P082,2025-05-21 0:00:00,1,3577.78,15,3041.11,4,Returned,Card
O01458,C0316,P050,2025-03-01 0:00:00,1,3197.14,10,2877.43,9,Returned,Wallet
O01459,C0404,P057,2024-08-22 0:00:00,4,1868.69,5,1775.26,11,Cancelled,Card
O01460,C0086,P048,2024-08-12 0:00:00,1,1732.5,20,1386,12,delivered,UPI
O01461,C0378,P018,2024-01-25 0:00:00,5,2575.17,5,2446.41,2,Delivered,Card
O01462,C0048,P008,2025-02-11 0:00:00,2,6262.5,0,6262.5,10,Delivered,UPI
O01463,C0368,P071,2025-08-06 0:00:00,5,2825.11,10,2542.6,4,DELIVERED,UPI
O01464,C0045,P086,2025-07-22 0:00:00,5,2068.06,15,1757.85,12,delivered,Card
O01465,C0288,P081,2024-06-28 0:00:00,3,5060.76,10,4554.68,6,Cancelled,Card
O01466,C0073,P080,2023-07-04 0:00:00,4,1970.17,20,1576.14,6,Returned,Wallet
O01467,C0201,P007,2026-01-30 0:00:00,4,9046.69,20,7237.35,2,delivered,Wallet
O01468,C0111,P026,2025-06-26 0:00:00,1,6631.49,5,6299.92,11,delivered,Wallet
O01469,C0080,P074,2026-03-06 0:00:00,5,9682.89,0,9682.89,3,Returned,Card
O01470,C0337,P075,2023-06-04 0:00:00,4,8874.81,0,8874.81,6,DELIVERED,Card
O01471,C0335,P047,2024-05-15 0:00:00,5,5731.26,5,5444.7,6,Returned,Wallet
O01472,C0251,P093,2025-08-06 0:00:00,2,3541.94,10,3187.75,2,Cancelled,Card
O01473,C0293,P043,2024-06-18 0:00:00,2,8178.3,10,7360.47,1,DELIVERED,Wallet
O01474,C0310,P075,2025-06-17 0:00:00,4,6306.52,0,6306.52,8,Delivered,Card
O01475,C0127,P086,2025-08-17 0:00:00,5,2156.14,0,2156.14,6,Returned,Wallet
O01476,C0485,P067,2024-05-12 0:00:00,1,2535.25,10,2281.72,9,delivered,Card
O01477,C0204,P094,2023-04-22 0:00:00,1,8217.05,0,8217.05,6,Returned,Card
O01478,C0251,P078,2025-08-11 0:00:00,2,857.74,0,857.74,9,Returned,Wallet
O01479,C0355,P095,2025-02-01 0:00:00,5,8704.42,15,7398.76,4,Returned,COD
O01480,C0409,P097,2023-03-24 0:00:00,2,2749.56,20,2199.65,1,delivered,UPI
O01481,C0042,P074,2026-03-21 0:00:00,3,9790.9,5,9301.35,11,DELIVERED,UPI
O01482,C0293,P012,2023-02-16 0:00:00,4,1130.88,5,1074.34,12,delivered,Wallet
O01483,C0013,P012,2024-09-12 0:00:00,2,7902.59,20,6322.07,11,delivered,Wallet
O01484,C0422,P026,2023-01-11 0:00:00,3,6710.67,20,5368.54,10,Returned,Wallet
O01485,C0496,P015,2023-10-25 0:00:00,4,1285.15,20,1028.12,10,Cancelled,UPI
O01486,C0444,P088,2025-07-31 0:00:00,2,7451.68,0,7451.68,2,Cancelled,Wallet
O01487,C0046,P015,2023-08-19 0:00:00,2,1008.28,20,806.62,11,Cancelled,Wallet
O01488,C0370,P005,2025-07-03 0:00:00,1,1730.27,5,1643.76,10,delivered,COD
O01489,C0383,P094,2024-03-14 0:00:00,5,7719.54,5,7333.56,10,Delivered,COD
O01490,C0007,P085,2024-01-02 0:00:00,5,2328.22,15,1978.99,9,Cancelled,COD
O01491,C0146,P003,2026-02-17 0:00:00,5,1484.48,10,1336.03,2,Cancelled,Wallet
O01492,C0069,P020,2024-08-10 0:00:00,2,9258.33,0,9258.33,6,Cancelled,Card
O01493,C0496,P045,2025-02-18 0:00:00,1,8479.92,20,6783.94,6,Delivered,UPI
O01494,C0399,P089,2026-04-09 0:00:00,2,7298.9,20,5839.12,3,Cancelled,UPI
O01495,C0098,P055,2025-01-05 0:00:00,1,2674.2,15,2273.07,5,Returned,COD
O01496,C0109,P004,2024-06-15 0:00:00,5,3983.56,10,3585.2,3,Delivered,Card
O01497,C0064,P047,2023-11-28 0:00:00,1,1838.04,15,1562.33,7,Cancelled,Card
O01498,C0032,P057,2023-06-24 0:00:00,5,5201.14,0,5201.14,10,Cancelled,Wallet
O01499,C0272,P084,2023-08-08 0:00:00,5,712.61,5,676.98,5,DELIVERED,COD
O01500,C0324,P083,2023-01-16 0:00:00,3,9552.69,5,9075.06,11,delivered,COD
O01501,C0465,P052,2025-10-13 0:00:00,1,2872.13,0,2872.13,6,Returned,Wallet
O01502,C0227,P076,2024-12-13 0:00:00,3,4520.3,10,4068.27,6,DELIVERED,COD
O01503,C0071,P033,2025-08-03 0:00:00,4,8513.3,5,8087.63,2,Cancelled,UPI
O01504,C0063,P005,2024-02-29 0:00:00,1,919.17,0,919.17,9,Delivered,Wallet
O01505,C0251,P021,2025-05-17 0:00:00,5,2683.58,15,2281.04,2,Returned,UPI
O01506,C0188,P058,2023-08-08 0:00:00,5,624.73,0,624.73,11,delivered,Wallet
O01507,C0032,P060,2023-06-22 0:00:00,1,8750.11,0,8750.11,12,delivered,Wallet
O01508,C0365,P030,2024-11-11 0:00:00,1,4381.57,0,4381.57,8,Delivered,UPI
O01509,C0154,P026,2025-03-31 0:00:00,3,3930.65,20,3144.52,8,delivered,UPI
O01510,C0273,P068,2024-12-28 0:00:00,2,735.51,20,588.41,6,Cancelled,Wallet
O01511,C0288,P001,2024-11-14 0:00:00,4,6163.52,15,5238.99,2,delivered,Card
O01512,C0456,P051,2025-06-13 0:00:00,5,4324.51,15,3675.83,7,delivered,UPI
O01513,C0359,P061,2023-02-08 0:00:00,3,6058.9,20,4847.12,3,Delivered,UPI
O01514,C0321,P076,2023-02-21 0:00:00,3,4328.35,15,3679.1,6,Delivered,UPI
O01515,C0468,P033,2023-03-18 0:00:00,1,4745.85,15,4033.97,2,Delivered,COD
O01516,C0289,P097,2024-07-06 0:00:00,5,2741.54,20,2193.23,12,Returned,UPI
O01517,C0022,P033,2025-10-24 0:00:00,3,2868.26,0,2868.26,3,Delivered,Wallet
O01518,C0402,P078,2025-12-19 0:00:00,3,6642.55,20,5314.04,7,Cancelled,Card
O01519,C0417,P054,2025-02-21 0:00:00,1,2387.31,20,1909.85,2,Returned,Wallet
O01520,C0111,P063,2024-08-10 0:00:00,3,1469.53,15,1249.1,3,Delivered,Wallet
O01521,C0391,P042,2025-06-13 0:00:00,4,5924.67,5,5628.44,3,delivered,Card
O01522,C0467,P015,2025-07-02 0:00:00,5,6862.45,20,5489.96,10,Delivered,UPI
O01523,C0072,P004,2024-03-14 0:00:00,3,2068.86,15,1758.53,11,Cancelled,UPI
O01524,C0046,P053,2023-04-23 0:00:00,5,4877.05,20,3901.64,2,delivered,UPI
O01525,C0121,P048,2026-03-16 0:00:00,3,1403.24,20,1122.59,2,Returned,Wallet
O01526,C0460,P015,2023-06-21 0:00:00,5,8907.03,20,7125.62,3,Cancelled,UPI
O01527,C0261,P004,2023-05-25 0:00:00,5,5284.67,20,4227.74,11,Returned,Wallet
O01528,C0232,P046,2025-12-04 0:00:00,3,3389.08,5,3219.63,2,Returned,Card
O01529,C0277,P023,2023-05-07 0:00:00,5,9837.13,20,7869.7,1,Delivered,COD
O01530,C0048,P024,2024-01-22 0:00:00,5,944.81,15,803.09,11,Cancelled,Wallet
O01531,C0343,P011,2023-11-20 0:00:00,1,3345.78,15,2843.91,11,Returned,Wallet
O01532,C0287,P065,2023-11-05 0:00:00,5,3068.95,5,2915.5,7,Cancelled,Wallet
O01533,C0137,P006,2024-12-27 0:00:00,5,9461.07,15,8041.91,1,delivered,UPI
O01534,C0058,P046,2025-05-24 0:00:00,3,9094.85,0,9094.85,7,Delivered,Wallet
O01535,C0458,P089,2026-02-06 0:00:00,5,6602.1,5,6271.99,11,Returned,Card
O01536,C0298,P085,2025-03-26 0:00:00,3,7367.22,10,6630.5,8,delivered,COD
O01537,C0428,P079,2025-02-09 0:00:00,1,8905.29,15,7569.5,5,Cancelled,Wallet
O01538,C0232,P066,2024-10-01 0:00:00,2,7343.37,20,5874.7,5,delivered,UPI
O01539,C0073,P021,2024-12-29 0:00:00,4,610.34,20,488.27,7,Returned,Card
O01540,C0496,P074,2024-03-30 0:00:00,4,3114.56,20,2491.65,9,DELIVERED,Wallet
O01541,C0451,P056,2023-10-09 0:00:00,4,5560.68,20,4448.54,1,DELIVERED,Wallet
O01542,C0035,P055,2023-02-15 0:00:00,4,1937.72,20,1550.18,10,Returned,UPI
O01543,C0301,P097,2024-05-23 0:00:00,1,3349.05,5,3181.6,2,DELIVERED,Wallet
O01544,C0120,P028,2025-08-31 0:00:00,2,9986.5,5,9487.17,2,Cancelled,UPI
O01545,C0165,P072,2025-11-12 0:00:00,3,2272.51,5,2158.88,5,Delivered,Wallet
O01546,C0465,P036,2024-09-10 0:00:00,3,7907.71,0,7907.71,6,Cancelled,Card
O01547,C0017,P025,2024-08-15 0:00:00,3,1683.41,0,1683.41,11,DELIVERED,UPI
O01548,C0248,P096,2023-05-14 0:00:00,5,4455.71,0,4455.71,12,Returned,Card
O01549,C0022,P070,2026-01-13 0:00:00,3,6148.2,20,4918.56,11,Delivered,Wallet
O01550,C0227,P035,2025-04-27 0:00:00,4,8416.62,5,7995.79,2,Returned,UPI
O01551,C0321,P049,2024-06-26 0:00:00,2,8477.48,20,6781.98,7,Returned,Wallet
O01552,C0358,P075,2025-03-21 0:00:00,5,6800.1,20,5440.08,4,Returned,Wallet
O01553,C0353,P012,2024-11-01 0:00:00,4,3460.35,20,2768.28,5,DELIVERED,Wallet
O01554,C0070,P093,2024-01-05 0:00:00,3,9799.51,0,9799.51,10,Delivered,Wallet
O01555,C0180,P015,2023-05-25 0:00:00,3,2840.77,15,2414.65,1,Cancelled,UPI
O01556,C0276,P097,2026-02-11 0:00:00,4,6986.28,0,6986.28,10,Cancelled,Card
O01557,C0065,P013,2025-11-20 0:00:00,4,3486.69,15,2963.69,11,Returned,COD
O01558,C0026,P004,2026-03-18 0:00:00,3,4037.69,0,4037.69,1,DELIVERED,Card
O01559,C0151,P049,2025-02-07 0:00:00,3,5538.35,20,4430.68,1,DELIVERED,Wallet
O01560,C0405,P056,2024-06-20 0:00:00,5,4631.63,15,3936.89,6,delivered,UPI
O01561,C0175,P069,2023-03-01 0:00:00,3,3490.1,10,3141.09,8,Returned,Wallet
O01562,C0413,P078,2023-03-01 0:00:00,3,7796.05,5,7406.25,9,Cancelled,Card
O01563,C0449,P049,2023-09-25 0:00:00,2,8641.85,10,7777.67,7,delivered,Wallet
O01564,C0172,P078,2024-12-11 0:00:00,3,7155.68,0,7155.68,11,delivered,UPI
O01565,C0061,P023,2023-11-08 0:00:00,1,7100.53,15,6035.45,3,DELIVERED,Card
O01566,C0160,P052,2023-10-03 0:00:00,4,4567.73,15,3882.57,8,DELIVERED,Wallet
O01567,C0364,P013,2023-07-09 0:00:00,1,4206.36,0,4206.36,5,DELIVERED,Wallet
O01568,C0004,P098,2026-01-04 0:00:00,3,5567.38,20,4453.9,1,Delivered,UPI
O01569,C0287,P017,2024-02-06 0:00:00,4,6093.69,15,5179.64,8,Delivered,Card
O01570,C0477,P035,2025-07-02 0:00:00,5,6157.48,10,5541.73,1,delivered,Wallet
O01571,C0057,P022,2023-04-20 0:00:00,3,8601.05,15,7310.89,12,delivered,Wallet
O01572,C0178,P090,2025-03-01 0:00:00,3,2673.67,15,2272.62,7,Returned,UPI
O01573,C0486,P066,2023-12-25 0:00:00,4,5764.02,5,5475.82,5,DELIVERED,Card
O01574,C0186,P097,2024-07-03 0:00:00,1,6881.62,5,6537.54,5,Delivered,UPI
O01575,C0174,P095,2023-10-26 0:00:00,4,2917.41,10,2625.67,8,delivered,UPI
O01576,C0230,P037,2026-01-05 0:00:00,1,1829.47,5,1738,12,Returned,Wallet
O01577,C0392,P027,2024-05-12 0:00:00,5,7467.68,0,7467.68,7,DELIVERED,Card
O01578,C0276,P049,2023-12-14 0:00:00,4,2112.35,5,2006.73,9,Delivered,Wallet
O01579,C0311,P050,2024-05-20 0:00:00,3,7285.06,20,5828.05,2,Delivered,COD
O01580,C0406,P030,2024-10-27 0:00:00,3,7290.2,5,6925.69,10,Returned,Wallet
O01581,C0452,P040,2023-01-25 0:00:00,2,3034.27,5,2882.56,4,Delivered,UPI
O01582,C0147,P066,2023-05-18 0:00:00,5,1156.67,15,983.17,9,Cancelled,COD
O01583,C0134,P034,2025-05-25 0:00:00,2,3149.11,10,2834.2,6,Delivered,Wallet
O01584,C0309,P080,2024-03-21 0:00:00,2,8284.77,10,7456.29,8,Cancelled,Wallet
O01585,C0064,P019,2026-01-04 0:00:00,1,647.91,10,583.12,10,Cancelled,Wallet
O01586,C0291,P075,2025-05-21 0:00:00,5,6780.17,20,5424.14,10,Returned,Wallet
O01587,C0247,P075,2023-09-30 0:00:00,5,7875.91,20,6300.73,6,Cancelled,UPI
O01588,C0019,P012,2026-01-11 0:00:00,3,8477.58,5,8053.7,4,Cancelled,COD
O01589,C0116,P076,2025-07-09 0:00:00,2,3044.1,5,2891.89,11,delivered,Wallet
O01590,C0331,P085,2026-01-30 0:00:00,2,2763.54,0,2763.54,2,Cancelled,UPI
O01591,C0108,P023,2025-11-24 0:00:00,4,9239.53,5,8777.55,10,Returned,UPI
O01592,C0023,P015,2023-01-31 0:00:00,5,5791.94,5,5502.34,2,delivered,Card
O01593,C0198,P060,2025-06-07 0:00:00,2,8945.15,0,8945.15,9,Cancelled,UPI
O01594,C0344,P072,2025-09-11 0:00:00,1,9145.39,20,7316.31,10,Cancelled,UPI
O01595,C0408,P012,2024-08-14 0:00:00,1,5703.54,10,5133.19,7,Delivered,Card
O01596,C0484,P011,2025-11-11 0:00:00,5,3248.95,10,2924.05,11,Delivered,Wallet
O01597,C0162,P040,2025-04-16 0:00:00,3,4500.83,20,3600.66,4,Returned,COD
O01598,C0235,P097,2025-04-07 0:00:00,1,831.26,5,789.7,1,delivered,UPI
O01599,C0302,P049,2025-06-15 0:00:00,3,8265.01,10,7438.51,12,Delivered,COD
O01600,C0200,P055,2024-07-04 0:00:00,1,9077.92,0,9077.92,11,Delivered,UPI
O01601,C0445,P012,2023-07-04 0:00:00,1,9097.38,15,7732.77,5,delivered,COD
O01602,C0315,P076,2024-07-04 0:00:00,1,8173.75,20,6539,7,Returned,Wallet
O01603,C0390,P025,2025-05-30 0:00:00,1,5466.53,0,5466.53,9,Cancelled,Wallet
O01604,C0291,P073,2025-04-09 0:00:00,2,3294.91,5,3130.16,12,delivered,Wallet
O01605,C0222,P072,2026-02-11 0:00:00,5,4861.58,0,4861.58,9,Returned,Wallet
O01606,C0187,P004,2025-01-29 0:00:00,1,4988.55,15,4240.27,2,Returned,Wallet
O01607,C0012,P089,2024-04-29 0:00:00,2,3948.7,0,3948.7,7,delivered,UPI
O01608,C0268,P074,2026-02-18 0:00:00,1,1760.66,10,1584.59,11,delivered,Wallet
O01609,C0390,P074,2025-01-24 0:00:00,1,3375.89,0,3375.89,1,delivered,UPI
O01610,C0236,P063,2025-07-24 0:00:00,4,3931.47,20,3145.18,2,DELIVERED,UPI
O01611,C0050,P070,2026-02-03 0:00:00,2,5138.64,15,4367.84,2,delivered,COD
O01612,C0224,P035,2023-12-29 0:00:00,1,6281.24,20,5024.99,3,delivered,Card
O01613,C0231,P007,2024-06-25 0:00:00,5,9458.74,10,8512.87,2,DELIVERED,COD
O01614,C0191,P063,2023-04-03 0:00:00,2,1499.74,20,1199.79,5,DELIVERED,Wallet
O01615,C0255,P001,2026-03-22 0:00:00,5,1700.98,20,1360.78,6,Delivered,UPI
O01616,C0210,P036,2023-04-19 0:00:00,1,6505.12,5,6179.86,6,Cancelled,Card
O01617,C0091,P065,2023-11-30 0:00:00,2,8359.17,10,7523.25,8,Returned,Wallet
O01618,C0249,P067,2025-11-24 0:00:00,3,8930.53,10,8037.48,-1,delivered,Card
O01619,C0038,P050,2026-01-15 0:00:00,3,7312.23,5,6946.62,7,DELIVERED,UPI
O01620,C0358,P097,2023-05-01 0:00:00,4,1126.16,10,1013.54,11,Delivered,UPI
O01621,C0454,P014,2023-06-26 0:00:00,5,4032.11,0,4032.11,8,DELIVERED,Card
O01622,C0485,P057,2023-04-20 0:00:00,4,1268.27,0,1268.27,4,Returned,Card
O01623,C0304,P041,2023-01-31 0:00:00,2,916.58,15,779.09,7,Delivered,Wallet
O01624,C0403,P040,2026-02-24 0:00:00,3,9107.48,0,9107.48,10,DELIVERED,COD
O01625,C0240,P053,2026-02-11 0:00:00,2,8201.92,5,7791.82,9,Returned,Card
O01626,C0393,P015,2025-04-26 0:00:00,4,3773.83,20,3019.06,8,Delivered,Wallet
O01627,C0416,P069,2023-06-19 0:00:00,5,9294.11,15,7899.99,5,delivered,UPI
O01628,C0340,P079,2025-04-05 0:00:00,1,2949.26,0,2949.26,9,delivered,Card
O01629,C0185,P057,2024-06-08 0:00:00,1,4948.58,10,4453.72,12,Returned,Card
O01630,C0208,P035,2026-01-22 0:00:00,3,8777.89,5,8339,1,Cancelled,UPI
O01631,C0129,P039,2026-01-14 0:00:00,4,4754.14,20,3803.31,12,Returned,Card
O01632,C0196,P081,2024-09-02 0:00:00,5,3384.58,5,3215.35,4,Cancelled,Card
O01633,C0475,P036,2023-04-13 0:00:00,5,950.61,10,855.55,8,Cancelled,COD
O01634,C0082,P027,2026-03-02 0:00:00,4,6388.81,10,5749.93,7,delivered,UPI
O01635,C0055,P006,2025-10-07 0:00:00,5,823.14,10,740.83,6,DELIVERED,UPI
O01636,C0052,P060,2025-11-05 0:00:00,5,1466.31,5,1392.99,2,Cancelled,UPI
O01637,C0361,P057,2025-03-07 0:00:00,5,9869.66,0,9869.66,5,Delivered,Card
O01638,C0471,P030,2024-10-07 0:00:00,2,6521.54,15,5543.31,6,DELIVERED,UPI
O01639,C0225,P041,2026-03-04 0:00:00,2,9983,0,9983,3,DELIVERED,UPI
O01640,C0471,P007,2023-06-11 0:00:00,1,2000.13,15,1700.11,12,DELIVERED,UPI
O01641,C0495,P084,2024-06-15 0:00:00,3,2538.69,5,2411.76,6,Cancelled,Wallet
O01642,C0052,P098,2025-06-26 0:00:00,3,803.91,10,723.52,8,delivered,Card
O01643,C0381,P076,2025-01-19 0:00:00,4,6152.12,0,6152.12,12,Delivered,Card
O01644,C0319,P028,2024-09-14 0:00:00,1,957.37,15,813.76,11,Delivered,Card
O01645,C0450,P028,2025-05-27 0:00:00,5,1625.92,10,1463.33,1,Delivered,Wallet
O01646,C0154,P081,2023-07-12 0:00:00,5,7137.93,10,6424.14,9,delivered,COD
O01647,C0178,P098,2024-05-13 0:00:00,5,6357.69,5,6039.81,6,DELIVERED,Wallet
O01648,C0031,P053,2025-09-24 0:00:00,3,1891.83,10,1702.65,1,Returned,Wallet
O01649,C0031,P010,2026-01-24 0:00:00,1,6619.19,15,5626.31,9,Cancelled,Wallet
O01650,C0137,P089,2023-09-14 0:00:00,4,2996.3,5,2846.49,9,delivered,Card
O01651,C0442,P029,2023-02-12 0:00:00,5,8558.64,10,7702.78,6,Delivered,Wallet
O01652,C0112,P021,2024-12-13 0:00:00,4,4855.52,5,4612.74,1,Delivered,UPI
O01653,C0461,P051,2024-01-12 0:00:00,4,2518.91,15,2141.07,3,DELIVERED,UPI
O01654,C0096,P085,2026-03-18 0:00:00,4,5603.77,5,5323.58,11,delivered,Card
O01655,C0404,P005,2026-03-16 0:00:00,2,3423.3,0,3423.3,12,Delivered,Wallet
O01656,C0285,P053,2025-11-11 0:00:00,1,3883.61,0,3883.61,9,DELIVERED,Card
O01657,C0228,P029,2023-10-06 0:00:00,1,1938.93,0,1938.93,7,Returned,UPI
O01658,C0172,P097,2026-02-26 0:00:00,3,9015.65,10,8114.09,8,Returned,Wallet
O01659,C0088,P076,2025-05-17 0:00:00,4,3571.14,20,2856.91,2,DELIVERED,Card
O01660,C0409,P002,2023-10-17 0:00:00,4,941.05,5,894,3,Cancelled,COD
O01661,C0456,P004,2023-09-16 0:00:00,3,5446.28,0,5446.28,8,Delivered,Wallet
O01662,C0366,P097,2026-02-01 0:00:00,1,1362.92,10,1226.63,4,Delivered,Card
O01663,C0372,P085,2023-12-17 0:00:00,2,4598.77,5,4368.83,10,Delivered,COD
O01664,C0371,P001,2025-01-19 0:00:00,5,7963.93,20,6371.14,8,Returned,UPI
O01665,C0275,P048,2024-11-11 0:00:00,4,1510.95,0,1510.95,4,Returned,Wallet
O01666,C0354,P061,2023-12-09 0:00:00,1,7438.14,10,6694.33,8,Delivered,Wallet
O01667,C0470,P031,2025-09-07 0:00:00,5,5409.26,0,5409.26,6,Returned,Wallet
O01668,C0261,P075,2025-09-09 0:00:00,2,1138.1,15,967.38,3,delivered,Wallet
O01669,C0050,P066,2023-10-10 0:00:00,3,3651.14,10,3286.03,11,delivered,Wallet
O01670,C0151,P069,2023-09-19 0:00:00,2,511.58,5,486,10,delivered,Card
O01671,C0143,P084,2024-03-08 0:00:00,2,1062.02,0,1062.02,8,delivered,Wallet
O01672,C0101,P090,2023-01-21 0:00:00,1,1127.37,10,1014.63,12,delivered,UPI
O01673,C0480,P092,2023-11-02 0:00:00,2,843.1,5,800.94,5,delivered,Card
O01674,C0357,P014,2024-05-14 0:00:00,2,7310.93,15,6214.29,3,DELIVERED,Card
O01675,C0172,P007,2025-04-13 0:00:00,1,9035.86,5,8584.07,7,DELIVERED,Wallet
O01676,C0119,P057,2025-07-24 0:00:00,2,527.42,0,527.42,10,Cancelled,COD
O01677,C0068,P099,2023-05-26 0:00:00,4,9079.39,0,9079.39,4,Delivered,Card
O01678,C0443,P078,2023-03-25 0:00:00,5,1351.76,0,1351.76,7,delivered,Wallet
O01679,C0278,P036,2023-05-17 0:00:00,5,2572.61,0,2572.61,12,Returned,Wallet
O01680,C0481,P016,2025-05-09 0:00:00,4,2040.92,20,1632.74,4,Cancelled,UPI
O01681,C0497,P054,2025-03-16 0:00:00,5,1030.83,15,876.21,6,Cancelled,UPI
O01682,C0293,P066,2025-03-17 0:00:00,4,2721.74,15,2313.48,2,DELIVERED,COD
O01683,C0154,P084,2023-03-16 0:00:00,1,3380.37,10,3042.33,5,Cancelled,Wallet
O01684,C0368,P029,2026-03-08 0:00:00,4,9807.12,10,8826.41,4,Cancelled,COD
O01685,C0098,P017,2023-12-12 0:00:00,1,3371.86,20,2697.49,8,Cancelled,Card
O01686,C0131,P028,2025-04-21 0:00:00,4,8879.61,0,8879.61,3,delivered,COD
O01687,C0348,P066,2025-11-17 0:00:00,5,7106.55,10,6395.9,2,Delivered,Wallet
O01688,C0051,P095,2025-04-14 0:00:00,4,9516.86,20,7613.49,10,delivered,Card
O01689,C0350,P049,2024-06-23 0:00:00,3,9120.68,0,9120.68,10,delivered,Card
O01690,C0495,P037,2025-08-01 0:00:00,5,3718.94,5,3532.99,12,delivered,COD
O01691,C0487,P026,2023-03-13 0:00:00,1,3964.37,5,3766.15,5,delivered,UPI
O01692,C0256,P052,2023-02-27 0:00:00,1,7210.86,10,6489.77,9,DELIVERED,COD
O01693,C0346,P035,2025-10-19 0:00:00,3,8703.89,15,7398.31,10,DELIVERED,Wallet
O01694,C0172,P026,2025-01-08 0:00:00,4,6074.85,10,5467.37,11,delivered,Wallet
O01695,C0305,P100,2025-10-26 0:00:00,3,5861.02,10,5274.92,12,Cancelled,UPI
O01696,C0176,P037,2025-01-27 0:00:00,4,2481.91,10,2233.72,3,Delivered,Wallet
O01697,C0261,P012,2024-11-30 0:00:00,1,5940.52,20,4752.42,5,delivered,Wallet
O01698,C0155,P058,2024-01-08 0:00:00,5,1854.66,10,1669.19,7,Delivered,Card
O01699,C0398,P092,2023-09-01 0:00:00,1,4805.4,10,4324.86,6,DELIVERED,Card
O01700,C0489,P034,2026-01-20 0:00:00,4,1664.13,10,1497.72,11,Returned,Card
O01701,C0155,P100,2024-10-10 0:00:00,2,8030.07,5,7628.57,2,DELIVERED,Card
O01702,C0116,P014,2023-02-07 0:00:00,1,4801.65,15,4081.4,8,Delivered,Wallet
O01703,C0073,P016,2023-06-12 0:00:00,1,5208.98,20,4167.18,3,DELIVERED,Wallet
O01704,C0108,P047,2024-07-26 0:00:00,4,1377.59,20,1102.07,3,delivered,Wallet
O01705,C0334,P087,2025-10-17 0:00:00,5,8076.35,10,7268.72,11,Delivered,UPI
O01706,C0013,P089,2025-12-19 0:00:00,4,2342.96,5,2225.81,11,Cancelled,COD
O01707,C0296,P056,2025-03-30 0:00:00,2,2614.36,15,2222.21,3,DELIVERED,Wallet
O01708,C0331,P006,2025-01-01 0:00:00,2,2352.3,0,2352.3,1,delivered,Wallet
O01709,C0338,P006,2023-03-16 0:00:00,5,1097.38,10,987.64,9,Delivered,Card
O01710,C0159,P024,2024-10-16 0:00:00,4,8635.18,5,8203.42,2,Cancelled,Card
O01711,C0355,P016,2024-03-21 0:00:00,1,4541.51,20,3633.21,10,Cancelled,Wallet
O01712,C0063,P026,2025-02-13 0:00:00,1,5196.58,5,4936.75,4,Returned,COD
O01713,C0465,P093,2023-02-24 0:00:00,3,7237.28,20,5789.82,3,Returned,Card
O01714,C0066,P093,2025-02-03 0:00:00,5,7399.42,15,6289.51,6,Returned,COD
O01715,C0355,P099,2025-06-25 0:00:00,2,9140.67,5,8683.64,11,delivered,Wallet
O01716,C0148,P047,2025-08-28 0:00:00,2,8989.4,20,7191.52,1,delivered,COD
O01717,C0180,P005,2025-08-19 0:00:00,2,1727.43,15,1468.32,9,Cancelled,UPI
O01718,C0200,P078,2025-10-16 0:00:00,1,5736.66,15,4876.16,3,Delivered,Wallet
O01719,C0008,P063,2023-09-13 0:00:00,2,8382.77,5,7963.63,2,delivered,Wallet
O01720,C0348,P072,2024-01-10 0:00:00,1,3865.1,20,3092.08,9,Delivered,Wallet
O01721,C0400,P052,2025-09-06 0:00:00,4,9268.91,10,8342.02,5,delivered,COD
O01722,C0354,P020,2023-10-18 0:00:00,4,7660.64,5,7277.61,4,delivered,Wallet
O01723,C0178,P072,2026-03-05 0:00:00,1,6530.03,20,5224.02,3,delivered,Card
O01724,C0094,P080,2024-11-22 0:00:00,2,7475.4,10,6727.86,7,delivered,COD
O01725,C0405,P093,2025-09-07 0:00:00,1,9052.07,5,8599.47,11,delivered,UPI
O01726,C0142,P014,2024-04-28 0:00:00,1,5549.94,10,4994.95,8,Delivered,Wallet
O01727,C0335,P072,2024-10-25 0:00:00,3,2676.59,20,2141.27,2,delivered,UPI
O01728,C0030,P066,2024-08-10 0:00:00,1,2587.64,15,2199.49,11,Cancelled,Card
O01729,C0033,P041,2024-07-20 0:00:00,5,8367.63,15,7112.49,7,Cancelled,UPI
O01730,C0480,P081,2023-05-18 0:00:00,3,3524.99,20,2819.99,3,DELIVERED,UPI
O01731,C0393,P087,2024-12-01 0:00:00,4,9784.86,10,8806.37,10,DELIVERED,Wallet
O01732,C0304,P028,2024-10-19 0:00:00,3,660.62,0,660.62,7,Cancelled,Wallet
O01733,C0416,P018,2023-02-07 0:00:00,4,3898.65,5,3703.72,1,DELIVERED,Card
O01734,C0255,P013,2023-10-06 0:00:00,4,9775.75,0,9775.75,11,Delivered,Card
O01735,C0221,P080,2025-04-06 0:00:00,3,1196.27,5,1136.46,12,Cancelled,Wallet
O01736,C0243,P028,2023-06-01 0:00:00,5,6649.03,15,5651.68,9,delivered,Wallet
O01737,C0395,P024,2023-09-28 0:00:00,4,8985.37,5,8536.1,10,Cancelled,Wallet
O01738,C0274,P080,2025-08-31 0:00:00,1,4873.63,10,4386.27,9,Returned,Wallet
O01739,C0293,P090,2024-09-24 0:00:00,3,2753.7,5,2616.01,11,delivered,UPI
O01740,C0016,P066,2026-03-30 0:00:00,5,1371.11,15,1165.44,4,DELIVERED,Card
O01741,C0036,P046,2023-02-18 0:00:00,2,1684.55,0,1684.55,10,DELIVERED,Wallet
O01742,C0410,P037,2025-09-09 0:00:00,4,3086.73,10,2778.06,8,Delivered,UPI
O01743,C0159,P070,2025-06-10 0:00:00,1,1832.66,20,1466.13,5,Cancelled,Wallet
O01744,C0454,P012,2025-05-09 0:00:00,3,5937.76,20,4750.21,5,delivered,Wallet
O01745,C0017,P003,2025-04-12 0:00:00,3,4552.99,0,4552.99,6,delivered,COD
O01746,C0379,P050,2024-07-11 0:00:00,3,7140.8,15,6069.68,10,Returned,Wallet
O01747,C0452,P082,2026-03-04 0:00:00,5,2271.48,15,1930.76,2,DELIVERED,Card
O01748,C0356,P048,2025-08-12 0:00:00,5,7111.48,5,6755.91,1,Delivered,Card
O01749,C0212,P087,2024-02-27 0:00:00,3,3822.76,5,3631.62,8,Cancelled,COD
O01750,C0318,P072,2026-03-13 0:00:00,2,9880.76,10,8892.68,9,DELIVERED,Wallet
O01751,C0127,P039,2024-11-07 0:00:00,4,3812.47,10,3431.22,7,DELIVERED,COD
O01752,C0314,P016,2025-03-21 0:00:00,2,3420.22,10,3078.2,5,Returned,Wallet
O01753,C0484,P034,2024-07-18 0:00:00,5,2823.59,20,2258.87,12,Returned,Wallet
O01754,C0009,P068,2026-02-23 0:00:00,3,2650.94,10,2385.85,5,delivered,Card
O01755,C0310,P093,2025-09-03 0:00:00,2,953.57,10,858.21,3,delivered,Wallet
O01756,C0052,P032,2023-11-19 0:00:00,5,6604.18,20,5283.34,5,Delivered,UPI
O01757,C0441,P062,2023-03-30 0:00:00,5,4732.66,0,4732.66,2,Cancelled,COD
O01758,C0323,P091,2025-04-25 0:00:00,3,9042.76,20,7234.21,5,DELIVERED,COD
O01759,C0020,P032,2023-01-21 0:00:00,4,8103.35,5,7698.18,3,Delivered,COD
O01760,C0076,P093,2024-04-02 0:00:00,3,5883.51,10,5295.16,2,Returned,UPI
O01761,C0105,P094,2025-08-03 0:00:00,1,1843.63,10,1659.27,2,DELIVERED,Wallet
O01762,C0299,P044,2025-08-23 0:00:00,3,5523.27,20,4418.62,6,Delivered,Wallet
O01763,C0112,P009,2024-06-18 0:00:00,4,9723.1,0,9723.1,10,DELIVERED,Wallet
O01764,C0044,P010,2024-04-01 0:00:00,3,2296.95,10,2067.26,4,Returned,Wallet
O01765,C0098,P053,2023-11-19 0:00:00,3,956.55,5,908.72,3,delivered,UPI
O01766,C0209,P027,2023-08-09 0:00:00,2,2351.58,15,1998.84,5,Delivered,COD
O01767,C0355,P087,2025-03-22 0:00:00,2,6801.21,20,5440.97,12,Returned,UPI
O01768,C0292,P036,2025-02-20 0:00:00,1,5745.6,10,5171.04,3,Returned,UPI
O01769,C0225,P037,2023-05-12 0:00:00,2,8918.15,0,8918.15,8,Cancelled,COD
O01770,C0030,P020,2024-04-12 0:00:00,2,9938.7,10,8944.83,6,Returned,COD
O01771,C0217,P051,2024-11-23 0:00:00,1,2052.01,20,1641.61,5,delivered,Wallet
O01772,C0267,P020,2024-04-23 0:00:00,3,7433.41,5,7061.74,3,Delivered,Card
O01773,C0111,P027,2023-01-21 0:00:00,1,1777.2,15,1510.62,2,delivered,UPI
O01774,C0376,P089,2023-09-09 0:00:00,2,2374.05,15,2017.94,2,Cancelled,Wallet
O01775,C0073,P100,2025-09-06 0:00:00,3,9361.74,0,9361.74,7,Returned,Wallet
O01776,C0030,P023,2024-07-23 0:00:00,3,7633.59,10,6870.23,12,DELIVERED,Card
O01777,C0298,P072,2024-06-13 0:00:00,1,1243.3,5,1181.13,12,Cancelled,Card
O01778,C0024,P017,2026-01-11 0:00:00,2,775.91,10,698.32,3,DELIVERED,Wallet
O01779,C0047,P059,2023-11-30 0:00:00,1,9492.21,20,7593.77,1,delivered,Card
O01780,C0212,P034,2026-01-24 0:00:00,3,995.13,10,895.62,12,Cancelled,UPI
O01781,C0212,P014,2024-01-10 0:00:00,4,6600.83,15,5610.71,5,DELIVERED,UPI
O01782,C0079,P087,2025-08-18 0:00:00,4,3917.73,20,3134.18,8,delivered,COD
O01783,C0307,P006,2026-04-12 0:00:00,5,8785.99,0,8785.99,6,DELIVERED,Wallet
O01784,C0372,P095,2023-10-29 0:00:00,4,7703.37,10,6933.03,9,delivered,Wallet
O01785,C0407,P024,2023-07-24 0:00:00,2,6458.41,15,5489.65,2,delivered,UPI
O01786,C0022,P031,2024-12-10 0:00:00,1,9803.6,0,9803.6,9,Returned,Wallet
O01787,C0442,P063,2024-08-19 0:00:00,5,974.97,0,974.97,1,Delivered,Card
O01788,C0317,P033,2024-12-27 0:00:00,5,1934.98,0,1934.98,10,delivered,Wallet
O01789,C0090,P019,2025-10-05 0:00:00,3,7484.58,0,7484.58,3,Cancelled,COD
O01790,C0185,P038,2023-11-03 0:00:00,2,2592.96,15,2204.02,1,delivered,UPI
O01791,C0303,P083,2025-02-22 0:00:00,4,2173.4,10,1956.06,5,delivered,Card
O01792,C0151,P039,2025-06-25 0:00:00,1,7077.38,5,6723.51,5,Delivered,COD
O01793,C0473,P043,2023-01-25 0:00:00,5,8485.87,15,7212.99,10,DELIVERED,Wallet
O01794,C0350,P049,2025-11-05 0:00:00,1,8142.18,0,8142.18,10,DELIVERED,UPI
O01795,C0230,P064,2024-06-11 0:00:00,5,7777.84,10,7000.06,11,Returned,Card
O01796,C0380,P041,2025-04-28 0:00:00,4,4557.82,5,4329.93,10,delivered,COD
O01797,C0082,P046,2026-03-07 0:00:00,2,4797.33,15,4077.73,3,delivered,UPI
O01798,C0073,P078,2023-10-02 0:00:00,4,1265.26,15,1075.47,2,Delivered,COD
O01799,C0060,P010,2024-10-22 0:00:00,5,7388.71,5,7019.27,5,Cancelled,Card
O01800,C0359,P075,2025-04-03 0:00:00,1,1940.53,10,1746.48,11,delivered,Wallet
O01801,C0424,P080,2024-08-30 0:00:00,2,4901.09,5,4656.04,3,delivered,UPI
O01802,C0264,P004,2026-02-02 0:00:00,4,4081.34,10,3673.21,10,DELIVERED,UPI
O01803,C0390,P006,2023-03-31 0:00:00,2,2445.25,0,2445.25,9,DELIVERED,Wallet
O01804,C0033,P083,2023-06-21 0:00:00,5,8590.84,5,8161.3,3,delivered,Card
O01805,C0384,P038,2025-11-13 0:00:00,1,9522.69,5,9046.56,6,Delivered,COD
O01806,C0256,P052,2024-09-02 0:00:00,5,1959.71,15,1665.75,9,Delivered,UPI
O01807,C0030,P050,2024-09-25 0:00:00,5,1542.49,10,1388.24,9,DELIVERED,Card
O01808,C0469,P064,2025-06-24 0:00:00,1,904.51,15,768.83,9,Returned,Wallet
O01809,C0492,P050,2025-04-02 0:00:00,2,8403.13,20,6722.5,12,DELIVERED,Wallet
O01810,C0067,P028,2024-08-29 0:00:00,3,7863.17,0,7863.17,12,delivered,UPI
O01811,C0039,P025,2024-01-10 0:00:00,5,1838.64,15,1562.84,3,Delivered,COD
O01812,C0112,P015,2024-07-30 0:00:00,1,931.99,5,885.39,9,Cancelled,Wallet
O01813,C0229,P020,2025-04-12 0:00:00,5,7838.61,0,7838.61,10,Returned,Wallet
O01814,C0050,P084,2023-11-26 0:00:00,5,9779.26,10,8801.33,9,Returned,Card
O01815,C0217,P053,2023-02-12 0:00:00,1,7485.88,0,7485.88,7,delivered,UPI
O01816,C0173,P025,2026-01-19 0:00:00,1,551.14,5,523.58,9,Cancelled,Card
O01817,C0139,P032,2025-12-20 0:00:00,1,536.56,0,536.56,3,delivered,Wallet
O01818,C0432,P079,2023-12-17 0:00:00,1,9385.52,20,7508.42,7,Returned,Wallet
O01819,C0084,P059,2025-06-12 0:00:00,1,1066.59,15,906.6,7,delivered,Card
O01820,C0313,P050,2024-02-22 0:00:00,2,8516.45,5,8090.63,9,delivered,Wallet
O01821,C0059,P081,2026-01-15 0:00:00,4,9051.22,0,9051.22,11,Cancelled,Card
O01822,C0495,P100,2023-08-11 0:00:00,4,4821.32,5,4580.25,5,Delivered,UPI
O01823,C0461,P029,2023-11-09 0:00:00,2,1973,20,1578.4,4,Delivered,Wallet
O01824,C0237,P095,2023-05-10 0:00:00,5,7445.35,5,7073.08,3,Returned,Wallet
O01825,C0253,P050,2023-07-14 0:00:00,3,7228.35,0,7228.35,8,Delivered,Wallet
O01826,C0479,P069,2025-12-06 0:00:00,3,8342.46,5,7925.34,12,Delivered,COD
O01827,C0228,P053,2023-08-28 0:00:00,2,7818.08,20,6254.46,10,Cancelled,Wallet
O01828,C0330,P032,2026-01-13 0:00:00,1,3847.26,20,3077.81,9,DELIVERED,COD
O01829,C0078,P090,2025-03-11 0:00:00,4,2192.85,0,2192.85,12,Cancelled,COD
O01830,C0295,P013,2023-10-11 0:00:00,4,5571.73,5,5293.14,6,DELIVERED,Wallet
O01831,C0176,P042,2024-04-02 0:00:00,2,3426.46,20,2741.17,3,Returned,COD
O01832,C0153,P018,2026-04-01 0:00:00,4,6468.61,0,6468.61,12,Returned,UPI
O01833,C0211,P055,2024-09-15 0:00:00,4,3047.11,15,2590.04,10,Delivered,Wallet
O01834,C0284,P077,2025-07-25 0:00:00,5,6377.99,15,5421.29,1,DELIVERED,Wallet
O01835,C0208,P036,2023-06-04 0:00:00,3,5811.92,20,4649.54,5,Returned,Card
O01836,C0125,P037,2025-07-27 0:00:00,5,8118.84,10,7306.96,8,Returned,COD
O01837,C0055,P049,2024-08-22 0:00:00,2,4287.35,20,3429.88,9,Returned,Wallet
O01838,C0086,P085,2025-11-20 0:00:00,1,3019.6,10,2717.64,7,Cancelled,UPI
O01839,C0084,P052,2023-10-13 0:00:00,3,9666.1,0,9666.1,1,Cancelled,UPI
O01840,C0010,P070,2024-01-02 0:00:00,4,4302.04,20,3441.63,1,DELIVERED,Wallet
O01841,C0285,P070,2026-03-19 0:00:00,3,3906.41,0,3906.41,1,Returned,Card
O01842,C0283,P031,2025-08-28 0:00:00,1,3633.86,10,3270.47,9,DELIVERED,UPI
O01843,C0404,P048,2023-01-27 0:00:00,5,3802.51,5,3612.38,8,Delivered,UPI
O01844,C0207,P014,2024-12-29 0:00:00,2,936.28,10,842.65,11,delivered,UPI
O01845,C0099,P057,2026-01-13 0:00:00,3,4180.32,0,4180.32,10,DELIVERED,Wallet
O01846,C0468,P003,2023-08-31 0:00:00,4,5910.08,20,4728.06,12,Returned,Wallet
O01847,C0385,P027,2025-05-25 0:00:00,2,4437.23,0,4437.23,11,DELIVERED,UPI
O01848,C0068,P077,2023-03-30 0:00:00,1,2693.8,10,2424.42,5,Cancelled,Wallet
O01849,C0420,P048,2023-12-04 0:00:00,3,6820.02,15,5797.02,7,DELIVERED,UPI
O01850,C0313,P077,2025-06-12 0:00:00,4,1846.75,5,1754.41,6,Cancelled,Card
O01851,C0064,P078,2023-01-17 0:00:00,3,9358.17,5,8890.26,3,DELIVERED,Card
O01852,C0133,P064,2024-09-21 0:00:00,2,9352.77,10,8417.49,1,Cancelled,Wallet
O01853,C0308,P056,2024-10-30 0:00:00,3,5641.25,10,5077.12,4,delivered,UPI
O01854,C0042,P018,2024-08-11 0:00:00,2,5576.59,10,5018.93,11,DELIVERED,COD
O01855,C0128,P051,2023-09-19 0:00:00,2,1465.46,20,1172.37,12,delivered,UPI
O01856,C0074,P082,2025-08-06 0:00:00,1,9328.31,15,7929.06,11,Cancelled,Card
O01857,C0127,P080,2024-12-10 0:00:00,4,7837.81,20,6270.25,12,Returned,COD
O01858,C0157,P022,2024-12-10 0:00:00,3,5764.37,5,5476.15,11,delivered,COD
O01859,C0315,P011,2025-07-07 0:00:00,1,4357.76,20,3486.21,6,Delivered,UPI
O01860,C0186,P040,2023-07-09 0:00:00,3,9204.25,20,7363.4,1,DELIVERED,Wallet
O01861,C0327,P028,2024-12-31 0:00:00,4,3418.93,15,2906.09,6,delivered,COD
O01862,C0061,P046,2026-04-04 0:00:00,4,8801.53,10,7921.38,8,DELIVERED,Wallet
O01863,C0105,P005,2024-11-13 0:00:00,4,2394.67,10,2155.2,10,delivered,Wallet
O01864,C0112,P054,2023-06-20 0:00:00,5,5576,5,5297.2,9,Delivered,Card
O01865,C0219,P005,2025-11-16 0:00:00,2,8342.23,20,6673.78,3,Cancelled,Wallet
O01866,C0246,P070,2025-08-31 0:00:00,5,8951.43,20,7161.14,3,delivered,UPI
O01867,C0033,P041,2024-01-07 0:00:00,3,8358.49,15,7104.72,11,Delivered,Wallet
O01868,C0116,P062,2025-11-14 0:00:00,3,4381.64,5,4162.56,12,Delivered,UPI
O01869,C0245,P025,2024-08-22 0:00:00,5,5862.99,0,5862.99,11,DELIVERED,Wallet
O01870,C0478,P021,2025-03-25 0:00:00,4,1332.41,15,1132.55,7,Returned,UPI
O01871,C0295,P033,2025-02-09 0:00:00,3,2632.6,15,2237.71,10,Cancelled,COD
O01872,C0354,P005,2023-08-18 0:00:00,3,1000.25,20,800.2,1,Delivered,Wallet
O01873,C0273,P030,2024-11-28 0:00:00,5,5763.98,15,4899.38,1,delivered,UPI
O01874,C0464,P037,2023-12-15 0:00:00,1,5632.87,15,4787.94,5,DELIVERED,Wallet
O01875,C0318,P097,2025-07-26 0:00:00,3,7493.16,20,5994.53,5,Returned,COD
O01876,C0169,P082,2026-03-15 0:00:00,4,2121.62,10,1909.46,8,DELIVERED,Wallet
O01877,C0092,P019,2023-05-27 0:00:00,2,9481.75,0,9481.75,1,Cancelled,Wallet
O01878,C0434,P081,2023-06-01 0:00:00,4,7445.72,20,5956.58,11,delivered,COD
O01879,C0461,P011,2025-08-04 0:00:00,5,5634.26,20,4507.41,8,Delivered,COD
O01880,C0405,P035,2024-02-27 0:00:00,5,5526.65,10,4973.98,2,Cancelled,Wallet
O01881,C0043,P024,2024-03-21 0:00:00,2,5469.19,15,4648.81,2,Delivered,Card
O01882,C0397,P011,2026-03-29 0:00:00,5,5276.39,15,4484.93,2,delivered,Wallet
O01883,C0296,P002,2023-02-16 0:00:00,4,8425.78,0,8425.78,6,Returned,Wallet
O01884,C0190,P041,2023-10-30 0:00:00,2,8417.25,15,7154.66,1,Returned,Wallet
O01885,C0046,P081,2024-10-03 0:00:00,4,6059.41,5,5756.44,6,Returned,Wallet
O01886,C0394,P086,2024-10-14 0:00:00,1,7668.17,15,6517.94,1,delivered,Card
O01887,C0404,P075,2023-06-13 0:00:00,4,689.76,0,689.76,4,Delivered,Card
O01888,C0069,P083,2024-10-07 0:00:00,5,1693.68,20,1354.94,5,DELIVERED,UPI
O01889,C0272,P042,2025-12-31 0:00:00,2,7373.32,0,7373.32,12,Delivered,Wallet
O01890,C0154,P028,2025-08-02 0:00:00,1,905.81,10,815.23,3,delivered,Wallet
O01891,C0388,P052,2023-10-14 0:00:00,1,9104.88,20,7283.9,7,Cancelled,UPI
O01892,C0291,P032,2024-03-04 0:00:00,2,7056.97,20,5645.58,7,DELIVERED,Card
O01893,C0165,P097,2025-05-31 0:00:00,5,1073.36,0,1073.36,9,Delivered,COD
O01894,C0441,P050,2025-02-08 0:00:00,3,4778.45,5,4539.53,6,delivered,Wallet
O01895,C0052,P049,2024-08-17 0:00:00,4,5896.95,10,5307.26,2,delivered,Wallet
O01896,C0242,P063,2024-01-08 0:00:00,5,904.58,5,859.35,4,Cancelled,UPI
O01897,C0194,P053,2023-01-10 0:00:00,2,5674.67,15,4823.47,11,DELIVERED,Card
O01898,C0132,P009,2025-04-24 0:00:00,3,2182.35,0,2182.35,5,Delivered,UPI
O01899,C0325,P027,2024-11-16 0:00:00,1,6422.79,15,5459.37,6,Returned,COD
O01900,C0020,P025,2026-02-21 0:00:00,4,8368.24,0,8368.24,2,Returned,UPI
O01901,C0250,P054,2024-03-03 0:00:00,2,5158.94,5,4900.99,0,Cancelled,Card
O01902,C0139,P059,2023-08-26 0:00:00,5,8787.44,10,7908.7,11,Returned,Wallet
O01903,C0211,P074,2023-04-02 0:00:00,2,6123.79,5,5817.6,10,Cancelled,Wallet
O01904,C0471,P001,2026-03-12 0:00:00,4,2971.21,20,2376.97,12,delivered,Card
O01905,C0233,P098,2024-07-06 0:00:00,5,5597.52,10,5037.77,9,DELIVERED,COD
O01906,C0276,P096,2025-07-18 0:00:00,1,8628.95,5,8197.5,6,delivered,Wallet
O01907,C0413,P071,2026-02-20 0:00:00,1,4808.37,5,4567.95,7,Delivered,UPI
O01908,C0104,P040,2024-03-02 0:00:00,4,8471.87,10,7624.68,1,Returned,Wallet
O01909,C0241,P057,2025-01-05 0:00:00,5,9060.89,20,7248.71,9,Returned,Card
O01910,C0008,P033,2023-07-13 0:00:00,2,2537.27,10,2283.54,8,delivered,UPI
O01911,C0099,P066,2025-05-08 0:00:00,5,618.34,0,618.34,6,Delivered,Card
O01912,C0497,P006,2024-06-20 0:00:00,5,1713.3,5,1627.63,3,Delivered,Card
O01913,C0183,P058,2025-08-03 0:00:00,2,8997.17,20,7197.74,11,delivered,UPI
O01914,C0354,P064,2024-07-11 0:00:00,3,7700.64,0,7700.64,12,Delivered,Wallet
O01915,C0431,P071,2023-06-04 0:00:00,2,2015.83,10,1814.25,4,Delivered,Wallet
O01916,C0473,P019,2023-10-23 0:00:00,4,7288.58,10,6559.72,11,DELIVERED,Wallet
O01917,C0200,P033,2026-03-22 0:00:00,4,767.53,20,614.02,12,Cancelled,Card
O01918,C0407,P019,2024-01-15 0:00:00,2,2185.83,0,2185.83,5,DELIVERED,UPI
O01919,C0056,P069,2023-04-16 0:00:00,3,8407.63,5,7987.25,2,Delivered,Card
O01920,C0111,P007,2025-08-30 0:00:00,3,4134.43,15,3514.27,7,Delivered,Card
O01921,C0399,P005,2023-03-07 0:00:00,5,4293.88,5,4079.19,3,Returned,COD
O01922,C0293,P047,2024-02-07 0:00:00,2,4213.78,15,3581.71,2,Cancelled,Wallet
O01923,C0161,P004,2023-05-03 0:00:00,5,796.18,10,716.56,10,Delivered,Wallet
O01924,C0409,P060,2024-03-18 0:00:00,2,1797.33,20,1437.86,1,Returned,Wallet
O01925,C0083,P012,2023-08-12 0:00:00,1,2300.31,0,2300.31,3,delivered,Wallet
O01926,C0336,P050,2025-10-12 0:00:00,4,5880.53,20,4704.42,2,delivered,Card
O01927,C0397,P036,2025-04-14 0:00:00,1,737.04,10,663.34,12,Delivered,Wallet
O01928,C0243,P001,2025-07-20 0:00:00,1,5910.05,20,4728.04,2,DELIVERED,COD
O01929,C0151,P017,2024-01-12 0:00:00,2,4367.09,5,4148.74,5,DELIVERED,Card
O01930,C0110,P076,2024-07-06 0:00:00,1,6655.49,0,6655.49,3,Delivered,Card
O01931,C0409,P061,2024-01-05 0:00:00,1,6041.74,10,5437.57,8,Cancelled,Wallet
O01932,C0181,P041,2023-07-13 0:00:00,1,2478.32,5,2354.4,11,delivered,Card
O01933,C0369,P072,2023-02-19 0:00:00,4,4385.27,15,3727.48,5,delivered,COD
O01934,C0058,P049,2023-03-17 0:00:00,3,8358.03,10,7522.23,6,delivered,UPI
O01935,C0298,P012,2023-12-16 0:00:00,1,5962.24,0,5962.24,9,Cancelled,Wallet
O01936,C0454,P053,2024-06-06 0:00:00,4,9936.99,10,8943.29,9,Cancelled,Wallet
O01937,C0110,P060,2025-02-15 0:00:00,4,8016.06,20,6412.85,3,Delivered,UPI
O01938,C0262,P096,2024-04-17 0:00:00,5,5492.43,10,4943.19,1,Cancelled,Wallet
O01939,C0150,P080,2026-03-07 0:00:00,1,9778.85,0,9778.85,8,delivered,UPI
O01940,C0372,P098,2025-12-19 0:00:00,4,3357.37,0,3357.37,12,delivered,Wallet
O01941,C0118,P036,2026-01-11 0:00:00,5,9638.5,5,9156.57,6,DELIVERED,Wallet
O01942,C0115,P074,2025-12-16 0:00:00,4,3068.98,0,3068.98,2,Cancelled,COD
O01943,C0087,P009,2023-12-07 0:00:00,3,4601.09,5,4371.04,1,delivered,Wallet
O01944,C0450,P027,2024-03-22 0:00:00,2,8729.09,10,7856.18,1,Delivered,UPI
O01945,C0381,P092,2025-04-05 0:00:00,1,672.65,20,538.12,5,Cancelled,Card
O01946,C0293,P099,2026-03-09 0:00:00,5,1556.68,0,1556.68,6,Delivered,UPI
O01947,C0197,P073,2023-11-08 0:00:00,3,1631.55,0,1631.55,2,delivered,Card
O01948,C0345,P069,2026-03-28 0:00:00,4,2414.64,15,2052.44,10,Cancelled,Wallet
O01949,C0154,P070,2023-06-18 0:00:00,1,4187.94,20,3350.35,6,Returned,Wallet
O01950,C0012,P077,2025-11-20 0:00:00,4,9999.76,15,8499.8,1,DELIVERED,Card
O01951,C0488,P058,2023-06-18 0:00:00,2,4628.34,0,4628.34,4,Delivered,Wallet
O01952,C0356,P034,2024-11-06 0:00:00,1,3524.24,20,2819.39,6,Returned,Card
O01953,C0097,P082,2024-06-16 0:00:00,5,9647.1,10,8682.39,1,Delivered,UPI
O01954,C0016,P058,2024-10-20 0:00:00,3,2432.81,5,2311.17,7,Cancelled,Wallet
O01955,C0140,P052,2025-06-03 0:00:00,5,6173.69,10,5556.32,12,Cancelled,Card
O01956,C0370,P003,2023-10-13 0:00:00,1,1407.16,20,1125.73,11,Returned,UPI
O01957,C0229,P077,2024-08-14 0:00:00,5,1945.97,5,1848.67,9,Delivered,Card
O01958,C0255,P034,2024-10-27 0:00:00,4,1837.01,20,1469.61,2,delivered,Wallet
O01959,C0211,P040,2023-11-24 0:00:00,2,8001.85,10,7201.67,4,delivered,COD
O01960,C0049,P099,2026-02-20 0:00:00,4,665.27,10,598.74,10,delivered,Wallet
O01961,C0322,P023,2024-11-01 0:00:00,3,1518.24,0,1518.24,2,DELIVERED,Wallet
O01962,C0032,P060,2023-12-21 0:00:00,1,3225.21,15,2741.43,1,delivered,UPI
O01963,C0288,P032,2025-12-05 0:00:00,3,4551.47,0,4551.47,3,delivered,Wallet
O01964,C0291,P095,2025-05-24 0:00:00,1,781.43,5,742.36,3,Delivered,COD
O01965,C0192,P002,2025-10-16 0:00:00,1,1688.39,10,1519.55,12,Cancelled,Wallet
O01966,C0024,P040,2023-12-30 0:00:00,3,2631.69,10,2368.52,12,delivered,Wallet
O01967,C0055,P080,2023-06-30 0:00:00,4,9881.97,10,8893.77,1,DELIVERED,Card
O01968,C0252,P020,2024-06-15 0:00:00,1,3976.53,5,3777.7,5,delivered,COD
O01969,C0274,P022,2023-12-01 0:00:00,5,9630.47,0,9630.47,7,DELIVERED,UPI
O01970,C0261,P051,2025-05-06 0:00:00,2,8347.48,5,7930.11,1,Cancelled,COD
O01971,C0490,P080,2025-06-24 0:00:00,4,9550.68,5,9073.15,2,Cancelled,Wallet
O01972,C0243,P060,2023-06-14 0:00:00,4,5351.05,10,4815.95,5,delivered,Wallet
O01973,C0500,P014,2025-11-11 0:00:00,1,6571.56,10,5914.4,7,DELIVERED,Wallet
O01974,C0121,P041,2024-07-10 0:00:00,5,5092.04,10,4582.84,3,delivered,COD
O01975,C0281,P020,2023-08-15 0:00:00,1,3418.77,15,2905.95,7,delivered,UPI
O01976,C0378,P097,2024-12-30 0:00:00,3,8010.98,15,6809.33,10,delivered,COD
O01977,C0338,P089,2024-07-20 0:00:00,3,5960.9,5,5662.85,7,DELIVERED,UPI
O01978,C0280,P071,2023-06-14 0:00:00,1,1460.22,20,1168.18,4,Returned,Card
O01979,C0173,P087,2024-08-11 0:00:00,4,2866.24,15,2436.3,4,Returned,Wallet
O01980,C0411,P054,2026-01-04 0:00:00,2,7378.15,20,5902.52,10,Delivered,Wallet
O01981,C0419,P013,2023-03-31 0:00:00,4,2966.87,0,2966.87,2,delivered,UPI
O01982,C0384,P036,2023-06-18 0:00:00,2,8244.19,10,7419.77,11,delivered,Card
O01983,C0381,P068,2025-05-18 0:00:00,1,1625.41,15,1381.6,10,Delivered,Card
O01984,C0104,P021,2023-05-08 0:00:00,4,1851.64,20,1481.31,1,delivered,UPI
O01985,C0042,P012,2024-07-19 0:00:00,5,4743.86,20,3795.09,1,Delivered,UPI
O01986,C0055,P097,2025-10-13 0:00:00,2,3329.23,15,2829.85,4,Delivered,Wallet
O01987,C0054,P081,2025-03-05 0:00:00,4,7738.31,20,6190.65,12,delivered,COD
O01988,C0051,P075,2024-08-06 0:00:00,5,9788.81,0,9788.81,5,Cancelled,Wallet
O01989,C0106,P057,2024-11-28 0:00:00,3,8739.69,0,8739.69,2,delivered,COD
O01990,C0286,P068,2025-06-27 0:00:00,5,2073.66,0,2073.66,3,Returned,UPI
O01991,C0367,P030,2025-08-16 0:00:00,4,1807.22,15,1536.14,1,Delivered,Wallet
O01992,C0399,P079,2025-08-20 0:00:00,1,4554.14,20,3643.31,2,delivered,Card
O01993,C0129,P062,2025-10-01 0:00:00,2,6930.04,20,5544.03,7,Delivered,Wallet
O01994,C0287,P014,2023-01-15 0:00:00,2,5109.06,5,4853.61,7,delivered,COD
O01995,C0239,P065,2023-03-06 0:00:00,5,641.78,20,513.42,6,Delivered,Card
O01996,C0110,P051,2024-01-17 0:00:00,3,6856.73,10,6171.06,3,delivered,UPI
O01997,C0283,P046,2025-07-22 0:00:00,4,6058.26,15,5149.52,7,DELIVERED,Wallet
O01998,C0034,P056,2023-08-31 0:00:00,4,689.27,15,585.88,6,delivered,Wallet
O01999,C0377,P015,2025-04-12 0:00:00,3,7121.32,5,6765.25,1,DELIVERED,Card
O02000,C0102,P047,2023-04-06 0:00:00,4,1190.65,15,1012.05,4,Returned,COD
O02001,C0058,P080,2026-01-07 0:00:00,2,3179.66,5,3020.68,12,delivered,Wallet
O02002,C0013,P002,2024-09-09 0:00:00,2,3241.3,10,2917.17,4,Delivered,Wallet
O02003,C0440,P030,2023-04-06 0:00:00,5,8189,0,8189,6,delivered,UPI
O02004,C0391,P092,2026-01-31 0:00:00,3,9160.12,15,7786.1,6,Cancelled,COD
O02005,C0442,P043,2024-04-21 0:00:00,4,7272.69,5,6909.06,10,DELIVERED,Wallet
O02006,C0451,P098,2024-07-19 0:00:00,1,1387.99,10,1249.19,2,Cancelled,Wallet
O02007,C0404,P055,2023-09-08 0:00:00,3,7802.72,5,7412.58,10,DELIVERED,Wallet
O02008,C0071,P070,2023-06-06 0:00:00,2,5742.19,10,5167.97,2,Cancelled,Wallet
O02009,C0392,P073,2025-10-16 0:00:00,3,8168.21,5,7759.8,6,Returned,UPI
O02010,C0024,P098,2025-08-03 0:00:00,3,3941.67,5,3744.59,11,delivered,Card
O02011,C0389,P095,2025-01-27 0:00:00,4,679.18,10,611.26,7,DELIVERED,Wallet
O02012,C0053,P004,2025-08-01 0:00:00,4,4951.36,0,4951.36,8,delivered,UPI
O02013,C0387,P084,2025-09-11 0:00:00,5,4906.53,10,4415.88,5,Returned,Card
O02014,C0163,P040,2024-04-12 0:00:00,4,6813.5,0,6813.5,8,Returned,UPI
O02015,C0258,P042,2025-07-29 0:00:00,2,8942.34,10,8048.11,5,delivered,Wallet
O02016,C0351,P068,2025-04-04 0:00:00,1,2038.98,5,1937.03,7,delivered,Wallet
O02017,C0214,P055,2024-05-28 0:00:00,2,5772.51,10,5195.26,8,delivered,UPI
O02018,C0245,P009,2024-02-27 0:00:00,4,6700.68,15,5695.58,3,DELIVERED,Card
O02019,C0071,P046,2023-09-14 0:00:00,5,9685.5,15,8232.67,12,delivered,Wallet
O02020,C0459,P086,2023-03-03 0:00:00,4,7359.34,15,6255.44,7,DELIVERED,Wallet
O02021,C0030,P089,2024-11-16 0:00:00,5,9939.66,20,7951.73,3,DELIVERED,Card
O02022,C0396,P019,2025-08-29 0:00:00,3,557.25,0,557.25,10,delivered,Wallet
O02023,C0220,P033,2023-01-19 0:00:00,4,7550.94,10,6795.85,8,DELIVERED,Card
O02024,C0305,P060,2025-10-20 0:00:00,3,4409.19,0,4409.19,9,DELIVERED,COD
O02025,C0124,P068,2024-06-15 0:00:00,3,2008.46,0,2008.46,1,delivered,Card
O02026,C0234,P094,2024-02-27 0:00:00,4,2495.55,15,2121.22,3,delivered,UPI
O02027,C0390,P010,2025-08-09 0:00:00,2,2166.69,5,2058.36,2,DELIVERED,Wallet
O02028,C0030,P100,2024-08-26 0:00:00,4,6264.1,15,5324.49,3,delivered,Wallet
O02029,C0207,P074,2026-02-07 0:00:00,5,4033.51,10,3630.16,9,delivered,UPI
O02030,C0005,P027,2026-04-12 0:00:00,3,2169.35,0,2169.35,10,delivered,Card
O02031,C0407,P071,2023-01-29 0:00:00,1,9035.64,15,7680.29,10,Delivered,COD
O02032,C0032,P055,2026-01-23 0:00:00,2,6946.78,10,6252.1,2,Delivered,UPI
O02033,C0205,P025,2025-07-01 0:00:00,4,4913.25,0,4913.25,2,Delivered,COD
O02034,C0095,P053,2025-07-28 0:00:00,1,9442.94,10,8498.65,4,delivered,COD
O02035,C0082,P073,2024-07-24 0:00:00,3,4078.98,5,3875.03,8,Cancelled,Wallet
O02036,C0017,P095,2025-03-25 0:00:00,2,9200.86,0,9200.86,10,DELIVERED,COD
O02037,C0419,P071,2024-10-27 0:00:00,1,1984.6,10,1786.14,10,Delivered,Wallet
O02038,C0081,P098,2025-10-07 0:00:00,2,7512.52,5,7136.89,12,delivered,Wallet
O02039,C0114,P045,2023-04-08 0:00:00,1,2020.62,20,1616.5,7,DELIVERED,Wallet
O02040,C0203,P083,2024-11-09 0:00:00,4,1065.25,15,905.46,8,delivered,Wallet
O02041,C0302,P063,2024-06-26 0:00:00,2,5753.17,10,5177.85,4,Returned,Wallet
O02042,C0223,P039,2023-01-06 0:00:00,3,722.25,0,722.25,9,Cancelled,Wallet
O02043,C0006,P086,2023-07-31 0:00:00,3,7658.6,0,7658.6,9,Returned,Card
O02044,C0398,P039,2024-05-02 0:00:00,5,941.35,5,894.28,6,Returned,UPI
O02045,C0116,P023,2023-11-18 0:00:00,3,2960.96,20,2368.77,10,DELIVERED,Card
O02046,C0184,P009,2023-03-25 0:00:00,2,2459.75,0,2459.75,4,delivered,COD
O02047,C0116,P044,2024-08-03 0:00:00,3,3768.5,0,3768.5,12,DELIVERED,UPI
O02048,C0414,P072,2024-08-06 0:00:00,2,8625.5,20,6900.4,9,delivered,Wallet
O02049,C0151,P032,2025-03-18 0:00:00,2,7673,5,7289.35,3,delivered,Wallet
O02050,C0383,P095,2026-01-07 0:00:00,4,1756.5,20,1405.2,10,delivered,UPI
O02051,C0083,P075,2023-04-28 0:00:00,2,8400.71,10,7560.64,2,Cancelled,COD
O02052,C0488,P008,2023-08-30 0:00:00,5,4231.81,20,3385.45,3,delivered,Card
O02053,C0302,P048,2024-07-23 0:00:00,4,4314.14,0,4314.14,5,delivered,UPI
O02054,C0329,P012,2026-03-05 0:00:00,1,4147.34,20,3317.87,5,delivered,Wallet
O02055,C0203,P058,2023-06-05 0:00:00,3,6410.27,0,6410.27,3,delivered,UPI
O02056,C0438,P036,2025-08-27 0:00:00,4,4037.58,15,3431.94,7,DELIVERED,Card
O02057,C0460,P019,2023-02-22 0:00:00,5,6480.78,15,5508.66,2,Returned,Wallet
O02058,C0304,P021,2025-12-27 0:00:00,1,4761.4,5,4523.33,10,DELIVERED,COD
O02059,C0033,P046,2024-04-16 0:00:00,2,3069.58,5,2916.1,2,DELIVERED,COD
O02060,C0052,P075,2023-08-04 0:00:00,1,3519.05,10,3167.15,3,DELIVERED,Card
O02061,C0237,P082,2023-10-14 0:00:00,1,5415.53,15,4603.2,10,DELIVERED,Wallet
O02062,C0441,P017,2023-11-11 0:00:00,5,9751.34,10,8776.21,5,Delivered,Wallet
O02063,C0165,P090,2026-01-10 0:00:00,5,2744.54,10,2470.09,11,Delivered,Wallet
O02064,C0248,P064,2023-03-26 0:00:00,2,7491.56,0,7491.56,9,Cancelled,Wallet
O02065,C0388,P022,2026-02-17 0:00:00,4,8380.39,5,7961.37,4,Cancelled,COD
O02066,C0175,P060,2026-01-16 0:00:00,1,3900.7,20,3120.56,3,DELIVERED,Wallet
O02067,C0403,P046,2025-12-15 0:00:00,3,1044.64,20,835.71,9,Returned,Card
O02068,C0407,P062,2023-10-04 0:00:00,5,2132.06,10,1918.85,12,Cancelled,Card
O02069,C0338,P075,2023-12-11 0:00:00,1,7526.73,10,6774.06,3,DELIVERED,COD
O02070,C0403,P075,2025-03-13 0:00:00,2,8691.5,10,7822.35,2,delivered,Wallet
O02071,C0274,P024,2024-12-23 0:00:00,2,2139.83,10,1925.85,-1,Cancelled,Card
O02072,C0390,P033,2024-01-05 0:00:00,3,4748.61,20,3798.89,10,Delivered,UPI
O02073,C0148,P073,2026-03-20 0:00:00,2,8032.73,5,7631.09,2,delivered,Wallet
O02074,C0202,P022,2025-06-27 0:00:00,1,7986.58,20,6389.26,7,Delivered,Card
O02075,C0424,P007,2026-04-04 0:00:00,4,4285.77,10,3857.19,6,DELIVERED,Wallet
O02076,C0021,P003,2024-04-19 0:00:00,2,2258.56,15,1919.78,11,Returned,UPI
O02077,C0190,P098,2024-02-16 0:00:00,1,7504.58,0,7504.58,4,Returned,Wallet
O02078,C0045,P076,2024-03-31 0:00:00,2,1777.45,10,1599.71,2,Cancelled,UPI
O02079,C0237,P063,2023-03-18 0:00:00,1,4488.78,0,4488.78,3,DELIVERED,Wallet
O02080,C0243,P056,2023-09-23 0:00:00,3,4302.22,15,3656.89,1,Cancelled,COD
O02081,C0167,P030,2025-08-06 0:00:00,2,7232.76,10,6509.48,10,delivered,Card
O02082,C0076,P029,2023-08-16 0:00:00,3,4524.76,15,3846.05,11,delivered,Card
O02083,C0048,P056,2024-09-05 0:00:00,4,1589.33,20,1271.46,12,delivered,Card
O02084,C0060,P096,2024-02-07 0:00:00,1,4196.35,10,3776.72,5,Cancelled,Card
O02085,C0487,P054,2023-03-06 0:00:00,4,4963.75,15,4219.19,8,Cancelled,Card
O02086,C0420,P036,2025-05-27 0:00:00,3,6241.85,5,5929.76,1,Delivered,Wallet
O02087,C0011,P012,2025-10-09 0:00:00,3,8654.31,0,8654.31,8,Returned,Wallet
O02088,C0452,P022,2024-08-10 0:00:00,5,2293.46,10,2064.11,1,Returned,Card
O02089,C0087,P029,2024-07-04 0:00:00,4,3422.7,10,3080.43,8,DELIVERED,Wallet
O02090,C0131,P058,2026-03-13 0:00:00,3,8063.24,20,6450.59,10,Delivered,Card
O02091,C0194,P098,2023-10-08 0:00:00,3,8804.39,20,7043.51,4,Cancelled,Wallet
O02092,C0223,P094,2024-06-29 0:00:00,5,893.89,15,759.81,9,Delivered,UPI
O02093,C0321,P041,2025-09-13 0:00:00,1,6158.39,5,5850.47,6,DELIVERED,Card
O02094,C0309,P003,2023-03-08 0:00:00,1,4212.74,10,3791.47,10,Returned,Card
O02095,C0157,P063,2025-04-20 0:00:00,4,5569.49,10,5012.54,1,Delivered,COD
O02096,C0235,P007,2025-03-22 0:00:00,2,4828.3,20,3862.64,4,Cancelled,UPI
O02097,C0459,P054,2025-08-15 0:00:00,5,7648.2,10,6883.38,5,delivered,Wallet
O02098,C0452,P089,2023-06-28 0:00:00,2,4339.26,0,4339.26,5,Returned,COD
O02099,C0077,P058,2025-08-31 0:00:00,5,7592.18,20,6073.74,1,delivered,Wallet
O02100,C0358,P059,2026-02-25 0:00:00,1,605.38,20,484.3,1,Cancelled,UPI
O02101,C0018,P044,2023-03-16 0:00:00,3,9774.78,10,8797.3,7,delivered,Card
O02102,C0109,P004,2025-03-22 0:00:00,4,3036.59,15,2581.1,4,Cancelled,Wallet
O02103,C0281,P018,2024-01-10 0:00:00,2,711.41,15,604.7,2,delivered,Wallet
O02104,C0144,P100,2023-06-16 0:00:00,4,8934.6,15,7594.41,11,Returned,UPI
O02105,C0258,P098,2024-11-05 0:00:00,5,4795.16,20,3836.13,4,Returned,UPI
O02106,C0156,P088,2023-12-13 0:00:00,4,4971.92,5,4723.32,4,Returned,Wallet
O02107,C0409,P082,2024-10-22 0:00:00,5,7681.42,15,6529.21,6,Delivered,COD
O02108,C0135,P083,2026-02-22 0:00:00,5,1811.48,0,1811.48,1,Cancelled,UPI
O02109,C0106,P024,2023-05-06 0:00:00,5,8711.03,15,7404.38,7,Delivered,Wallet
O02110,C0298,P023,2025-11-08 0:00:00,2,5989.86,0,5989.86,10,Returned,UPI
O02111,C0079,P054,2024-10-23 0:00:00,5,8255.81,5,7843.02,9,delivered,Card
O02112,C0313,P034,2023-12-18 0:00:00,4,1359.15,0,1359.15,5,Cancelled,Wallet
O02113,C0275,P088,2024-04-25 0:00:00,3,1998.48,5,1898.56,10,Delivered,Card
O02114,C0145,P046,2026-03-04 0:00:00,3,3373.63,20,2698.9,2,Returned,Wallet
O02115,C0316,P044,2026-01-08 0:00:00,4,754.45,15,641.28,2,Cancelled,Card
O02116,C0119,P072,2025-11-15 0:00:00,1,3994.71,20,3195.77,5,DELIVERED,Card
O02117,C0058,P054,2025-08-23 0:00:00,1,7125.06,0,7125.06,9,Returned,UPI
O02118,C0059,P044,2025-12-16 0:00:00,4,6523.17,10,5870.85,11,Returned,UPI
O02119,C0472,P093,2023-10-18 0:00:00,1,4106.33,10,3695.7,10,Returned,UPI
O02120,C0244,P007,2023-11-16 0:00:00,3,513.99,15,436.89,2,Cancelled,COD
O02121,C0323,P070,2023-03-06 0:00:00,1,4739.53,0,4739.53,9,Returned,UPI
O02122,C0485,P054,2026-01-31 0:00:00,4,2013.67,5,1912.99,10,delivered,COD
O02123,C0339,P003,2025-07-26 0:00:00,3,8503.25,10,7652.93,1,delivered,Wallet
O02124,C0329,P083,2025-08-14 0:00:00,5,6767.83,10,6091.05,3,DELIVERED,UPI
O02125,C0351,P015,2025-02-27 0:00:00,1,4480.01,0,4480.01,10,Delivered,Card
O02126,C0272,P018,2023-02-04 0:00:00,4,4358.37,5,4140.45,1,delivered,Wallet
O02127,C0100,P087,2024-06-25 0:00:00,1,4834.75,5,4593.01,7,DELIVERED,COD
O02128,C0095,P083,2024-06-02 0:00:00,2,3597.6,20,2878.08,11,DELIVERED,Wallet
O02129,C0383,P038,2023-10-20 0:00:00,4,9049.91,0,9049.91,12,DELIVERED,Card
O02130,C0481,P020,2024-04-01 0:00:00,3,2542.02,20,2033.62,2,Cancelled,COD
O02131,C0232,P052,2023-05-01 0:00:00,2,585.07,20,468.06,10,delivered,Wallet
O02132,C0387,P038,2024-05-11 0:00:00,4,6665.74,15,5665.88,12,Cancelled,COD
O02133,C0114,P090,2025-05-20 0:00:00,2,8522.39,10,7670.15,6,DELIVERED,Wallet
O02134,C0348,P003,2024-05-12 0:00:00,1,7149.17,15,6076.79,5,Cancelled,COD
O02135,C0292,P058,2025-10-17 0:00:00,5,5694.45,0,5694.45,12,delivered,Wallet
O02136,C0492,P017,2024-04-17 0:00:00,3,3126.23,15,2657.3,4,Cancelled,UPI
O02137,C0497,P068,2025-04-15 0:00:00,4,4330.71,15,3681.1,10,DELIVERED,Wallet
O02138,C0496,P086,2023-12-23 0:00:00,1,1728.8,20,1383.04,8,delivered,UPI
O02139,C0493,P053,2026-02-28 0:00:00,3,2266.95,20,1813.56,3,Returned,Card
O02140,C0486,P073,2026-04-09 0:00:00,1,4146.4,15,3524.44,8,Cancelled,Card
O02141,C0466,P077,2023-11-13 0:00:00,2,8979.13,15,7632.26,10,Returned,Wallet
O02142,C0245,P052,2026-02-12 0:00:00,5,2855.51,10,2569.96,12,Returned,Wallet
O02143,C0007,P039,2023-09-06 0:00:00,4,4783.93,5,4544.73,7,delivered,COD
O02144,C0459,P078,2024-05-20 0:00:00,5,2140.33,20,1712.26,5,Delivered,COD
O02145,C0044,P020,2023-09-16 0:00:00,2,6229.66,5,5918.18,10,Cancelled,UPI
O02146,C0335,P085,2025-08-13 0:00:00,1,541.98,0,541.98,1,Cancelled,Card
O02147,C0380,P084,2024-04-09 0:00:00,5,7381.58,0,7381.58,5,Delivered,COD
O02148,C0265,P074,2025-10-12 0:00:00,5,1171.81,10,1054.63,4,DELIVERED,Card
O02149,C0223,P083,2024-11-01 0:00:00,5,4965.73,0,4965.73,9,Cancelled,COD
O02150,C0169,P080,2023-11-06 0:00:00,2,7551.69,5,7174.11,1,Delivered,Wallet
O02151,C0219,P055,2023-07-29 0:00:00,2,2718.56,5,2582.63,8,Returned,COD
O02152,C0482,P100,2026-01-21 0:00:00,5,9104.57,15,7738.88,10,Delivered,COD
O02153,C0187,P032,2023-01-06 0:00:00,4,5572.51,0,5572.51,11,Cancelled,Wallet
O02154,C0246,P020,2024-08-17 0:00:00,4,4385.88,20,3508.7,6,Delivered,COD
O02155,C0364,P021,2024-10-13 0:00:00,2,8056.33,10,7250.7,2,delivered,UPI
O02156,C0050,P002,2023-04-17 0:00:00,2,5080.54,20,4064.43,7,Cancelled,Wallet
O02157,C0032,P029,2025-05-08 0:00:00,4,2366.27,5,2247.96,6,Delivered,Wallet
O02158,C0382,P075,2023-05-26 0:00:00,2,9676.98,5,9193.13,10,Returned,Card
O02159,C0153,P094,2024-01-12 0:00:00,5,5100.65,5,4845.62,4,DELIVERED,COD
O02160,C0400,P035,2025-10-07 0:00:00,3,8542.97,10,7688.67,1,Cancelled,UPI
O02161,C0397,P029,2024-10-07 0:00:00,4,7623.03,20,6098.42,3,Delivered,UPI
O02162,C0037,P061,2023-03-11 0:00:00,4,4428.62,0,4428.62,10,Returned,COD
O02163,C0443,P069,2024-12-11 0:00:00,1,5091.55,5,4836.97,3,Delivered,COD
O02164,C0286,P046,2025-11-08 0:00:00,3,4143.5,10,3729.15,2,Delivered,COD
O02165,C0165,P058,2024-06-17 0:00:00,3,5673.79,0,5673.79,2,DELIVERED,Wallet
O02166,C0472,P051,2023-04-07 0:00:00,4,6856.23,5,6513.42,2,Cancelled,Wallet
O02167,C0368,P040,2024-10-15 0:00:00,1,980.5,0,980.5,1,DELIVERED,UPI
O02168,C0310,P092,2026-01-23 0:00:00,5,3124.77,0,3124.77,4,delivered,Card
O02169,C0196,P051,2023-11-25 0:00:00,1,8140.58,0,8140.58,10,Delivered,Card
O02170,C0486,P036,2023-02-13 0:00:00,5,4031.59,20,3225.27,11,Cancelled,Wallet
O02171,C0358,P044,2023-07-05 0:00:00,5,618.25,15,525.51,10,Cancelled,COD
O02172,C0122,P044,2025-05-05 0:00:00,4,7238.29,5,6876.38,12,delivered,Card
O02173,C0135,P003,2025-10-27 0:00:00,1,9359.14,20,7487.31,5,Returned,UPI
O02174,C0286,P062,2023-03-29 0:00:00,4,5130.13,20,4104.1,10,Returned,Card
O02175,C0048,P070,2024-07-31 0:00:00,1,9800.96,0,9800.96,10,delivered,UPI
O02176,C0052,P013,2024-11-17 0:00:00,1,2397.08,5,2277.23,7,Returned,COD
O02177,C0124,P024,2023-09-02 0:00:00,5,3715.78,0,3715.78,7,Delivered,Wallet
O02178,C0082,P019,2023-02-07 0:00:00,4,807.31,15,686.21,11,DELIVERED,Card
O02179,C0187,P092,2024-07-24 0:00:00,5,9097.35,0,9097.35,5,DELIVERED,Wallet
O02180,C0041,P057,2023-05-11 0:00:00,1,8703.66,5,8268.48,4,DELIVERED,Wallet
O02181,C0296,P035,2025-05-12 0:00:00,1,8317.31,20,6653.85,4,Cancelled,Wallet
O02182,C0360,P098,2026-03-26 0:00:00,4,1756.57,15,1493.08,6,Cancelled,UPI
O02183,C0038,P095,2025-12-30 0:00:00,3,2704.85,0,2704.85,7,DELIVERED,UPI
O02184,C0111,P050,2025-11-24 0:00:00,2,4052.72,20,3242.18,1,Cancelled,UPI
O02185,C0203,P051,2024-05-03 0:00:00,3,9317.2,0,9317.2,1,Cancelled,UPI
O02186,C0332,P082,2025-05-28 0:00:00,3,918.16,20,734.53,2,DELIVERED,UPI
O02187,C0301,P006,2023-08-31 0:00:00,5,5677.68,0,5677.68,4,delivered,UPI
O02188,C0312,P034,2024-11-25 0:00:00,2,6571.4,5,6242.83,1,delivered,Card
O02189,C0188,P030,2023-08-18 0:00:00,4,7691.27,20,6153.02,10,Returned,Card
O02190,C0023,P018,2025-08-07 0:00:00,4,895.77,20,716.62,7,DELIVERED,Wallet
O02191,C0303,P018,2023-03-31 0:00:00,3,6785.07,10,6106.56,11,DELIVERED,COD
O02192,C0116,P066,2023-07-05 0:00:00,5,9645.12,10,8680.61,6,Delivered,Wallet
O02193,C0200,P045,2024-12-18 0:00:00,1,6490.91,0,6490.91,10,Returned,Card
O02194,C0208,P021,2023-12-10 0:00:00,3,8919.99,10,8027.99,7,Returned,COD
O02195,C0359,P053,2025-02-17 0:00:00,2,1671.81,20,1337.45,6,Delivered,Card
O02196,C0278,P055,2023-03-04 0:00:00,4,1474.21,15,1253.08,5,Cancelled,UPI
O02197,C0009,P017,2024-02-07 0:00:00,3,4764.64,5,4526.41,7,DELIVERED,UPI
O02198,C0349,P001,2023-05-19 0:00:00,3,5287.69,0,5287.69,4,Cancelled,Card
O02199,C0178,P068,2025-06-20 0:00:00,1,4520.02,0,4520.02,1,Returned,UPI
O02200,C0126,P076,2024-10-30 0:00:00,3,1725.01,10,1552.51,4,DELIVERED,Wallet
O02201,C0382,P047,2024-03-13 0:00:00,5,3020.81,15,2567.69,12,Delivered,COD
O02202,C0294,P095,2023-06-13 0:00:00,4,6043.48,10,5439.13,2,Returned,Wallet
O02203,C0298,P028,2025-05-29 0:00:00,5,4279.67,10,3851.7,7,DELIVERED,Wallet
O02204,C0311,P064,2024-06-24 0:00:00,1,5760.43,5,5472.41,12,Returned,Wallet
O02205,C0026,P099,2024-01-16 0:00:00,4,5695.92,0,5695.92,8,delivered,Wallet
O02206,C0439,P001,2023-07-25 0:00:00,4,8112.24,0,8112.24,4,Returned,Card
O02207,C0112,P025,2023-10-22 0:00:00,2,742.57,10,668.31,4,Returned,Wallet
O02208,C0149,P034,2023-03-23 0:00:00,2,7968.27,5,7569.86,7,delivered,Wallet
O02209,C0193,P080,2024-01-18 0:00:00,2,3560.52,5,3382.49,8,DELIVERED,Card
O02210,C0082,P029,2025-12-31 0:00:00,4,4997.28,5,4747.42,12,DELIVERED,Card
O02211,C0129,P089,2023-01-01 0:00:00,1,1798.28,5,1708.37,2,Delivered,Wallet
O02212,C0071,P028,2024-08-31 0:00:00,5,2294.54,5,2179.81,5,Cancelled,UPI
O02213,C0410,P087,2025-09-16 0:00:00,5,6114.4,5,5808.68,1,DELIVERED,COD
O02214,C0460,P050,2023-04-28 0:00:00,1,3618.43,10,3256.59,3,Cancelled,COD
O02215,C0283,P029,2023-09-12 0:00:00,4,5899.74,20,4719.79,4,Delivered,UPI
O02216,C0095,P100,2025-06-04 0:00:00,4,7991.72,5,7592.13,3,delivered,Card
O02217,C0213,P093,2025-11-02 0:00:00,4,4769.3,15,4053.91,2,Delivered,Wallet
O02218,C0002,P027,2026-02-17 0:00:00,4,9321.51,15,7923.28,8,DELIVERED,UPI
O02219,C0087,P080,2025-10-28 0:00:00,2,4095.3,0,4095.3,6,DELIVERED,Card
O02220,C0153,P094,2023-04-20 0:00:00,3,1305.74,0,1305.74,12,delivered,Wallet
O02221,C0260,P022,2025-05-26 0:00:00,3,675.77,15,574.4,6,Cancelled,Wallet
O02222,C0426,P021,2023-01-29 0:00:00,2,4026.88,0,4026.88,7,Delivered,Card
O02223,C0325,P052,2024-06-21 0:00:00,4,2313.65,20,1850.92,6,Cancelled,UPI
O02224,C0331,P076,2024-03-03 0:00:00,3,5949.93,10,5354.94,8,Delivered,Wallet
O02225,C0295,P070,2024-07-22 0:00:00,2,9818.93,20,7855.14,12,Returned,UPI
O02226,C0379,P080,2024-10-07 0:00:00,3,6188.05,20,4950.44,10,DELIVERED,UPI
O02227,C0397,P056,2024-08-30 0:00:00,3,6173.55,5,5864.87,7,delivered,Card
O02228,C0052,P017,2023-07-26 0:00:00,2,7580.36,20,6064.29,7,delivered,Wallet
O02229,C0339,P014,2024-11-05 0:00:00,5,7186.94,20,5749.55,2,Returned,COD
O02230,C0359,P010,2024-01-09 0:00:00,5,9361.46,5,8893.39,1,Cancelled,Wallet
O02231,C0361,P039,2025-10-16 0:00:00,2,1805.97,5,1715.67,9,DELIVERED,Card
O02232,C0252,P009,2025-11-17 0:00:00,2,3739.58,15,3178.64,12,Returned,Wallet
O02233,C0330,P070,2025-09-16 0:00:00,2,9135.44,5,8678.67,9,Delivered,COD
O02234,C0026,P050,2023-06-07 0:00:00,5,9739.05,10,8765.15,9,delivered,COD
O02235,C0295,P077,2026-01-03 0:00:00,5,6603.12,15,5612.65,12,DELIVERED,Wallet
O02236,C0228,P080,2024-07-05 0:00:00,1,7653.86,10,6888.47,11,Returned,Wallet
O02237,C0439,P080,2025-06-29 0:00:00,2,8894.14,20,7115.31,1,delivered,Card
O02238,C0294,P019,2025-05-04 0:00:00,4,8137.86,0,8137.86,1,Delivered,Wallet
O02239,C0462,P041,2025-07-09 0:00:00,4,1757.88,0,1757.88,6,Returned,Wallet
O02240,C0168,P097,2025-01-04 0:00:00,3,3640.17,20,2912.14,6,Cancelled,COD
O02241,C0141,P001,2023-01-15 0:00:00,1,9916.38,5,9420.56,7,Delivered,Wallet
O02242,C0414,P068,2023-09-29 0:00:00,5,4740.9,20,3792.72,7,DELIVERED,UPI
O02243,C0055,P020,2023-12-25 0:00:00,3,1177.27,15,1000.68,6,DELIVERED,COD
O02244,C0478,P038,2023-01-11 0:00:00,3,1152.76,20,922.21,8,delivered,Card
O02245,C0263,P100,2024-04-22 0:00:00,2,5528.19,20,4422.55,1,DELIVERED,Wallet
O02246,C0210,P025,2023-04-04 0:00:00,1,7436.8,15,6321.28,4,Returned,COD
O02247,C0032,P023,2023-04-03 0:00:00,3,1961.89,5,1863.8,7,DELIVERED,UPI
O02248,C0398,P036,2023-05-22 0:00:00,5,6308.9,20,5047.12,10,delivered,COD
O02249,C0244,P077,2025-09-19 0:00:00,5,615.1,15,522.84,10,Returned,Wallet
O02250,C0138,P015,2024-03-05 0:00:00,2,8486.65,10,7637.98,9,DELIVERED,Wallet
O02251,C0238,P027,2024-12-25 0:00:00,5,3067.87,0,3067.87,1,Cancelled,Wallet
O02252,C0328,P082,2024-04-01 0:00:00,3,9884.64,0,9884.64,8,Returned,COD
O02253,C0024,P018,2025-06-04 0:00:00,1,8938.58,20,7150.86,9,Delivered,Card
O02254,C0411,P030,2023-07-04 0:00:00,5,2884.26,5,2740.05,1,DELIVERED,Wallet
O02255,C0313,P003,2025-08-17 0:00:00,5,9762.09,5,9273.99,5,delivered,COD
O02256,C0341,P059,2025-08-22 0:00:00,2,888.26,0,888.26,8,DELIVERED,Wallet
O02257,C0337,P040,2023-05-17 0:00:00,4,4872.62,20,3898.1,2,Returned,Wallet
O02258,C0002,P065,2025-12-05 0:00:00,3,9937.58,20,7950.06,4,delivered,Wallet
O02259,C0264,P036,2023-08-06 0:00:00,3,7973.72,20,6378.98,12,Returned,Wallet
O02260,C0016,P095,2025-01-08 0:00:00,2,2824.58,5,2683.35,7,Returned,Wallet
O02261,C0150,P067,2024-03-05 0:00:00,5,7689.07,5,7304.62,8,Delivered,Wallet
O02262,C0110,P085,2023-06-27 0:00:00,2,7148.04,15,6075.83,10,DELIVERED,UPI
O02263,C0077,P038,2023-10-28 0:00:00,5,9271.57,0,9271.57,9,Cancelled,COD
O02264,C0429,P003,2025-05-10 0:00:00,3,5849.7,15,4972.24,10,delivered,Card
O02265,C0061,P058,2025-10-26 0:00:00,2,4871.6,5,4628.02,8,Returned,UPI
O02266,C0029,P005,2025-05-27 0:00:00,2,8897.08,5,8452.23,10,DELIVERED,COD
O02267,C0144,P060,2025-07-03 0:00:00,5,6463.03,15,5493.58,9,Returned,COD
O02268,C0161,P026,2025-12-10 0:00:00,3,1170.71,15,995.1,6,Delivered,Wallet
O02269,C0108,P060,2025-11-19 0:00:00,5,6430.99,0,6430.99,12,Delivered,COD
O02270,C0298,P039,2025-01-26 0:00:00,5,1115.62,15,948.28,9,Returned,Wallet
O02271,C0282,P066,2025-06-26 0:00:00,4,2092.66,20,1674.13,5,Cancelled,Card
O02272,C0246,P052,2023-06-12 0:00:00,5,717.11,5,681.25,11,delivered,Card
O02273,C0403,P086,2023-02-27 0:00:00,5,4291.91,0,4291.91,11,DELIVERED,UPI
O02274,C0332,P070,2025-12-07 0:00:00,5,8845.69,20,7076.55,10,Cancelled,UPI
O02275,C0004,P052,2025-03-05 0:00:00,5,7786.65,0,7786.65,8,Returned,UPI
O02276,C0400,P019,2026-02-10 0:00:00,1,947.22,20,757.78,8,delivered,Wallet
O02277,C0262,P085,2025-06-13 0:00:00,5,6263.61,5,5950.43,12,DELIVERED,Wallet
O02278,C0216,P063,2024-11-02 0:00:00,4,9252.54,5,8789.91,1,Cancelled,Wallet
O02279,C0499,P025,2024-11-23 0:00:00,5,4430.77,20,3544.62,4,DELIVERED,Wallet
O02280,C0393,P022,2024-03-22 0:00:00,1,8103.48,15,6887.96,2,Delivered,COD
O02281,C0226,P087,2023-03-09 0:00:00,3,3732.5,0,3732.5,6,DELIVERED,Card
O02282,C0114,P067,2024-07-14 0:00:00,1,5485.58,20,4388.46,12,DELIVERED,COD
O02283,C0498,P010,2024-09-29 0:00:00,1,3456.21,20,2764.97,2,Delivered,COD
O02284,C0332,P042,2023-04-11 0:00:00,4,9534.25,0,9534.25,4,delivered,Wallet
O02285,C0420,P100,2025-12-29 0:00:00,5,9909.56,0,9909.56,7,Returned,UPI
O02286,C0317,P058,2026-01-06 0:00:00,1,6036.4,15,5130.94,8,Delivered,Card
O02287,C0137,P046,2025-05-23 0:00:00,2,6568.69,10,5911.82,11,Returned,COD
O02288,C0013,P098,2024-04-19 0:00:00,3,4414.13,15,3752.01,5,Cancelled,Wallet
O02289,C0314,P041,2025-09-09 0:00:00,3,8236.83,0,8236.83,3,delivered,Wallet
O02290,C0188,P058,2023-11-25 0:00:00,5,6788.1,0,6788.1,8,Returned,Card
O02291,C0397,P096,2024-03-02 0:00:00,4,2718.45,20,2174.76,9,Delivered,Card
O02292,C0339,P039,2023-12-02 0:00:00,5,8383.73,10,7545.36,12,delivered,Card
O02293,C0191,P009,2026-01-31 0:00:00,2,3350.82,15,2848.2,12,DELIVERED,COD
O02294,C0485,P060,2024-02-29 0:00:00,5,2850.67,15,2423.07,1,DELIVERED,COD
O02295,C0063,P045,2026-03-18 0:00:00,4,8542.31,10,7688.08,12,DELIVERED,Wallet
O02296,C0059,P055,2023-05-11 0:00:00,3,6677.87,15,5676.19,10,Cancelled,UPI
O02297,C0263,P086,2023-07-12 0:00:00,3,624.72,5,593.48,2,Cancelled,Wallet
O02298,C0117,P098,2024-09-06 0:00:00,5,1182.15,10,1063.94,2,DELIVERED,Wallet
O02299,C0419,P072,2024-02-21 0:00:00,4,7140.98,0,7140.98,5,Cancelled,Wallet
O02300,C0441,P017,2026-01-02 0:00:00,3,745.39,5,708.12,12,Cancelled,COD
O02301,C0493,P082,2024-12-13 0:00:00,2,9725.39,0,9725.39,7,Delivered,Wallet
O02302,C0213,P049,2025-07-15 0:00:00,5,4152.47,5,3944.85,4,Cancelled,UPI
O02303,C0001,P018,2024-10-03 0:00:00,5,7589.42,15,6451.01,2,Cancelled,Card
O02304,C0069,P088,2024-03-26 0:00:00,3,2152.01,0,2152.01,3,DELIVERED,Wallet
O02305,C0372,P057,2025-05-17 0:00:00,5,5670.07,0,5670.07,4,Returned,Card
O02306,C0243,P058,2023-05-28 0:00:00,4,5138.11,20,4110.49,2,DELIVERED,Card
O02307,C0014,P079,2023-12-03 0:00:00,3,3122.74,15,2654.33,5,delivered,Card
O02308,C0223,P040,2023-10-14 0:00:00,3,1095.34,10,985.81,6,Cancelled,UPI
O02309,C0195,P028,2023-05-17 0:00:00,1,5721.06,5,5435.01,3,Returned,Wallet
O02310,C0172,P046,2026-04-08 0:00:00,3,7483.11,15,6360.64,11,delivered,Card
O02311,C0416,P012,2024-09-03 0:00:00,4,7010.44,15,5958.87,5,Returned,UPI
O02312,C0381,P043,2024-12-04 0:00:00,1,2555.15,20,2044.12,3,Delivered,Card
O02313,C0247,P019,2024-01-05 0:00:00,3,7905.13,10,7114.62,7,Returned,Wallet
O02314,C0490,P030,2023-05-16 0:00:00,2,5940.3,10,5346.27,4,DELIVERED,COD
O02315,C0150,P075,2024-02-10 0:00:00,3,4090.72,0,4090.72,8,delivered,COD
O02316,C0239,P076,2024-10-10 0:00:00,1,1587.34,20,1269.87,9,delivered,UPI
O02317,C0165,P037,2024-05-14 0:00:00,2,8811.06,0,8811.06,10,Cancelled,Wallet
O02318,C0271,P048,2025-10-25 0:00:00,4,4536.8,20,3629.44,12,Delivered,UPI
O02319,C0044,P040,2024-02-27 0:00:00,1,7369.32,20,5895.46,4,Returned,UPI
O02320,C0247,P069,2025-04-24 0:00:00,3,1374.94,0,1374.94,7,delivered,UPI
O02321,C0050,P006,2025-04-10 0:00:00,1,5115.91,20,4092.73,8,Returned,COD
O02322,C0209,P083,2026-01-27 0:00:00,4,3361.33,10,3025.2,1,Delivered,Card
O02323,C0037,P048,2024-06-23 0:00:00,4,8308.7,5,7893.27,12,delivered,Card
O02324,C0095,P065,2025-06-03 0:00:00,1,4340.32,0,4340.32,1,DELIVERED,COD
O02325,C0049,P013,2024-08-15 0:00:00,1,6915.16,5,6569.4,12,delivered,UPI
O02326,C0132,P041,2026-03-05 0:00:00,4,4384.15,0,4384.15,2,delivered,UPI
O02327,C0106,P095,2025-11-29 0:00:00,1,9839.49,15,8363.57,4,delivered,Card
O02328,C0119,P076,2023-09-25 0:00:00,2,8602.37,10,7742.13,6,delivered,Card
O02329,C0492,P085,2023-04-05 0:00:00,1,4038.16,5,3836.25,2,Delivered,UPI
O02330,C0052,P025,2024-04-11 0:00:00,2,2932.25,10,2639.03,10,delivered,COD
O02331,C0125,P094,2024-06-04 0:00:00,2,5411.72,0,5411.72,3,DELIVERED,Wallet
O02332,C0205,P039,2024-09-02 0:00:00,3,3665.94,5,3482.64,9,Returned,Wallet
O02333,C0221,P055,2024-01-31 0:00:00,4,8033.99,5,7632.29,9,DELIVERED,Card
O02334,C0224,P097,2025-07-18 0:00:00,1,7431.98,20,5945.58,4,Cancelled,Card
O02335,C0091,P080,2025-08-24 0:00:00,3,6787.77,20,5430.22,6,delivered,COD
O02336,C0197,P052,2025-01-29 0:00:00,4,8430.97,0,8430.97,3,DELIVERED,Wallet
O02337,C0404,P032,2025-11-12 0:00:00,1,3041.36,15,2585.16,6,Delivered,Wallet
O02338,C0113,P032,2025-04-08 0:00:00,4,4456.65,0,4456.65,6,Returned,COD
O02339,C0473,P098,2025-03-17 0:00:00,2,3241.16,15,2754.99,5,Cancelled,COD
O02340,C0359,P053,2023-09-18 0:00:00,2,3711.61,20,2969.29,12,Returned,Wallet
O02341,C0387,P050,2025-10-08 0:00:00,3,7605.41,5,7225.14,12,Returned,Card
O02342,C0235,P083,2025-05-06 0:00:00,3,1480.95,15,1258.81,11,delivered,Wallet
O02343,C0211,P071,2024-11-03 0:00:00,2,3577.82,5,3398.93,5,Returned,Wallet
O02344,C0202,P094,2026-01-07 0:00:00,2,6853.18,0,6853.18,2,delivered,COD
O02345,C0404,P085,2023-06-08 0:00:00,5,4968.69,5,4720.26,9,Cancelled,UPI
O02346,C0460,P066,2024-02-07 0:00:00,3,8674.22,20,6939.38,7,Cancelled,UPI
O02347,C0067,P049,2023-05-01 0:00:00,1,2826.01,15,2402.11,8,Cancelled,Card
O02348,C0418,P062,2026-02-08 0:00:00,1,9458.36,10,8512.52,7,Delivered,Wallet
O02349,C0068,P016,2024-08-07 0:00:00,2,4172.68,10,3755.41,2,Cancelled,Card
O02350,C0329,P036,2023-10-23 0:00:00,5,7798.03,15,6628.33,6,Returned,Card
O02351,C0106,P025,2023-08-11 0:00:00,4,8503.26,10,7652.93,7,Cancelled,Card
O02352,C0006,P028,2025-03-20 0:00:00,5,8675.46,20,6940.37,5,Returned,COD
O02353,C0093,P083,2025-04-27 0:00:00,5,8541.57,0,8541.57,2,Cancelled,COD
O02354,C0014,P053,2026-02-01 0:00:00,5,4871.56,20,3897.25,11,delivered,Card
O02355,C0056,P022,2024-12-17 0:00:00,3,2596.4,0,2596.4,7,Returned,UPI
O02356,C0375,P075,2023-03-11 0:00:00,1,4312.85,5,4097.21,5,Delivered,Card
O02357,C0215,P062,2024-02-25 0:00:00,2,2700.43,10,2430.39,11,DELIVERED,Wallet
O02358,C0136,P012,2023-05-08 0:00:00,1,3173.75,20,2539,12,Delivered,Wallet
O02359,C0466,P070,2023-07-06 0:00:00,4,6204.71,0,6204.71,5,Delivered,Wallet
O02360,C0340,P085,2023-06-20 0:00:00,1,9765.54,20,7812.43,10,Delivered,UPI
O02361,C0078,P068,2026-02-24 0:00:00,3,6733.49,5,6396.82,1,Cancelled,Wallet
O02362,C0494,P010,2023-03-23 0:00:00,1,4339.88,20,3471.9,12,delivered,COD
O02363,C0479,P043,2024-09-11 0:00:00,2,1658.94,5,1575.99,12,Returned,COD
O02364,C0218,P008,2025-09-06 0:00:00,2,9965.92,5,9467.62,2,Returned,UPI
O02365,C0196,P008,2023-06-13 0:00:00,4,8454.67,20,6763.74,9,DELIVERED,Wallet
O02366,C0105,P018,2023-07-20 0:00:00,1,8624.52,0,8624.52,2,Returned,COD
O02367,C0445,P001,2023-11-27 0:00:00,1,9965.41,10,8968.87,11,Returned,Wallet
O02368,C0236,P081,2024-09-04 0:00:00,1,3248.62,0,3248.62,9,DELIVERED,Card
O02369,C0110,P056,2025-09-02 0:00:00,4,9371.92,0,9371.92,10,Returned,COD
O02370,C0123,P071,2023-06-13 0:00:00,4,4115.36,15,3498.06,2,Delivered,Wallet
O02371,C0063,P074,2024-08-09 0:00:00,3,6339.33,0,6339.33,7,delivered,Card
O02372,C0364,P031,2023-06-18 0:00:00,2,1630.22,10,1467.2,2,DELIVERED,Card
O02373,C0095,P050,2023-05-17 0:00:00,3,988.29,20,790.63,11,Cancelled,Wallet
O02374,C0090,P097,2025-10-14 0:00:00,3,8234.41,10,7410.97,6,DELIVERED,UPI
O02375,C0415,P009,2025-08-13 0:00:00,1,1819.84,10,1637.86,12,Returned,Wallet
O02376,C0219,P050,2024-08-01 0:00:00,5,7195.47,10,6475.92,6,Returned,Wallet
O02377,C0303,P081,2024-11-28 0:00:00,5,2598.6,0,2598.6,2,Cancelled,Wallet
O02378,C0399,P065,2024-08-29 0:00:00,3,9421.26,15,8008.07,6,delivered,Card
O02379,C0207,P018,2025-01-10 0:00:00,4,6562.44,0,6562.44,7,Cancelled,COD
O02380,C0022,P011,2024-08-25 0:00:00,1,2960.41,0,2960.41,11,DELIVERED,UPI
O02381,C0441,P024,2024-06-17 0:00:00,2,548.39,15,466.13,7,Delivered,Wallet
O02382,C0496,P082,2025-04-23 0:00:00,4,7891.28,0,7891.28,1,Cancelled,Wallet
O02383,C0249,P018,2026-01-03 0:00:00,5,1060.45,10,954.41,2,delivered,UPI
O02384,C0063,P045,2023-11-27 0:00:00,4,4372.62,5,4153.99,2,delivered,Card
O02385,C0146,P002,2026-01-02 0:00:00,2,5746.03,5,5458.73,3,DELIVERED,Wallet
O02386,C0303,P077,2024-08-31 0:00:00,3,8730.12,20,6984.1,10,Delivered,UPI
O02387,C0411,P015,2024-04-12 0:00:00,3,1376.56,20,1101.25,10,DELIVERED,UPI
O02388,C0100,P041,2025-06-26 0:00:00,1,9392.12,10,8452.91,6,delivered,Card
O02389,C0149,P016,2025-01-06 0:00:00,5,6124.46,0,6124.46,7,Cancelled,Wallet
O02390,C0066,P070,2023-02-05 0:00:00,1,6188.55,15,5260.27,1,Delivered,UPI
O02391,C0483,P043,2024-05-11 0:00:00,3,1472.1,10,1324.89,12,DELIVERED,UPI
O02392,C0390,P013,2024-06-21 0:00:00,5,3662.71,5,3479.57,9,DELIVERED,Wallet
O02393,C0066,P071,2023-03-16 0:00:00,5,4394.91,15,3735.67,11,delivered,UPI
O02394,C0114,P097,2024-12-06 0:00:00,5,6904.28,20,5523.42,7,Cancelled,Wallet
O02395,C0396,P015,2023-10-26 0:00:00,1,6900.04,5,6555.04,10,Delivered,Card
O02396,C0421,P093,2025-04-04 0:00:00,5,7391.16,15,6282.49,4,Returned,Wallet
O02397,C0469,P064,2025-02-01 0:00:00,1,3529.9,10,3176.91,6,Returned,Wallet
O02398,C0096,P074,2023-01-02 0:00:00,3,7129.79,0,7129.79,5,Cancelled,Wallet
O02399,C0458,P020,2025-11-30 0:00:00,4,5881.17,0,5881.17,6,Returned,Wallet
O02400,C0170,P054,2025-07-30 0:00:00,4,640.34,0,640.34,7,delivered,Card
O02401,C0043,P052,2024-10-13 0:00:00,4,7683.39,10,6915.05,1,delivered,Wallet
O02402,C0036,P039,2026-02-04 0:00:00,4,1385.72,5,1316.43,9,Delivered,Card
O02403,C0246,P093,2025-03-27 0:00:00,3,2589.54,0,2589.54,4,Returned,Wallet
O02404,C0236,P100,2025-10-18 0:00:00,2,6581.4,15,5594.19,5,delivered,COD
O02405,C0462,P033,2023-12-23 0:00:00,1,5549.29,5,5271.83,3,delivered,COD
O02406,C0364,P017,2024-09-22 0:00:00,5,545.29,0,545.29,8,Delivered,COD
O02407,C0274,P044,2024-10-07 0:00:00,3,2842.7,15,2416.29,6,Cancelled,COD
O02408,C0289,P049,2023-01-31 0:00:00,5,9317.58,15,7919.94,8,delivered,COD
O02409,C0114,P085,2023-10-23 0:00:00,2,4004.76,0,4004.76,4,Returned,COD
O02410,C0165,P082,2026-01-06 0:00:00,5,3265.61,5,3102.33,2,delivered,Wallet
O02411,C0310,P056,2025-03-14 0:00:00,4,2650.42,10,2385.38,3,delivered,Wallet
O02412,C0488,P021,2023-10-12 0:00:00,5,1361.14,5,1293.08,5,delivered,UPI
O02413,C0464,P016,2025-01-05 0:00:00,3,1326.62,15,1127.63,3,delivered,Wallet
O02414,C0440,P001,2025-03-22 0:00:00,2,9048.55,15,7691.27,8,delivered,Card
O02415,C0301,P021,2025-10-21 0:00:00,3,7639.48,5,7257.51,4,Delivered,COD
O02416,C0024,P054,2023-07-15 0:00:00,5,7912.23,10,7121.01,0,Returned,UPI
O02417,C0116,P063,2025-09-24 0:00:00,1,5976.32,5,5677.5,10,Delivered,Wallet
O02418,C0332,P044,2025-05-31 0:00:00,1,519.59,0,519.59,10,Delivered,Wallet
O02419,C0347,P036,2025-10-05 0:00:00,2,2249.96,10,2024.96,12,Delivered,Wallet
O02420,C0231,P075,2023-10-20 0:00:00,3,3862.02,20,3089.62,12,delivered,UPI
O02421,C0070,P096,2024-04-24 0:00:00,3,8042.26,10,7238.03,4,Delivered,Wallet
O02422,C0170,P049,2024-08-16 0:00:00,4,4922,20,3937.6,5,Cancelled,COD
O02423,C0101,P087,2023-08-02 0:00:00,2,4717.41,0,4717.41,6,Delivered,Wallet
O02424,C0030,P045,2023-12-29 0:00:00,4,4565.13,15,3880.36,6,Cancelled,Wallet
O02425,C0421,P090,2024-10-19 0:00:00,1,1687.71,20,1350.17,2,Cancelled,Wallet
O02426,C0031,P020,2023-09-28 0:00:00,1,4364.4,0,4364.4,10,delivered,UPI
O02427,C0013,P050,2025-09-05 0:00:00,1,4212.52,20,3370.02,8,Cancelled,Card
O02428,C0064,P070,2024-12-29 0:00:00,3,2837.71,5,2695.82,8,Returned,Card
O02429,C0369,P037,2025-11-15 0:00:00,1,8755.54,15,7442.21,9,DELIVERED,Wallet
O02430,C0311,P040,2024-01-30 0:00:00,2,9160.34,0,9160.34,3,Delivered,UPI
O02431,C0396,P032,2026-03-12 0:00:00,1,9420.12,5,8949.11,6,Returned,Wallet
O02432,C0224,P045,2025-10-25 0:00:00,2,8800.16,0,8800.16,5,Cancelled,Wallet
O02433,C0366,P034,2023-07-31 0:00:00,5,2482.57,15,2110.18,9,Cancelled,Wallet
O02434,C0037,P044,2024-03-06 0:00:00,2,8113.75,15,6896.69,10,Returned,Card
O02435,C0418,P050,2024-12-24 0:00:00,1,1395.35,10,1255.82,1,delivered,Wallet
O02436,C0447,P048,2023-05-11 0:00:00,4,3281.95,15,2789.66,4,delivered,Wallet
O02437,C0493,P032,2025-09-28 0:00:00,2,9937.52,10,8943.77,4,DELIVERED,Wallet
O02438,C0134,P068,2025-06-22 0:00:00,3,9338.35,15,7937.6,7,Returned,COD
O02439,C0148,P091,2025-01-22 0:00:00,5,4545.67,5,4318.39,10,Delivered,UPI
O02440,C0297,P017,2026-03-08 0:00:00,3,4364.56,5,4146.33,7,Cancelled,COD
O02441,C0420,P087,2023-04-22 0:00:00,4,5571.4,10,5014.26,3,Cancelled,Card
O02442,C0379,P041,2023-02-14 0:00:00,4,8820.25,15,7497.21,4,Returned,Wallet
O02443,C0444,P018,2023-05-30 0:00:00,5,7887.45,10,7098.7,5,delivered,Wallet
O02444,C0076,P026,2024-08-22 0:00:00,1,3361.04,10,3024.94,3,Cancelled,Wallet
O02445,C0498,P064,2026-03-07 0:00:00,5,9847.68,0,9847.68,6,Cancelled,Card
O02446,C0027,P059,2023-02-19 0:00:00,3,1604.07,20,1283.26,11,delivered,Card
O02447,C0349,P019,2024-05-12 0:00:00,5,5532.15,0,5532.15,9,delivered,Wallet
O02448,C0163,P009,2025-03-19 0:00:00,2,7087.45,20,5669.96,5,Cancelled,Wallet
O02449,C0344,P018,2025-12-01 0:00:00,4,611.63,5,581.05,4,Cancelled,Card
O02450,C0014,P007,2025-11-26 0:00:00,1,1571.83,5,1493.24,3,DELIVERED,Wallet
O02451,C0105,P027,2024-03-11 0:00:00,3,1701.75,10,1531.58,9,Cancelled,Wallet
O02452,C0277,P078,2025-04-10 0:00:00,5,4119.74,20,3295.79,12,Cancelled,UPI
O02453,C0311,P037,2025-06-09 0:00:00,2,4121.31,10,3709.18,5,Returned,Card
O02454,C0291,P092,2023-04-17 0:00:00,1,5841.77,10,5257.59,5,Delivered,Card
O02455,C0465,P073,2024-03-16 0:00:00,2,2984.73,10,2686.26,2,DELIVERED,UPI
O02456,C0244,P045,2025-12-22 0:00:00,1,1235.73,10,1112.16,2,Delivered,Wallet
O02457,C0328,P097,2023-03-15 0:00:00,1,2559,20,2047.2,10,DELIVERED,COD
O02458,C0179,P052,2025-02-27 0:00:00,1,1081.89,0,1081.89,2,Returned,COD
O02459,C0336,P014,2024-07-16 0:00:00,1,7027.48,10,6324.73,11,Returned,Card
O02460,C0101,P006,2023-01-25 0:00:00,4,3447.8,10,3103.02,1,Delivered,Wallet
O02461,C0250,P058,2026-01-29 0:00:00,5,9348.27,15,7946.03,2,DELIVERED,UPI
O02462,C0405,P085,2023-07-30 0:00:00,1,9639.63,20,7711.7,8,Cancelled,Wallet
O02463,C0224,P012,2023-08-07 0:00:00,5,7092.19,5,6737.58,2,DELIVERED,Wallet
O02464,C0044,P073,2026-03-15 0:00:00,4,4530.79,20,3624.63,2,Cancelled,Wallet
O02465,C0082,P053,2023-05-15 0:00:00,4,3884.35,20,3107.48,4,Cancelled,UPI
O02466,C0107,P048,2024-01-24 0:00:00,3,8715.96,10,7844.36,9,DELIVERED,COD
O02467,C0362,P020,2026-01-22 0:00:00,5,1136.25,10,1022.62,8,DELIVERED,Card
O02468,C0395,P098,2025-11-08 0:00:00,3,9542.63,5,9065.5,10,delivered,COD
O02469,C0247,P043,2026-02-19 0:00:00,2,4185.02,5,3975.77,12,Delivered,UPI
O02470,C0281,P063,2024-03-02 0:00:00,3,5624.55,10,5062.1,7,Delivered,Card
O02471,C0462,P060,2024-01-02 0:00:00,1,1940.44,20,1552.35,3,Cancelled,Wallet
O02472,C0327,P048,2023-05-06 0:00:00,4,6129.01,5,5822.56,2,delivered,COD
O02473,C0055,P031,2023-01-10 0:00:00,2,8810.48,10,7929.43,7,Returned,Wallet
O02474,C0474,P061,2023-09-14 0:00:00,2,9443.08,0,9443.08,10,Delivered,Wallet
O02475,C0241,P059,2023-08-26 0:00:00,2,5777.91,5,5489.01,8,Delivered,Wallet
O02476,C0335,P065,2025-03-09 0:00:00,3,1831.98,5,1740.38,8,delivered,UPI
O02477,C0038,P007,2023-10-17 0:00:00,5,1084.05,15,921.44,3,DELIVERED,Card
O02478,C0494,P007,2024-12-15 0:00:00,2,3304.43,10,2973.99,11,Cancelled,Wallet
O02479,C0463,P055,2023-09-04 0:00:00,4,1392.39,20,1113.91,12,Returned,Wallet
O02480,C0180,P099,2025-03-27 0:00:00,4,1529.2,10,1376.28,7,Cancelled,Wallet
O02481,C0194,P068,2024-04-25 0:00:00,4,3311.96,20,2649.57,11,delivered,COD
O02482,C0083,P037,2023-10-11 0:00:00,3,652.74,20,522.19,3,Cancelled,COD
O02483,C0094,P017,2023-06-30 0:00:00,2,7913.15,20,6330.52,12,Returned,UPI
O02484,C0011,P047,2024-08-05 0:00:00,3,2816.83,20,2253.46,8,Cancelled,Card
O02485,C0301,P015,2023-06-19 0:00:00,4,975.65,0,975.65,11,DELIVERED,UPI
O02486,C0215,P002,2023-03-04 0:00:00,1,916.63,15,779.14,3,Returned,UPI
O02487,C0343,P034,2025-08-17 0:00:00,2,4312.59,20,3450.07,4,DELIVERED,Wallet
O02488,C0260,P065,2024-02-28 0:00:00,4,8703.41,5,8268.24,5,DELIVERED,Wallet
O02489,C0242,P073,2023-07-06 0:00:00,1,6201.17,0,6201.17,7,DELIVERED,Wallet
O02490,C0199,P037,2024-05-06 0:00:00,2,9717.84,20,7774.27,11,delivered,UPI
O02491,C0209,P055,2025-01-17 0:00:00,2,1370.38,15,1164.82,11,delivered,Wallet
O02492,C0462,P022,2025-10-17 0:00:00,2,3448.59,20,2758.87,10,delivered,COD
O02493,C0346,P085,2023-10-17 0:00:00,1,874.28,0,874.28,12,Delivered,Wallet
O02494,C0194,P003,2024-10-16 0:00:00,4,6808.67,0,6808.67,12,Delivered,Wallet
O02495,C0254,P015,2025-03-31 0:00:00,1,5815.04,10,5233.54,3,delivered,UPI
O02496,C0466,P028,2025-02-20 0:00:00,2,9889.34,10,8900.41,11,Returned,Card
O02497,C0302,P007,2025-12-13 0:00:00,1,1349.39,0,1349.39,1,Returned,Wallet
O02498,C0002,P040,2025-12-24 0:00:00,2,1126.68,15,957.68,12,Delivered,Card
O02499,C0034,P043,2026-01-18 0:00:00,5,6615.12,5,6284.36,5,Returned,Card
O02500,C0473,P034,2024-03-27 0:00:00,5,6987.96,20,5590.37,1,Cancelled,Wallet
O02501,C0470,P083,2023-02-20 0:00:00,4,1340.94,15,1139.8,9,Returned,UPI
O02502,C0437,P098,2026-03-17 0:00:00,2,9857.93,15,8379.24,6,DELIVERED,Wallet
O02503,C0113,P010,2023-06-30 0:00:00,3,7806.48,0,7806.48,12,Delivered,COD
O02504,C0222,P064,2024-02-20 0:00:00,5,9495.34,5,9020.57,7,Returned,Wallet
O02505,C0064,P096,2024-09-23 0:00:00,5,5286.46,5,5022.14,10,delivered,Wallet
O02506,C0332,P004,2023-08-01 0:00:00,5,2711.41,15,2304.7,6,Cancelled,Wallet
O02507,C0204,P017,2025-12-23 0:00:00,4,5049.89,0,5049.89,8,Returned,Card
O02508,C0342,P046,2023-02-20 0:00:00,4,9304.95,15,7909.21,11,Delivered,Wallet
O02509,C0095,P055,2025-06-04 0:00:00,2,4868.96,15,4138.62,3,Cancelled,Wallet
O02510,C0353,P025,2025-07-05 0:00:00,5,8392.62,20,6714.1,12,Cancelled,UPI
O02511,C0470,P083,2026-01-06 0:00:00,4,9900.35,10,8910.32,9,Returned,UPI
O02512,C0290,P069,2023-08-06 0:00:00,4,3268.62,20,2614.9,6,delivered,COD
O02513,C0166,P078,2025-10-12 0:00:00,3,6413.63,15,5451.59,7,Cancelled,COD
O02514,C0492,P095,2025-12-25 0:00:00,1,5715.92,5,5430.12,6,Delivered,COD
O02515,C0056,P100,2025-03-04 0:00:00,1,9280.64,10,8352.58,8,DELIVERED,Wallet
O02516,C0303,P046,2025-03-22 0:00:00,5,6035.77,20,4828.62,3,DELIVERED,UPI
O02517,C0270,P055,2023-03-22 0:00:00,5,5562.33,0,5562.33,5,Delivered,COD
O02518,C0305,P091,2024-01-06 0:00:00,1,541.45,20,433.16,5,Returned,Wallet
O02519,C0026,P081,2024-04-22 0:00:00,5,8435.07,15,7169.81,8,Delivered,Card
O02520,C0175,P082,2023-01-28 0:00:00,5,2363.68,0,2363.68,3,Delivered,Wallet
O02521,C0293,P097,2023-02-17 0:00:00,4,8438.33,0,8438.33,3,Cancelled,Wallet
O02522,C0209,P078,2024-03-07 0:00:00,3,1917.73,5,1821.84,4,Delivered,Wallet
O02523,C0328,P026,2023-02-10 0:00:00,1,4152.2,0,4152.2,8,delivered,COD
O02524,C0413,P074,2025-07-13 0:00:00,2,9094.64,15,7730.44,12,DELIVERED,Card
O02525,C0415,P042,2025-10-10 0:00:00,4,9479.31,10,8531.38,12,Delivered,COD
O02526,C0348,P100,2025-10-12 0:00:00,3,4214.77,20,3371.82,7,DELIVERED,UPI
O02527,C0331,P039,2024-06-02 0:00:00,4,5656.13,15,4807.71,6,DELIVERED,Card
O02528,C0220,P071,2026-01-03 0:00:00,3,3637.91,0,3637.91,11,Cancelled,COD
O02529,C0288,P095,2024-04-13 0:00:00,5,2386.95,10,2148.26,5,DELIVERED,Wallet
O02530,C0223,P051,2024-09-05 0:00:00,4,6484.82,15,5512.1,4,Returned,COD
O02531,C0242,P001,2025-11-06 0:00:00,2,1965.45,15,1670.63,9,Returned,COD
O02532,C0288,P028,2024-05-30 0:00:00,2,2011.15,15,1709.48,10,DELIVERED,Card
O02533,C0183,P004,2024-09-17 0:00:00,4,9969.76,10,8972.78,1,DELIVERED,UPI
O02534,C0138,P052,2025-08-07 0:00:00,3,9948,0,9948,9,delivered,UPI
O02535,C0389,P026,2026-03-07 0:00:00,1,4849.91,10,4364.92,10,Delivered,Wallet
O02536,C0162,P035,2024-12-08 0:00:00,4,2659.13,15,2260.26,10,Delivered,Card
O02537,C0287,P045,2023-08-14 0:00:00,5,9291.07,0,9291.07,6,DELIVERED,UPI
O02538,C0012,P085,2024-01-14 0:00:00,2,7046.71,0,7046.71,6,Returned,UPI
O02539,C0466,P060,2024-06-26 0:00:00,3,2492.32,5,2367.7,3,delivered,Card
O02540,C0372,P013,2023-08-17 0:00:00,4,6394.19,10,5754.77,12,delivered,Card
O02541,C0206,P046,2024-01-14 0:00:00,3,5972.99,10,5375.69,3,Cancelled,COD
O02542,C0177,P015,2023-04-15 0:00:00,2,5737.93,15,4877.24,11,Returned,COD
O02543,C0180,P045,2024-08-22 0:00:00,4,2622.72,5,2491.58,11,DELIVERED,UPI
O02544,C0422,P081,2023-06-15 0:00:00,3,6503.25,15,5527.76,10,Returned,Card
O02545,C0177,P046,2024-10-02 0:00:00,3,1390.79,15,1182.17,5,delivered,Wallet
O02546,C0279,P014,2025-05-01 0:00:00,1,9276.16,15,7884.74,3,Cancelled,Card
O02547,C0434,P012,2024-10-12 0:00:00,2,4701.49,15,3996.27,3,Cancelled,COD
O02548,C0453,P013,2023-12-22 0:00:00,4,7331.85,5,6965.26,5,Cancelled,UPI
O02549,C0227,P051,2023-11-24 0:00:00,5,2946.62,0,2946.62,11,Delivered,Wallet
O02550,C0309,P056,2024-05-07 0:00:00,5,9362.64,15,7958.24,2,Delivered,Card
O02551,C0482,P008,2024-09-28 0:00:00,5,6178.27,0,6178.27,8,DELIVERED,UPI
O02552,C0469,P087,2025-05-07 0:00:00,3,7350.48,20,5880.38,3,Cancelled,Card
O02553,C0424,P100,2025-12-23 0:00:00,1,9502.61,5,9027.48,4,Returned,Wallet
O02554,C0337,P038,2023-11-08 0:00:00,1,3431.48,10,3088.33,2,Delivered,Card
O02555,C0024,P087,2023-10-24 0:00:00,3,6274.16,5,5960.45,6,Returned,Card
O02556,C0393,P048,2025-06-23 0:00:00,2,1517.14,10,1365.43,6,Cancelled,Wallet
O02557,C0150,P076,2023-02-19 0:00:00,2,6260.6,0,6260.6,6,DELIVERED,COD
O02558,C0332,P039,2024-05-24 0:00:00,2,9005.35,20,7204.28,4,Cancelled,Wallet
O02559,C0335,P021,2026-04-13 0:00:00,3,2637.73,0,2637.73,11,Cancelled,Wallet
O02560,C0076,P088,2026-04-12 0:00:00,1,6942.93,0,6942.93,7,Delivered,Wallet
O02561,C0110,P021,2025-11-08 0:00:00,5,1701.82,10,1531.64,8,Delivered,Wallet
O02562,C0258,P063,2024-04-13 0:00:00,2,7010.43,0,7010.43,12,Returned,Card
O02563,C0461,P010,2024-10-21 0:00:00,2,1430.53,20,1144.42,10,Cancelled,Card
O02564,C0184,P018,2026-03-02 0:00:00,4,4633.92,15,3938.83,1,Returned,Wallet
O02565,C0380,P080,2023-06-15 0:00:00,4,509.3,10,458.37,10,DELIVERED,Card
O02566,C0004,P017,2025-02-11 0:00:00,1,2915.81,10,2624.23,3,Returned,Card
O02567,C0382,P040,2024-12-10 0:00:00,5,5196.49,20,4157.19,4,Delivered,Card
O02568,C0025,P031,2023-04-08 0:00:00,5,3503.98,15,2978.38,7,DELIVERED,UPI
O02569,C0354,P059,2024-12-13 0:00:00,5,7918.28,5,7522.37,11,DELIVERED,UPI
O02570,C0278,P065,2023-07-17 0:00:00,5,7254.34,5,6891.62,7,Delivered,UPI
O02571,C0025,P097,2024-10-04 0:00:00,2,8385.99,5,7966.69,2,Delivered,Card
O02572,C0082,P020,2023-01-06 0:00:00,2,3167.76,0,3167.76,5,Delivered,Card
O02573,C0089,P005,2026-01-31 0:00:00,5,6746.57,5,6409.24,4,delivered,UPI
O02574,C0122,P069,2026-03-03 0:00:00,4,5468.23,15,4648,1,Delivered,Wallet
O02575,C0262,P076,2024-09-19 0:00:00,2,7513.65,20,6010.92,12,Cancelled,Wallet
O02576,C0042,P033,2023-07-24 0:00:00,4,2249.78,0,2249.78,3,Delivered,Wallet
O02577,C0187,P004,2025-12-27 0:00:00,1,4839.14,15,4113.27,9,Returned,COD
O02578,C0042,P098,2023-08-14 0:00:00,1,2212.88,15,1880.95,3,Returned,UPI
O02579,C0216,P078,2025-08-25 0:00:00,5,3015.9,10,2714.31,6,delivered,Wallet
O02580,C0096,P059,2025-05-26 0:00:00,4,3769.11,15,3203.74,10,Cancelled,UPI
O02581,C0257,P065,2025-04-30 0:00:00,2,4672.31,0,4672.31,11,delivered,Wallet
O02582,C0206,P098,2025-02-20 0:00:00,2,6054.22,15,5146.09,12,Cancelled,Wallet
O02583,C0235,P013,2024-02-05 0:00:00,2,9429.58,10,8486.62,4,Returned,Wallet
O02584,C0112,P088,2024-08-14 0:00:00,4,7600.68,0,7600.68,3,Cancelled,UPI
O02585,C0254,P055,2024-02-24 0:00:00,3,3322.63,15,2824.24,3,delivered,UPI
O02586,C0214,P100,2023-07-18 0:00:00,3,9538.57,0,9538.57,8,DELIVERED,Card
O02587,C0308,P051,2025-12-25 0:00:00,1,4058.64,10,3652.78,2,Cancelled,Card
O02588,C0161,P049,2026-01-08 0:00:00,4,2988.35,0,2988.35,7,Returned,Wallet
O02589,C0194,P071,2026-02-18 0:00:00,5,5349.88,15,4547.4,4,delivered,UPI
O02590,C0472,P083,2024-04-11 0:00:00,1,3143.89,5,2986.7,10,Cancelled,Card
O02591,C0488,P019,2023-08-21 0:00:00,1,7772.32,20,6217.86,12,delivered,Wallet
O02592,C0023,P034,2023-04-13 0:00:00,1,4141.37,20,3313.1,2,Cancelled,Card
O02593,C0263,P021,2024-07-29 0:00:00,5,1394.78,20,1115.82,3,Cancelled,UPI
O02594,C0357,P075,2025-03-31 0:00:00,5,2329.51,0,2329.51,8,Delivered,Wallet
O02595,C0267,P084,2024-05-31 0:00:00,3,6932.88,20,5546.3,12,Returned,Wallet
O02596,C0162,P021,2023-10-04 0:00:00,3,6025.54,15,5121.71,1,Delivered,Wallet
O02597,C0214,P046,2025-11-24 0:00:00,1,1548.6,20,1238.88,6,Delivered,Wallet
O02598,C0222,P010,2025-10-05 0:00:00,5,5578.1,0,5578.1,1,delivered,COD
O02599,C0425,P013,2023-12-11 0:00:00,4,8684.92,0,8684.92,4,Returned,Wallet
O02600,C0444,P097,2025-04-28 0:00:00,3,8411.63,15,7149.89,12,Delivered,Wallet
O02601,C0260,P010,2023-07-01 0:00:00,5,3398.34,15,2888.59,9,Returned,Card
O02602,C0028,P051,2025-12-22 0:00:00,5,8602.98,20,6882.38,10,delivered,UPI
O02603,C0253,P045,2024-01-22 0:00:00,1,7754.29,0,7754.29,7,delivered,UPI
O02604,C0411,P031,2023-06-07 0:00:00,4,2607.13,5,2476.77,2,Cancelled,Wallet
O02605,C0159,P089,2023-04-26 0:00:00,5,3629.52,20,2903.62,1,delivered,Wallet
O02606,C0258,P029,2024-11-30 0:00:00,2,6213.08,10,5591.77,6,Cancelled,Card
O02607,C0079,P062,2024-07-24 0:00:00,5,9212.16,20,7369.73,2,delivered,Wallet
O02608,C0055,P057,2024-07-11 0:00:00,2,1882.25,10,1694.03,6,Delivered,Wallet
O02609,C0427,P064,2025-05-12 0:00:00,2,3565.38,0,3565.38,5,delivered,UPI
O02610,C0357,P070,2025-03-20 0:00:00,2,7213.35,15,6131.35,2,delivered,Wallet
O02611,C0371,P099,2026-02-10 0:00:00,5,2980.64,10,2682.58,4,DELIVERED,COD
O02612,C0309,P032,2023-01-18 0:00:00,2,1391.25,15,1182.56,1,Cancelled,Wallet
O02613,C0024,P084,2025-05-27 0:00:00,4,5452.51,10,4907.26,10,DELIVERED,COD
O02614,C0017,P072,2023-12-27 0:00:00,5,5614.6,5,5333.87,12,Delivered,Wallet
O02615,C0215,P052,2025-11-06 0:00:00,4,6542.49,5,6215.37,2,Delivered,UPI
O02616,C0232,P004,2025-09-06 0:00:00,2,2550.03,20,2040.02,7,delivered,UPI
O02617,C0471,P024,2024-09-17 0:00:00,4,6740.19,10,6066.17,12,delivered,Card
O02618,C0269,P093,2024-04-15 0:00:00,2,7482.27,10,6734.04,10,Delivered,Wallet
O02619,C0462,P002,2023-07-12 0:00:00,2,2255.86,5,2143.07,5,Returned,UPI
O02620,C0447,P035,2023-11-15 0:00:00,3,3256.8,5,3093.96,9,Delivered,Card
O02621,C0158,P057,2025-04-22 0:00:00,3,2824.18,10,2541.76,7,DELIVERED,UPI
O02622,C0173,P054,2024-07-15 0:00:00,1,6848.92,20,5479.14,2,Delivered,Wallet
O02623,C0318,P070,2023-05-14 0:00:00,5,3207.57,10,2886.81,4,delivered,Wallet
O02624,C0048,P088,2023-04-25 0:00:00,1,3539.23,5,3362.27,6,Returned,Card
O02625,C0163,P050,2024-10-16 0:00:00,4,8670.74,0,8670.74,4,Returned,COD
O02626,C0325,P023,2024-05-10 0:00:00,2,7618.81,20,6095.05,1,Cancelled,Wallet
O02627,C0292,P045,2024-04-23 0:00:00,4,4611.43,15,3919.72,3,delivered,Wallet
O02628,C0321,P070,2024-01-28 0:00:00,4,1386.07,10,1247.46,2,Returned,UPI
O02629,C0324,P020,2024-08-25 0:00:00,5,8033.97,10,7230.57,11,Delivered,Wallet
O02630,C0210,P025,2024-02-17 0:00:00,4,6896.8,20,5517.44,5,DELIVERED,Wallet
O02631,C0190,P014,2025-12-14 0:00:00,5,6242.83,5,5930.69,8,Cancelled,Wallet
O02632,C0416,P037,2023-12-26 0:00:00,5,2916.82,0,2916.82,6,DELIVERED,Card
O02633,C0169,P044,2023-02-12 0:00:00,5,2177.65,20,1742.12,9,Cancelled,COD
O02634,C0084,P098,2026-02-19 0:00:00,2,3730.25,0,3730.25,6,Returned,Wallet
O02635,C0128,P073,2025-05-24 0:00:00,3,6283.4,15,5340.89,1,Returned,Wallet
O02636,C0208,P043,2023-04-02 0:00:00,3,3604.21,10,3243.79,8,DELIVERED,Wallet
O02637,C0391,P076,2024-11-27 0:00:00,1,8124.39,20,6499.51,1,DELIVERED,Card
O02638,C0146,P095,2025-04-03 0:00:00,5,5332.26,15,4532.42,5,Cancelled,Wallet
O02639,C0133,P059,2023-02-03 0:00:00,4,4582.15,20,3665.72,10,Cancelled,UPI
O02640,C0300,P007,2023-06-24 0:00:00,4,7152.66,0,7152.66,7,DELIVERED,Wallet
O02641,C0409,P068,2024-06-17 0:00:00,4,9127.76,0,9127.76,4,Cancelled,UPI
O02642,C0167,P001,2024-11-24 0:00:00,3,4225.8,10,3803.22,12,Delivered,Wallet
O02643,C0252,P085,2024-08-22 0:00:00,5,4512.59,0,4512.59,7,DELIVERED,Wallet
O02644,C0313,P082,2025-06-09 0:00:00,2,2441.9,5,2319.8,6,Returned,Wallet
O02645,C0331,P043,2025-04-17 0:00:00,3,677.14,10,609.43,1,Cancelled,Wallet
O02646,C0384,P034,2023-12-31 0:00:00,2,5102.49,10,4592.24,12,Returned,Wallet
O02647,C0411,P058,2023-09-12 0:00:00,1,4980.47,20,3984.38,6,DELIVERED,UPI
O02648,C0252,P055,2023-12-20 0:00:00,2,3639.16,5,3457.2,12,Cancelled,COD
O02649,C0265,P083,2024-08-11 0:00:00,5,9930.81,0,9930.81,4,Returned,Card
O02650,C0166,P066,2024-12-19 0:00:00,4,8664.79,0,8664.79,4,delivered,UPI
O02651,C0225,P071,2026-03-29 0:00:00,1,706.49,0,706.49,3,Cancelled,Wallet
O02652,C0389,P038,2025-10-28 0:00:00,3,1298.56,20,1038.85,1,DELIVERED,Card
O02653,C0025,P028,2025-03-04 0:00:00,4,4866.83,20,3893.46,8,DELIVERED,Wallet
O02654,C0130,P039,2024-07-30 0:00:00,2,990.25,5,940.74,4,delivered,Wallet
O02655,C0368,P032,2024-04-21 0:00:00,3,4328.18,20,3462.54,12,Delivered,Wallet
O02656,C0226,P087,2025-05-13 0:00:00,1,6905.52,5,6560.24,6,Delivered,Wallet
O02657,C0155,P036,2025-01-01 0:00:00,1,4760.69,5,4522.66,8,Cancelled,Wallet
O02658,C0126,P051,2025-06-29 0:00:00,4,2144.06,15,1822.45,7,Returned,COD
O02659,C0251,P064,2024-06-26 0:00:00,1,5339.68,20,4271.74,10,Cancelled,COD
O02660,C0430,P065,2024-11-15 0:00:00,5,3089.84,10,2780.86,5,delivered,Wallet
O02661,C0450,P004,2024-05-06 0:00:00,3,8560.2,15,7276.17,5,Cancelled,Wallet
O02662,C0447,P020,2023-02-16 0:00:00,4,4488.97,15,3815.62,5,Cancelled,Wallet
O02663,C0103,P039,2023-06-30 0:00:00,4,3869.57,10,3482.61,6,Delivered,COD
O02664,C0030,P005,2023-04-06 0:00:00,4,7782.04,5,7392.94,10,Returned,COD
O02665,C0260,P020,2024-05-10 0:00:00,1,8064.93,10,7258.44,12,DELIVERED,COD
O02666,C0188,P032,2024-12-01 0:00:00,3,2819.58,10,2537.62,7,delivered,Card
O02667,C0350,P086,2023-01-28 0:00:00,2,9444.12,15,8027.5,11,Delivered,COD
O02668,C0031,P095,2024-05-17 0:00:00,4,774.58,20,619.66,2,DELIVERED,Wallet
O02669,C0392,P077,2025-10-24 0:00:00,3,8332.48,0,8332.48,12,Returned,Wallet
O02670,C0350,P041,2025-10-25 0:00:00,4,8418.71,0,8418.71,2,delivered,Wallet
O02671,C0241,P058,2025-05-20 0:00:00,3,4317.03,0,4317.03,5,Delivered,Wallet
O02672,C0376,P075,2025-04-22 0:00:00,4,5355.66,0,5355.66,8,Cancelled,Wallet
O02673,C0365,P018,2025-01-25 0:00:00,5,8911.66,20,7129.33,6,Cancelled,COD
O02674,C0035,P036,2023-12-03 0:00:00,5,6068.59,0,6068.59,10,delivered,Card
O02675,C0217,P037,2023-02-05 0:00:00,1,7434.95,20,5947.96,8,DELIVERED,COD
O02676,C0469,P020,2023-05-18 0:00:00,4,6963.89,20,5571.11,3,DELIVERED,UPI
O02677,C0017,P040,2025-09-19 0:00:00,3,1138.71,0,1138.71,7,DELIVERED,Wallet
O02678,C0233,P094,2025-10-21 0:00:00,2,2525.53,20,2020.42,5,DELIVERED,Card
O02679,C0097,P042,2024-06-21 0:00:00,3,4824.47,10,4342.02,1,DELIVERED,UPI
O02680,C0401,P065,2025-09-11 0:00:00,1,9335.22,5,8868.46,4,delivered,COD
O02681,C0246,P039,2023-07-15 0:00:00,1,5604.07,15,4763.46,8,delivered,UPI
O02682,C0005,P019,2024-12-28 0:00:00,2,9227.4,0,9227.4,4,Returned,COD
O02683,C0418,P011,2024-12-16 0:00:00,2,3041.59,15,2585.35,9,delivered,Wallet
O02684,C0061,P063,2026-02-01 0:00:00,5,7870.29,10,7083.26,12,Returned,COD
O02685,C0268,P039,2023-06-05 0:00:00,3,8829.83,20,7063.86,10,delivered,Wallet
O02686,C0193,P059,2024-12-07 0:00:00,4,3637.77,20,2910.22,2,Returned,Card
O02687,C0273,P098,2026-03-17 0:00:00,2,5611.35,0,5611.35,5,Delivered,Wallet
O02688,C0420,P034,2025-02-27 0:00:00,1,7457.23,5,7084.37,2,delivered,COD
O02689,C0053,P089,2025-01-27 0:00:00,2,7183.99,5,6824.79,3,Returned,Wallet
O02690,C0473,P014,2023-12-22 0:00:00,2,9791.71,0,9791.71,12,Delivered,Wallet
O02691,C0152,P093,2025-04-02 0:00:00,3,1970.01,5,1871.51,2,Delivered,Card
O02692,C0488,P009,2024-10-18 0:00:00,2,1296.55,10,1166.89,1,delivered,UPI
O02693,C0226,P069,2023-06-30 0:00:00,2,1059.42,10,953.48,8,Delivered,UPI
O02694,C0156,P085,2024-10-02 0:00:00,5,9998.26,15,8498.52,9,DELIVERED,Wallet
O02695,C0167,P039,2023-09-03 0:00:00,4,7543.51,15,6411.98,5,Returned,Card
O02696,C0440,P077,2024-06-30 0:00:00,5,6114.62,5,5808.89,10,DELIVERED,Card
O02697,C0412,P014,2023-02-16 0:00:00,1,4461.27,0,4461.27,12,Cancelled,UPI
O02698,C0009,P008,2025-12-14 0:00:00,4,9830.92,15,8356.28,2,delivered,Card
O02699,C0214,P065,2023-09-15 0:00:00,3,1772.98,0,1772.98,3,delivered,UPI
O02700,C0428,P080,2026-03-10 0:00:00,4,3880.48,15,3298.41,7,Cancelled,Card
O02701,C0045,P096,2023-01-08 0:00:00,1,5526.24,10,4973.62,12,Delivered,COD
O02702,C0283,P081,2025-07-22 0:00:00,5,2688.75,10,2419.88,3,Delivered,Card
O02703,C0238,P035,2026-02-18 0:00:00,2,1884.79,0,1884.79,11,DELIVERED,Wallet
O02704,C0238,P016,2023-10-24 0:00:00,4,7482.65,10,6734.39,9,Returned,COD
O02705,C0170,P087,2025-11-14 0:00:00,1,3304.8,5,3139.56,1,Delivered,Card
O02706,C0015,P023,2024-01-08 0:00:00,5,4294.62,15,3650.43,9,DELIVERED,UPI
O02707,C0231,P052,2024-11-29 0:00:00,4,7940.17,10,7146.15,5,Delivered,Wallet
O02708,C0300,P065,2024-11-07 0:00:00,1,2943.17,0,2943.17,12,Cancelled,Wallet
O02709,C0322,P046,2025-06-02 0:00:00,3,2440.26,0,2440.26,6,delivered,Card
O02710,C0227,P094,2025-02-19 0:00:00,5,5809.21,20,4647.37,9,DELIVERED,Wallet
O02711,C0338,P007,2025-05-03 0:00:00,5,6422.68,5,6101.55,7,delivered,Card
O02712,C0445,P025,2026-02-12 0:00:00,5,718.79,0,718.79,12,Cancelled,UPI
O02713,C0463,P011,2026-03-28 0:00:00,3,5078.95,20,4063.16,8,Returned,UPI
O02714,C0374,P033,2025-12-03 0:00:00,2,5334.93,5,5068.18,12,Returned,COD
O02715,C0302,P092,2023-09-07 0:00:00,2,5821.14,20,4656.91,2,DELIVERED,Wallet
O02716,C0066,P072,2024-05-05 0:00:00,5,7445.23,10,6700.71,8,Returned,COD
O02717,C0029,P073,2024-11-09 0:00:00,1,9594.47,15,8155.3,11,delivered,Card
O02718,C0389,P067,2025-04-07 0:00:00,4,5187.53,20,4150.02,9,Returned,Wallet
O02719,C0189,P100,2025-12-31 0:00:00,3,4109.98,5,3904.48,3,delivered,Card
O02720,C0270,P028,2023-11-12 0:00:00,5,9109.22,20,7287.38,2,delivered,COD
O02721,C0275,P094,2024-09-02 0:00:00,2,896.48,20,717.18,7,Cancelled,Wallet
O02722,C0143,P042,2026-02-03 0:00:00,4,6571.82,20,5257.46,7,delivered,Wallet
O02723,C0244,P043,2023-10-28 0:00:00,3,7473.63,20,5978.9,10,Delivered,Card
O02724,C0460,P045,2024-11-06 0:00:00,3,6543.69,0,6543.69,6,Returned,Card
O02725,C0235,P036,2023-06-28 0:00:00,5,7150.19,15,6077.66,12,Delivered,COD
O02726,C0390,P016,2023-08-30 0:00:00,5,4164.83,5,3956.59,6,Returned,Wallet
O02727,C0209,P046,2024-10-13 0:00:00,4,4531.81,10,4078.63,10,Delivered,COD
O02728,C0272,P077,2025-05-24 0:00:00,4,3451.46,0,3451.46,8,delivered,UPI
O02729,C0419,P024,2023-05-05 0:00:00,1,5874.38,5,5580.66,9,Delivered,Wallet
O02730,C0295,P061,2023-11-14 0:00:00,2,8452.67,0,8452.67,6,delivered,COD
O02731,C0111,P040,2023-12-09 0:00:00,2,1699.4,10,1529.46,12,Cancelled,Wallet
O02732,C0224,P084,2023-04-11 0:00:00,4,5756.32,20,4605.06,5,Delivered,Wallet
O02733,C0284,P001,2023-05-28 0:00:00,1,3108.65,5,2953.22,5,DELIVERED,Card
O02734,C0205,P052,2025-09-22 0:00:00,4,7603.63,10,6843.27,9,Delivered,COD
O02735,C0126,P075,2023-11-12 0:00:00,3,2981.54,15,2534.31,6,Cancelled,UPI
O02736,C0423,P052,2023-10-10 0:00:00,5,8960.04,15,7616.03,12,Cancelled,Card
O02737,C0437,P039,2026-03-20 0:00:00,1,6476.7,5,6152.86,12,Delivered,UPI
O02738,C0210,P057,2023-11-11 0:00:00,5,7063.3,20,5650.64,6,Returned,COD
O02739,C0497,P042,2024-03-21 0:00:00,1,2121.77,0,2121.77,6,Returned,Card
O02740,C0282,P018,2023-07-02 0:00:00,1,6898.99,15,5864.14,6,delivered,Wallet
O02741,C0204,P062,2025-11-14 0:00:00,2,4459.46,5,4236.49,6,DELIVERED,COD
O02742,C0426,P062,2024-12-04 0:00:00,4,524.01,20,419.21,1,Delivered,Wallet
O02743,C0248,P048,2025-01-28 0:00:00,5,9412.5,20,7530,8,Delivered,Card
O02744,C0310,P100,2023-12-05 0:00:00,5,6937.07,10,6243.36,5,DELIVERED,Card
O02745,C0267,P098,2024-05-15 0:00:00,1,4579.72,10,4121.75,3,Returned,COD
O02746,C0195,P100,2024-10-15 0:00:00,5,5020.75,15,4267.64,6,Returned,UPI
O02747,C0135,P084,2024-03-06 0:00:00,4,678.05,10,610.25,10,DELIVERED,Card
O02748,C0410,P073,2023-12-24 0:00:00,4,5601.91,15,4761.62,7,delivered,UPI
O02749,C0250,P052,2024-05-08 0:00:00,5,3023.5,20,2418.8,1,DELIVERED,UPI
O02750,C0027,P085,2023-04-08 0:00:00,3,2499.84,20,1999.87,2,Delivered,UPI
O02751,C0393,P037,2024-06-22 0:00:00,3,6612.77,15,5620.85,4,delivered,UPI
O02752,C0483,P047,2025-08-17 0:00:00,3,7095.23,15,6030.95,6,Returned,COD
O02753,C0495,P094,2025-09-26 0:00:00,4,2918.34,5,2772.42,11,DELIVERED,UPI
O02754,C0341,P041,2023-11-07 0:00:00,4,5572.69,10,5015.42,10,delivered,Card
O02755,C0428,P100,2026-04-07 0:00:00,5,3983.83,10,3585.45,1,DELIVERED,Wallet
O02756,C0051,P084,2025-04-17 0:00:00,5,3363.41,15,2858.9,9,Cancelled,UPI
O02757,C0322,P082,2023-08-29 0:00:00,2,7980.44,20,6384.35,5,delivered,Wallet
O02758,C0010,P060,2023-07-28 0:00:00,2,2764.19,10,2487.77,5,DELIVERED,Wallet
O02759,C0131,P094,2025-10-06 0:00:00,5,9972.37,15,8476.51,2,Returned,Wallet
O02760,C0164,P074,2024-11-27 0:00:00,2,9754.84,0,9754.84,12,Delivered,Wallet
O02761,C0019,P016,2025-08-03 0:00:00,2,5243.48,10,4719.13,7,Delivered,Card
O02762,C0179,P079,2023-03-05 0:00:00,5,8334.13,0,8334.13,8,Delivered,UPI
O02763,C0139,P074,2023-03-10 0:00:00,4,7622.19,15,6478.86,11,Cancelled,Wallet
O02764,C0161,P088,2023-07-20 0:00:00,4,7156.93,5,6799.08,6,Cancelled,Card
O02765,C0341,P071,2026-04-13 0:00:00,1,7617.98,10,6856.18,4,Cancelled,Wallet
O02766,C0250,P031,2025-01-23 0:00:00,4,6930.13,10,6237.12,7,DELIVERED,Wallet
O02767,C0069,P069,2026-01-07 0:00:00,5,4371.43,15,3715.72,3,delivered,COD
O02768,C0386,P025,2023-01-15 0:00:00,1,9686.87,5,9202.53,2,Delivered,COD
O02769,C0085,P064,2024-09-26 0:00:00,2,947.72,15,805.56,5,Returned,Card
O02770,C0396,P094,2026-03-08 0:00:00,4,4349.29,5,4131.83,12,Cancelled,Wallet
O02771,C0101,P091,2023-01-23 0:00:00,1,9531.59,10,8578.43,1,Delivered,Wallet
O02772,C0417,P020,2025-03-09 0:00:00,2,8143.63,15,6922.09,9,Delivered,Wallet
O02773,C0213,P031,2025-08-22 0:00:00,2,9755.94,10,8780.35,11,Returned,COD
O02774,C0200,P055,2026-04-09 0:00:00,1,1844.16,20,1475.33,9,Delivered,UPI
O02775,C0039,P034,2023-12-07 0:00:00,2,6886.08,5,6541.78,3,DELIVERED,Card
O02776,C0280,P073,2023-10-28 0:00:00,4,1284.78,0,1284.78,11,DELIVERED,Wallet
O02777,C0323,P081,2024-07-12 0:00:00,3,4245.99,10,3821.39,5,Cancelled,COD
O02778,C0057,P067,2023-07-19 0:00:00,2,2218.2,10,1996.38,2,Returned,COD
O02779,C0352,P044,2023-10-23 0:00:00,1,2531.38,15,2151.67,1,Delivered,Card
O02780,C0111,P057,2025-05-28 0:00:00,5,8342.53,20,6674.02,10,Returned,COD
O02781,C0134,P049,2023-10-03 0:00:00,1,5602.05,10,5041.85,2,delivered,UPI
O02782,C0166,P035,2023-05-03 0:00:00,1,2979.84,20,2383.87,4,Delivered,UPI
O02783,C0006,P026,2023-01-04 0:00:00,2,4707.7,20,3766.16,7,Returned,Wallet
O02784,C0375,P074,2023-01-22 0:00:00,4,9241.28,15,7855.09,1,Cancelled,Wallet
O02785,C0194,P019,2025-02-03 0:00:00,4,1529.87,20,1223.9,8,Delivered,Wallet
O02786,C0491,P013,2025-10-18 0:00:00,4,6714.95,0,6714.95,3,delivered,UPI
O02787,C0337,P039,2023-07-30 0:00:00,3,5683.2,20,4546.56,1,Returned,Wallet
O02788,C0083,P050,2024-09-01 0:00:00,5,2612.52,5,2481.89,11,DELIVERED,Wallet
O02789,C0314,P011,2025-04-01 0:00:00,3,6340.2,15,5389.17,10,Delivered,COD
O02790,C0408,P073,2023-03-09 0:00:00,2,6287.65,0,6287.65,5,Returned,Wallet
O02791,C0059,P091,2025-07-11 0:00:00,1,2679.95,5,2545.95,11,Delivered,UPI
O02792,C0097,P051,2026-01-20 0:00:00,5,1156.94,10,1041.25,2,delivered,Wallet
O02793,C0061,P043,2024-05-20 0:00:00,4,4913.2,0,4913.2,3,Delivered,Wallet
O02794,C0488,P022,2025-04-02 0:00:00,2,6557.35,15,5573.75,6,Delivered,Card
O02795,C0282,P091,2025-11-10 0:00:00,2,1574.28,20,1259.42,1,Cancelled,COD
O02796,C0119,P026,2025-01-23 0:00:00,3,5386.79,5,5117.45,10,Returned,Card
O02797,C0328,P011,2023-01-09 0:00:00,5,8361.78,5,7943.69,10,Cancelled,COD
O02798,C0160,P044,2024-06-03 0:00:00,4,2773.47,10,2496.12,8,Cancelled,Wallet
O02799,C0377,P011,2024-09-15 0:00:00,2,7829.14,10,7046.23,3,Delivered,UPI
O02800,C0170,P048,2025-11-17 0:00:00,2,9153.38,5,8695.71,10,Returned,Wallet
O02801,C0233,P013,2025-10-06 0:00:00,5,5992.79,5,5693.15,10,Cancelled,UPI
O02802,C0257,P058,2023-04-27 0:00:00,4,7142.96,5,6785.81,7,Returned,COD
O02803,C0494,P051,2024-06-02 0:00:00,1,1730.91,15,1471.27,-1,Returned,Card
O02804,C0287,P034,2023-08-25 0:00:00,5,6110.67,5,5805.14,7,Returned,Wallet
O02805,C0199,P036,2024-04-04 0:00:00,4,4846.3,15,4119.36,1,DELIVERED,COD
O02806,C0432,P030,2023-06-13 0:00:00,5,8090.86,15,6877.23,11,Cancelled,Card
O02807,C0384,P093,2025-07-13 0:00:00,1,2662.64,5,2529.51,7,DELIVERED,Wallet
O02808,C0155,P070,2024-07-29 0:00:00,3,9948.18,10,8953.36,1,Returned,UPI
O02809,C0432,P015,2026-01-13 0:00:00,5,3382.97,15,2875.52,4,Delivered,COD
O02810,C0248,P007,2025-07-20 0:00:00,4,685.57,10,617.01,3,Returned,Wallet
O02811,C0426,P016,2023-08-04 0:00:00,3,8267.47,10,7440.72,7,Delivered,UPI
O02812,C0452,P058,2025-01-11 0:00:00,4,9556.95,20,7645.56,5,DELIVERED,COD
O02813,C0078,P022,2025-03-04 0:00:00,4,3743.49,5,3556.32,8,Returned,Card
O02814,C0013,P098,2024-02-21 0:00:00,3,5315.64,10,4784.08,11,Returned,UPI
O02815,C0380,P054,2023-01-24 0:00:00,5,5320.97,15,4522.82,6,Cancelled,Wallet
O02816,C0368,P053,2023-05-19 0:00:00,5,7424.68,5,7053.45,11,delivered,Wallet
O02817,C0393,P057,2025-06-21 0:00:00,2,9349.14,20,7479.31,10,Cancelled,Wallet
O02818,C0292,P073,2025-04-12 0:00:00,5,4058.56,0,4058.56,4,delivered,Wallet
O02819,C0414,P098,2025-06-28 0:00:00,2,5221.52,20,4177.22,12,Delivered,UPI
O02820,C0067,P071,2025-05-09 0:00:00,1,9490.35,5,9015.83,2,delivered,Card
O02821,C0119,P025,2024-05-10 0:00:00,1,4365.23,5,4146.97,3,Delivered,Card
O02822,C0012,P052,2023-02-26 0:00:00,2,6359.43,5,6041.46,7,Cancelled,Wallet
O02823,C0336,P017,2024-01-26 0:00:00,3,7223.32,0,7223.32,6,DELIVERED,Wallet
O02824,C0157,P012,2023-10-07 0:00:00,5,8859.57,10,7973.61,10,Returned,COD
O02825,C0442,P034,2024-06-03 0:00:00,2,5082.74,0,5082.74,7,Returned,Wallet
O02826,C0126,P014,2023-08-27 0:00:00,3,3229.05,15,2744.69,6,Returned,Wallet
O02827,C0464,P019,2025-12-20 0:00:00,1,2931.29,10,2638.16,5,Delivered,COD
O02828,C0497,P017,2025-01-17 0:00:00,2,9757.05,15,8293.49,5,DELIVERED,UPI
O02829,C0492,P058,2026-01-19 0:00:00,4,5792.74,15,4923.83,11,Cancelled,UPI
O02830,C0063,P032,2023-06-03 0:00:00,2,899.41,20,719.53,3,Cancelled,UPI
O02831,C0473,P027,2026-03-27 0:00:00,1,6403.6,10,5763.24,7,delivered,Wallet
O02832,C0255,P026,2023-06-06 0:00:00,4,5875.67,15,4994.32,9,DELIVERED,Card
O02833,C0243,P086,2026-03-28 0:00:00,3,5890.15,15,5006.63,2,Cancelled,COD
O02834,C0278,P072,2025-11-03 0:00:00,3,1591.12,0,1591.12,3,Delivered,Wallet
O02835,C0270,P063,2024-10-01 0:00:00,1,684.17,0,684.17,3,DELIVERED,UPI
O02836,C0361,P084,2023-01-08 0:00:00,2,9420.47,5,8949.45,12,Delivered,Wallet
O02837,C0272,P064,2023-10-09 0:00:00,3,3326.8,10,2994.12,5,Delivered,UPI
O02838,C0333,P095,2023-02-06 0:00:00,3,4355.01,5,4137.26,6,Delivered,COD
O02839,C0088,P007,2024-04-15 0:00:00,2,4354.66,20,3483.73,5,Cancelled,UPI
O02840,C0478,P025,2024-02-18 0:00:00,4,5578.26,10,5020.43,9,Delivered,Wallet
O02841,C0353,P072,2024-03-18 0:00:00,3,5323.04,15,4524.58,4,Cancelled,Wallet
O02842,C0229,P077,2023-11-11 0:00:00,1,4549.32,0,4549.32,6,delivered,Card
O02843,C0176,P065,2023-07-24 0:00:00,4,5111.55,10,4600.4,9,Returned,Wallet
O02844,C0222,P064,2025-09-16 0:00:00,1,1408.71,0,1408.71,10,delivered,UPI
O02845,C0062,P072,2023-11-13 0:00:00,5,1726.7,0,1726.7,1,Returned,COD
O02846,C0431,P001,2024-07-04 0:00:00,2,2763.61,5,2625.43,8,Returned,Card
O02847,C0176,P069,2025-01-31 0:00:00,4,6062.16,20,4849.73,2,DELIVERED,UPI
O02848,C0228,P011,2024-08-01 0:00:00,1,4578.88,5,4349.94,11,Returned,Card
O02849,C0155,P090,2023-08-15 0:00:00,1,9088.36,15,7725.11,8,DELIVERED,Card
O02850,C0211,P021,2025-02-28 0:00:00,3,5832.24,15,4957.4,10,delivered,COD
O02851,C0092,P039,2026-03-23 0:00:00,5,1257.42,20,1005.94,2,Cancelled,Wallet
O02852,C0246,P022,2024-06-12 0:00:00,2,7717.39,15,6559.78,8,DELIVERED,Card
O02853,C0460,P060,2025-11-28 0:00:00,3,2376.75,10,2139.08,10,Cancelled,Card
O02854,C0173,P052,2024-09-21 0:00:00,5,9757.62,15,8293.98,2,delivered,Wallet
O02855,C0391,P029,2024-07-07 0:00:00,1,8431.72,20,6745.38,1,Returned,UPI
O02856,C0493,P007,2023-03-04 0:00:00,3,1690.93,15,1437.29,7,Delivered,Wallet
O02857,C0248,P030,2025-09-05 0:00:00,3,590.1,0,590.1,6,Cancelled,Card
O02858,C0427,P018,2023-09-15 0:00:00,3,8850.32,15,7522.77,12,DELIVERED,COD
O02859,C0119,P007,2023-06-23 0:00:00,5,1961,0,1961,10,DELIVERED,UPI
O02860,C0484,P091,2023-08-21 0:00:00,1,6948.31,5,6600.89,2,Cancelled,Card
O02861,C0216,P074,2023-01-27 0:00:00,2,4262.02,0,4262.02,6,Delivered,UPI
O02862,C0169,P079,2025-12-16 0:00:00,5,3026,20,2420.8,4,DELIVERED,Wallet
O02863,C0428,P098,2024-10-23 0:00:00,3,2054.05,20,1643.24,4,Returned,Wallet
O02864,C0181,P032,2023-02-10 0:00:00,4,9160.14,15,7786.12,2,delivered,Card
O02865,C0374,P100,2024-04-28 0:00:00,4,7806.91,5,7416.56,8,Cancelled,COD
O02866,C0009,P074,2023-03-19 0:00:00,1,905.71,5,860.42,10,Delivered,Wallet
O02867,C0160,P039,2023-10-26 0:00:00,3,8503.06,15,7227.6,11,Cancelled,Wallet
O02868,C0481,P007,2024-08-04 0:00:00,4,2869.49,10,2582.54,11,delivered,Card
O02869,C0362,P096,2023-05-06 0:00:00,1,4305.25,15,3659.46,12,Cancelled,Wallet
O02870,C0319,P026,2024-09-18 0:00:00,3,8208.54,10,7387.69,4,delivered,Wallet
O02871,C0379,P100,2024-01-11 0:00:00,4,6081.08,10,5472.97,4,DELIVERED,Card
O02872,C0128,P066,2023-07-21 0:00:00,5,4953.69,5,4706.01,4,delivered,Card
O02873,C0323,P087,2024-03-02 0:00:00,1,9375.41,5,8906.64,4,Delivered,Card
O02874,C0151,P098,2025-09-01 0:00:00,2,4519.46,0,4519.46,3,DELIVERED,UPI
O02875,C0081,P008,2024-05-10 0:00:00,5,5617.97,5,5337.07,8,delivered,COD
O02876,C0128,P017,2024-10-30 0:00:00,1,3579.87,0,3579.87,3,Delivered,UPI
O02877,C0274,P064,2023-04-21 0:00:00,4,7232.67,10,6509.4,6,Returned,COD
O02878,C0346,P039,2024-11-29 0:00:00,1,3097.14,5,2942.28,11,Cancelled,COD
O02879,C0439,P012,2023-09-27 0:00:00,1,1247.61,20,998.09,6,DELIVERED,Card
O02880,C0039,P076,2023-07-06 0:00:00,5,8107.45,0,8107.45,9,delivered,COD
O02881,C0313,P033,2023-05-21 0:00:00,1,3818.32,5,3627.4,5,Returned,Wallet
O02882,C0184,P064,2023-09-06 0:00:00,1,3665.22,15,3115.44,6,Cancelled,Wallet
O02883,C0143,P053,2024-05-18 0:00:00,2,2149.94,20,1719.95,3,Delivered,Wallet
O02884,C0344,P086,2026-01-03 0:00:00,1,7577.32,5,7198.45,2,DELIVERED,Wallet
O02885,C0235,P056,2023-05-30 0:00:00,2,3501.46,0,3501.46,1,DELIVERED,UPI
O02886,C0198,P065,2025-01-04 0:00:00,3,1961.51,10,1765.36,11,Cancelled,Wallet
O02887,C0111,P089,2025-05-15 0:00:00,4,4875.5,0,4875.5,11,Delivered,Wallet
O02888,C0041,P037,2025-05-05 0:00:00,1,7579.05,20,6063.24,1,Delivered,UPI
O02889,C0257,P072,2023-07-21 0:00:00,2,6199.01,15,5269.16,9,Returned,Wallet
O02890,C0481,P032,2026-02-10 0:00:00,2,863.52,15,733.99,7,Returned,UPI
O02891,C0181,P012,2025-12-16 0:00:00,4,9685.41,15,8232.6,12,DELIVERED,Wallet
O02892,C0303,P049,2024-11-15 0:00:00,5,934.59,10,841.13,11,Cancelled,Wallet
O02893,C0018,P002,2025-09-08 0:00:00,5,7707.3,15,6551.2,9,delivered,Wallet
O02894,C0484,P038,2025-07-05 0:00:00,2,8329.16,20,6663.33,11,delivered,Card
O02895,C0265,P029,2023-02-28 0:00:00,4,2502.39,15,2127.03,8,Returned,Card
O02896,C0390,P077,2026-04-11 0:00:00,1,7802.14,20,6241.71,9,Returned,COD
O02897,C0281,P027,2025-04-23 0:00:00,1,6594.66,10,5935.19,10,Cancelled,UPI
O02898,C0195,P068,2025-11-20 0:00:00,3,4181.52,10,3763.37,7,Cancelled,Wallet
O02899,C0458,P013,2023-06-22 0:00:00,3,1149.59,20,919.67,8,Cancelled,COD
O02900,C0421,P052,2024-02-29 0:00:00,3,4595.52,10,4135.97,6,DELIVERED,Card
O02901,C0009,P093,2023-03-08 0:00:00,1,5285.92,15,4493.03,3,delivered,COD
O02902,C0123,P099,2025-08-19 0:00:00,5,8431.5,10,7588.35,4,Cancelled,Wallet
O02903,C0353,P072,2025-09-12 0:00:00,2,675.07,5,641.32,8,Delivered,Wallet
O02904,C0247,P087,2023-11-11 0:00:00,2,8476.67,0,8476.67,9,Delivered,UPI
O02905,C0490,P038,2024-11-21 0:00:00,2,2994.9,0,2994.9,6,DELIVERED,UPI
O02906,C0260,P096,2023-03-16 0:00:00,1,9969.48,10,8972.53,1,Returned,Wallet
O02907,C0324,P059,2024-04-30 0:00:00,5,8507.84,20,6806.27,7,Returned,Wallet
O02908,C0007,P026,2024-07-31 0:00:00,4,1783.49,15,1515.97,4,delivered,Wallet
O02909,C0041,P038,2024-04-02 0:00:00,2,7838.25,0,7838.25,10,DELIVERED,Card
O02910,C0355,P092,2024-07-23 0:00:00,5,3418.53,5,3247.6,8,Delivered,Wallet
O02911,C0212,P097,2025-03-04 0:00:00,5,5880.74,15,4998.63,5,delivered,Wallet
O02912,C0311,P049,2023-11-18 0:00:00,5,5217.04,5,4956.19,9,delivered,COD
O02913,C0003,P022,2023-09-18 0:00:00,2,4797.25,10,4317.53,1,delivered,UPI
O02914,C0381,P060,2025-07-13 0:00:00,2,2632.32,10,2369.09,7,Delivered,Card
O02915,C0023,P034,2023-07-29 0:00:00,3,1248.72,10,1123.85,12,Returned,Card
O02916,C0207,P056,2023-03-30 0:00:00,5,8884.34,0,8884.34,7,Returned,UPI
O02917,C0151,P099,2024-07-18 0:00:00,2,2566.34,5,2438.02,9,Cancelled,Wallet
O02918,C0043,P042,2023-10-15 0:00:00,1,6045.18,15,5138.4,7,Cancelled,Wallet
O02919,C0156,P039,2023-11-15 0:00:00,5,3568.11,20,2854.49,5,Delivered,Card
O02920,C0129,P069,2026-01-19 0:00:00,2,8092.82,10,7283.54,3,Cancelled,Card
O02921,C0154,P047,2023-03-27 0:00:00,1,2821.01,15,2397.86,2,delivered,UPI
O02922,C0348,P049,2023-09-07 0:00:00,1,9177.3,0,9177.3,7,DELIVERED,UPI
O02923,C0044,P004,2024-06-24 0:00:00,5,7741.22,20,6192.98,7,Cancelled,UPI
O02924,C0412,P079,2023-09-14 0:00:00,5,5894.68,0,5894.68,10,DELIVERED,Wallet
O02925,C0287,P071,2024-03-08 0:00:00,5,1858.64,10,1672.78,7,DELIVERED,UPI
O02926,C0387,P009,2025-11-22 0:00:00,1,2594.22,0,2594.22,4,Delivered,UPI
O02927,C0472,P011,2024-04-19 0:00:00,5,6518.14,10,5866.33,3,delivered,COD
O02928,C0160,P058,2023-03-20 0:00:00,1,4726.88,20,3781.5,5,Returned,COD
O02929,C0233,P013,2024-08-29 0:00:00,4,512.95,10,461.66,7,Returned,Wallet
O02930,C0415,P046,2025-03-09 0:00:00,5,2520.46,0,2520.46,5,DELIVERED,COD
O02931,C0242,P077,2024-07-04 0:00:00,4,1688.86,5,1604.42,11,Delivered,Wallet
O02932,C0136,P034,2026-04-04 0:00:00,3,759.55,5,721.57,8,Returned,Wallet
O02933,C0363,P030,2025-03-16 0:00:00,4,535.24,5,508.48,2,Returned,COD
O02934,C0003,P050,2023-02-04 0:00:00,1,2265.31,15,1925.51,2,delivered,Card
O02935,C0360,P083,2026-02-13 0:00:00,4,7711.24,15,6554.55,2,Delivered,COD
O02936,C0429,P005,2023-06-16 0:00:00,4,9291.87,15,7898.09,11,Delivered,Wallet
O02937,C0085,P042,2024-04-07 0:00:00,5,4357.44,10,3921.7,2,Cancelled,UPI
O02938,C0149,P067,2025-03-30 0:00:00,4,9344.7,0,9344.7,8,Cancelled,Wallet
O02939,C0299,P067,2024-07-10 0:00:00,3,8829.73,15,7505.27,11,Returned,COD
O02940,C0208,P014,2023-02-21 0:00:00,5,1158.7,0,1158.7,4,Delivered,Wallet
O02941,C0335,P062,2024-10-03 0:00:00,4,537.32,0,537.32,4,Returned,COD
O02942,C0228,P068,2023-07-31 0:00:00,5,2374.07,5,2255.37,1,Delivered,UPI
O02943,C0143,P079,2023-02-18 0:00:00,4,1512.86,15,1285.93,1,delivered,UPI
O02944,C0172,P076,2025-05-16 0:00:00,3,3222.83,0,3222.83,6,Cancelled,COD
O02945,C0374,P053,2024-12-02 0:00:00,2,2707.44,20,2165.95,10,DELIVERED,Card
O02946,C0014,P028,2024-04-24 0:00:00,2,5891.7,0,5891.7,11,DELIVERED,Card
O02947,C0409,P075,2026-04-10 0:00:00,1,8826.12,0,8826.12,12,delivered,Wallet
O02948,C0058,P095,2025-09-05 0:00:00,4,9809.49,5,9319.02,12,Cancelled,Card
O02949,C0391,P055,2023-11-13 0:00:00,1,9947.27,5,9449.91,5,DELIVERED,Wallet
O02950,C0406,P096,2026-02-21 0:00:00,4,7317.74,5,6951.85,4,DELIVERED,Wallet
O02951,C0444,P062,2025-03-05 0:00:00,4,8649.31,5,8216.84,3,Returned,Wallet
O02952,C0141,P074,2024-02-16 0:00:00,1,2977.36,0,2977.36,4,Delivered,Wallet
O02953,C0187,P072,2023-07-27 0:00:00,5,4209.91,0,4209.91,6,Cancelled,Card
O02954,C0063,P050,2023-10-07 0:00:00,3,4893.82,5,4649.13,12,DELIVERED,UPI
O02955,C0479,P048,2024-06-22 0:00:00,4,7126.12,20,5700.9,4,Cancelled,COD
O02956,C0230,P002,2023-07-28 0:00:00,4,2481.95,20,1985.56,10,DELIVERED,COD
O02957,C0129,P085,2023-09-28 0:00:00,3,5116.98,5,4861.13,4,Cancelled,UPI
O02958,C0495,P020,2025-01-11 0:00:00,5,9862.86,15,8383.43,10,DELIVERED,Card
O02959,C0474,P023,2025-03-08 0:00:00,5,8420.63,0,8420.63,10,Delivered,UPI
O02960,C0029,P011,2024-10-31 0:00:00,1,6834.69,0,6834.69,12,Cancelled,UPI
O02961,C0133,P033,2025-11-19 0:00:00,4,1168.93,20,935.14,9,Delivered,Card
O02962,C0285,P066,2023-10-14 0:00:00,1,8626.45,0,8626.45,12,delivered,Wallet
O02963,C0027,P098,2026-02-22 0:00:00,3,6827.09,15,5803.03,10,Cancelled,Wallet
O02964,C0341,P034,2025-12-19 0:00:00,2,2368.1,5,2249.69,5,Delivered,Wallet
O02965,C0439,P047,2024-10-11 0:00:00,4,9512.53,5,9036.9,7,Cancelled,UPI
O02966,C0281,P018,2023-10-14 0:00:00,5,1815.78,0,1815.78,9,Delivered,Wallet
O02967,C0421,P037,2023-09-06 0:00:00,2,7631.2,20,6104.96,7,Cancelled,Wallet
O02968,C0098,P053,2024-06-20 0:00:00,1,6561.71,5,6233.62,3,Delivered,Wallet
O02969,C0313,P076,2023-05-16 0:00:00,5,2767.99,20,2214.39,11,Cancelled,Wallet
O02970,C0342,P009,2026-03-16 0:00:00,4,3102.19,5,2947.08,10,delivered,Card
O02971,C0413,P052,2025-07-19 0:00:00,3,1829.16,20,1463.33,11,Delivered,Card
O02972,C0310,P080,2026-03-08 0:00:00,4,8936.6,5,8489.77,5,DELIVERED,Card
O02973,C0133,P039,2025-12-01 0:00:00,2,3473.7,20,2778.96,5,DELIVERED,Card
O02974,C0447,P015,2023-06-02 0:00:00,4,7784.07,20,6227.26,2,DELIVERED,Card
O02975,C0267,P004,2024-10-18 0:00:00,2,940.16,10,846.14,12,Returned,Wallet
O02976,C0305,P087,2023-04-25 0:00:00,4,1309.14,10,1178.23,6,Cancelled,Card
O02977,C0296,P013,2023-11-08 0:00:00,4,5541.14,20,4432.91,6,Delivered,COD
O02978,C0092,P093,2025-03-23 0:00:00,4,9560.3,15,8126.25,7,Cancelled,UPI
O02979,C0275,P001,2023-12-25 0:00:00,2,1884.66,10,1696.19,2,Returned,COD
O02980,C0240,P099,2024-04-10 0:00:00,3,6749.99,20,5399.99,8,Cancelled,Wallet
O02981,C0162,P098,2024-12-10 0:00:00,2,6215.62,10,5594.06,10,Delivered,Wallet
O02982,C0038,P009,2025-09-08 0:00:00,2,2921.13,15,2482.96,2,delivered,Wallet
O02983,C0202,P084,2025-08-06 0:00:00,4,612.57,20,490.06,6,Cancelled,UPI
O02984,C0106,P027,2023-03-04 0:00:00,1,2022.97,20,1618.38,3,Delivered,Wallet
O02985,C0359,P019,2026-03-29 0:00:00,1,3934.19,5,3737.48,9,delivered,COD
O02986,C0410,P015,2023-03-22 0:00:00,5,1823.5,15,1549.97,3,Cancelled,Wallet
O02987,C0367,P055,2024-12-24 0:00:00,5,2425.87,5,2304.58,4,DELIVERED,Wallet
O02988,C0033,P079,2025-07-08 0:00:00,3,1918.79,0,1918.79,1,Delivered,Wallet
O02989,C0036,P056,2023-11-25 0:00:00,3,1808.4,15,1537.14,11,Cancelled,Wallet
O02990,C0034,P021,2024-11-01 0:00:00,4,7739.31,5,7352.34,6,DELIVERED,COD
O02991,C0454,P011,2023-03-08 0:00:00,1,7002.1,0,7002.1,6,Returned,UPI
O02992,C0066,P017,2025-05-29 0:00:00,5,3383.96,20,2707.17,12,delivered,Card
O02993,C0069,P017,2024-05-07 0:00:00,1,622.22,15,528.89,8,DELIVERED,UPI
O02994,C0464,P025,2024-07-10 0:00:00,2,7585.31,20,6068.25,12,delivered,COD
O02995,C0059,P056,2026-03-19 0:00:00,2,9959.76,10,8963.78,10,delivered,Wallet
O02996,C0203,P029,2023-09-11 0:00:00,1,8712.45,0,8712.45,12,Cancelled,Wallet
O02997,C0157,P002,2024-05-24 0:00:00,5,4162.32,20,3329.86,11,delivered,UPI
O02998,C0200,P013,2025-06-11 0:00:00,3,4051.26,10,3646.13,1,Cancelled,COD
O02999,C0149,P095,2024-11-09 0:00:00,5,4910.92,0,4910.92,5,Returned,UPI
O03000,C0074,P075,2025-04-25 0:00:00,1,3627.38,0,3627.38,5,delivered,Wallet
O03001,C0004,P041,2023-02-07 0:00:00,1,6070.31,10,5463.28,6,Returned,Wallet
O03002,C0396,P025,2023-09-08 0:00:00,5,5944.88,15,5053.15,12,DELIVERED,Card
O03003,C0339,P071,2023-04-09 0:00:00,3,4038.54,5,3836.61,3,DELIVERED,Wallet
O03004,C0156,P031,2024-12-17 0:00:00,5,2334.51,15,1984.33,11,DELIVERED,UPI
O03005,C0383,P087,2024-02-11 0:00:00,3,5220.97,15,4437.82,6,Returned,COD
O03006,C0398,P021,2024-10-26 0:00:00,1,7830.09,0,7830.09,6,DELIVERED,Wallet
O03007,C0283,P069,2023-12-29 0:00:00,4,8430.83,15,7166.21,9,Cancelled,UPI
O03008,C0010,P031,2023-02-10 0:00:00,2,1283.33,15,1090.83,10,DELIVERED,COD
O03009,C0304,P061,2023-08-30 0:00:00,5,8963.49,20,7170.79,10,Returned,Wallet
O03010,C0092,P078,2024-03-26 0:00:00,1,8093.09,10,7283.78,3,DELIVERED,COD
O03011,C0024,P042,2024-12-23 0:00:00,3,6777.13,10,6099.42,3,Returned,Wallet
O03012,C0055,P088,2024-01-21 0:00:00,4,3551.16,15,3018.49,2,Cancelled,Wallet
O03013,C0211,P019,2025-06-24 0:00:00,5,2623.25,10,2360.93,8,DELIVERED,COD
O03014,C0457,P046,2025-12-22 0:00:00,1,1333.75,15,1133.69,7,Returned,Wallet
O03015,C0476,P022,2024-01-07 0:00:00,1,8080.93,0,8080.93,11,Delivered,Card
O03016,C0032,P001,2025-11-18 0:00:00,2,4099.7,20,3279.76,7,delivered,COD
O03017,C0326,P074,2025-11-23 0:00:00,4,4609.92,0,4609.92,9,Returned,Wallet
O03018,C0380,P015,2024-05-19 0:00:00,2,566.81,15,481.79,2,Returned,Wallet
O03019,C0325,P043,2025-03-17 0:00:00,4,5984.5,20,4787.6,2,Delivered,Card
O03020,C0347,P046,2023-10-26 0:00:00,2,5448.27,15,4631.03,9,Returned,COD
O03021,C0054,P070,2024-06-12 0:00:00,5,8677.41,20,6941.93,11,delivered,Wallet
O03022,C0005,P083,2023-01-09 0:00:00,4,4261.29,5,4048.23,10,Cancelled,Card
O03023,C0436,P094,2024-08-31 0:00:00,4,6080.16,20,4864.13,10,DELIVERED,COD
O03024,C0142,P015,2023-03-30 0:00:00,4,6997.91,10,6298.12,5,Cancelled,Wallet
O03025,C0198,P082,2024-12-04 0:00:00,5,9103.45,5,8648.28,3,DELIVERED,Card
O03026,C0353,P051,2023-03-05 0:00:00,3,7801.63,10,7021.47,2,DELIVERED,Card
O03027,C0265,P043,2026-03-08 0:00:00,3,6007.52,20,4806.02,10,Delivered,Wallet
O03028,C0260,P041,2025-07-11 0:00:00,5,7188.41,20,5750.73,6,Returned,Card
O03029,C0270,P040,2024-03-22 0:00:00,4,3633.72,20,2906.98,8,DELIVERED,UPI
O03030,C0334,P086,2023-07-20 0:00:00,4,8489.58,5,8065.1,8,Cancelled,Wallet
O03031,C0329,P081,2023-01-06 0:00:00,4,1392.23,5,1322.62,1,Cancelled,Wallet
O03032,C0102,P092,2025-10-23 0:00:00,5,2570.16,20,2056.13,4,DELIVERED,COD
O03033,C0310,P044,2023-09-24 0:00:00,1,2744.82,5,2607.58,10,Returned,COD
O03034,C0477,P088,2025-03-15 0:00:00,1,7416.43,5,7045.61,3,DELIVERED,Card
O03035,C0170,P016,2024-08-06 0:00:00,2,4856.71,10,4371.04,12,Returned,Wallet
O03036,C0126,P035,2025-09-14 0:00:00,2,2993.58,0,2993.58,3,Cancelled,UPI
O03037,C0300,P032,2025-01-01 0:00:00,3,4526.87,20,3621.5,1,DELIVERED,COD
O03038,C0019,P006,2025-04-21 0:00:00,3,7101.18,0,7101.18,3,Delivered,Wallet
O03039,C0480,P047,2026-02-28 0:00:00,3,1199.61,15,1019.67,5,DELIVERED,Wallet
O03040,C0128,P085,2023-07-10 0:00:00,4,1555.99,5,1478.19,10,delivered,Wallet
O03041,C0208,P014,2023-11-12 0:00:00,1,8506.02,10,7655.42,12,delivered,Card
O03042,C0146,P054,2026-02-15 0:00:00,5,6666.52,0,6666.52,5,DELIVERED,Card
O03043,C0298,P043,2023-04-15 0:00:00,1,9399.69,10,8459.72,6,delivered,Wallet
O03044,C0250,P099,2026-01-08 0:00:00,2,7204.08,15,6123.47,5,Returned,COD
O03045,C0296,P093,2023-05-07 0:00:00,2,2704.82,5,2569.58,4,DELIVERED,Wallet
O03046,C0205,P073,2025-02-11 0:00:00,1,777.7,5,738.82,4,delivered,Wallet
O03047,C0228,P048,2024-11-21 0:00:00,5,665.03,5,631.78,10,Delivered,Wallet
O03048,C0481,P060,2023-02-18 0:00:00,1,4850.16,20,3880.13,11,Delivered,COD
O03049,C0130,P040,2023-03-09 0:00:00,1,2140.11,0,2140.11,4,Cancelled,Wallet
O03050,C0094,P094,2023-06-01 0:00:00,5,5018.42,5,4767.5,7,Returned,Card
O03051,C0438,P010,2023-11-19 0:00:00,2,7671.64,5,7288.06,11,Returned,Wallet
O03052,C0013,P062,2023-06-24 0:00:00,5,1893.71,0,1893.71,4,delivered,Card
O03053,C0453,P019,2025-11-12 0:00:00,4,900.18,0,900.18,3,delivered,Wallet
O03054,C0162,P037,2026-02-20 0:00:00,4,7611.68,5,7231.1,1,DELIVERED,Wallet
O03055,C0478,P019,2023-05-08 0:00:00,5,5586.75,15,4748.74,9,Cancelled,Card
O03056,C0381,P004,2023-06-12 0:00:00,2,2008.4,20,1606.72,12,delivered,Wallet
O03057,C0215,P047,2025-10-27 0:00:00,5,5757.36,10,5181.62,12,Returned,COD
O03058,C0433,P073,2025-05-03 0:00:00,2,7536.19,10,6782.57,1,Delivered,Wallet
O03059,C0091,P047,2025-08-02 0:00:00,3,4679.63,10,4211.67,6,delivered,Wallet
O03060,C0464,P069,2024-06-18 0:00:00,5,4924.88,10,4432.39,9,Delivered,Wallet
O03061,C0246,P060,2025-07-27 0:00:00,1,8199.4,20,6559.52,6,Delivered,Wallet
O03062,C0233,P020,2026-01-22 0:00:00,1,1851.65,20,1481.32,10,DELIVERED,Card
O03063,C0458,P052,2023-05-26 0:00:00,4,5463.3,20,4370.64,3,Cancelled,COD
O03064,C0039,P083,2025-11-22 0:00:00,1,4656.69,0,4656.69,8,Cancelled,UPI
O03065,C0407,P026,2023-06-02 0:00:00,3,4178.33,15,3551.58,1,Cancelled,Wallet
O03066,C0033,P019,2025-08-12 0:00:00,3,9994.84,20,7995.87,11,Returned,Wallet
O03067,C0069,P072,2025-01-09 0:00:00,2,9026.89,5,8575.55,5,delivered,COD
O03068,C0296,P078,2023-06-25 0:00:00,3,1290.46,15,1096.89,2,Returned,Wallet
O03069,C0061,P061,2023-01-03 0:00:00,3,5783.56,20,4626.85,12,Returned,Wallet
O03070,C0246,P060,2023-07-31 0:00:00,4,8786.11,0,8786.11,1,Delivered,Wallet
O03071,C0297,P048,2025-06-25 0:00:00,3,1053.04,5,1000.39,9,Returned,Wallet
O03072,C0028,P042,2023-05-18 0:00:00,4,7144.19,10,6429.77,11,Delivered,UPI
O03073,C0418,P014,2025-10-13 0:00:00,5,9288.96,0,9288.96,1,Returned,COD
O03074,C0179,P086,2024-08-14 0:00:00,1,7401.87,0,7401.87,3,Returned,Wallet
O03075,C0090,P005,2023-06-17 0:00:00,2,7017.74,5,6666.85,10,Delivered,Card
O03076,C0405,P078,2025-08-27 0:00:00,5,9061.59,15,7702.35,10,DELIVERED,Wallet
O03077,C0444,P096,2025-07-13 0:00:00,3,6580.04,20,5264.03,10,DELIVERED,COD
O03078,C0316,P098,2024-06-12 0:00:00,2,3792.21,15,3223.38,11,delivered,UPI
O03079,C0109,P057,2024-08-20 0:00:00,3,1292.12,10,1162.91,12,Delivered,COD
O03080,C0393,P030,2025-06-28 0:00:00,1,9054.34,5,8601.62,10,Cancelled,Wallet
O03081,C0059,P096,2025-02-10 0:00:00,5,7828.74,20,6262.99,9,Delivered,Wallet
O03082,C0155,P077,2023-04-06 0:00:00,3,3763.3,0,3763.3,8,DELIVERED,Wallet
O03083,C0141,P035,2023-03-13 0:00:00,3,6346.08,15,5394.17,2,Returned,UPI
O03084,C0146,P095,2023-04-03 0:00:00,2,9582.02,10,8623.82,3,DELIVERED,Wallet
O03085,C0286,P056,2024-03-04 0:00:00,3,3022.57,0,3022.57,10,delivered,COD
O03086,C0378,P076,2023-08-12 0:00:00,3,7766.1,10,6989.49,8,Delivered,UPI
O03087,C0191,P089,2023-05-26 0:00:00,1,7069.01,0,7069.01,9,Returned,COD
O03088,C0373,P042,2024-03-31 0:00:00,4,6935.57,20,5548.46,11,delivered,UPI
O03089,C0341,P027,2023-04-18 0:00:00,2,3891.18,20,3112.94,9,Cancelled,Card
O03090,C0021,P020,2023-10-30 0:00:00,3,7085.21,20,5668.17,10,Cancelled,COD
O03091,C0005,P043,2024-11-10 0:00:00,2,3788.57,15,3220.28,3,DELIVERED,Wallet
O03092,C0472,P071,2023-07-28 0:00:00,2,8315.04,20,6652.03,8,Returned,Card
O03093,C0131,P078,2026-01-10 0:00:00,1,8611.72,10,7750.55,11,DELIVERED,Wallet
O03094,C0479,P059,2023-08-01 0:00:00,3,4172.67,10,3755.4,4,Cancelled,Wallet
O03095,C0041,P059,2024-01-11 0:00:00,3,6980.83,5,6631.79,7,Cancelled,COD
O03096,C0319,P024,2025-05-17 0:00:00,5,950.48,10,855.43,3,Cancelled,Wallet
O03097,C0302,P070,2025-12-10 0:00:00,5,9235.09,20,7388.07,8,Cancelled,Wallet
O03098,C0389,P038,2023-05-22 0:00:00,3,3285.34,10,2956.81,8,delivered,COD
O03099,C0370,P075,2024-03-12 0:00:00,1,1597.69,20,1278.15,3,Cancelled,UPI
O03100,C0171,P085,2023-05-12 0:00:00,3,9644.33,15,8197.68,8,Returned,Card
O03101,C0057,P020,2024-07-24 0:00:00,3,4080.33,5,3876.31,1,Returned,COD
O03102,C0179,P053,2023-09-01 0:00:00,3,5045.91,5,4793.61,11,Delivered,COD
O03103,C0360,P031,2023-05-08 0:00:00,4,5766.65,15,4901.65,3,Cancelled,UPI
O03104,C0496,P030,2023-07-29 0:00:00,4,3685.23,10,3316.71,6,Cancelled,UPI
O03105,C0124,P032,2023-04-19 0:00:00,2,7212.25,15,6130.41,5,delivered,Wallet
O03106,C0326,P084,2023-11-28 0:00:00,2,8180.05,15,6953.04,7,DELIVERED,COD
O03107,C0410,P014,2023-09-24 0:00:00,4,8785.95,10,7907.36,2,Delivered,Card
O03108,C0286,P063,2026-01-10 0:00:00,5,7136.02,15,6065.62,3,Delivered,Wallet
O03109,C0170,P066,2025-04-01 0:00:00,4,1236.96,10,1113.26,9,Cancelled,Card
O03110,C0085,P081,2026-02-02 0:00:00,3,4613.58,10,4152.22,1,Returned,Card
O03111,C0361,P070,2025-02-19 0:00:00,3,1825.34,5,1734.07,9,Cancelled,Wallet
O03112,C0140,P050,2025-12-13 0:00:00,1,9157.66,10,8241.89,10,DELIVERED,Card
O03113,C0147,P058,2023-03-15 0:00:00,5,5264.26,5,5001.05,9,DELIVERED,Card
O03114,C0418,P079,2026-01-11 0:00:00,1,2804.12,5,2663.91,3,Returned,Wallet
O03115,C0470,P003,2024-03-01 0:00:00,1,8030.36,5,7628.84,3,Cancelled,Wallet
O03116,C0476,P096,2025-09-11 0:00:00,5,4646.55,10,4181.9,8,Returned,Wallet
O03117,C0096,P061,2023-10-22 0:00:00,2,4561.02,20,3648.82,6,Returned,Wallet
O03118,C0468,P062,2025-07-08 0:00:00,4,9824.79,5,9333.55,9,Returned,Card
O03119,C0209,P024,2026-01-04 0:00:00,3,4657.5,0,4657.5,1,delivered,Card
O03120,C0361,P048,2025-09-10 0:00:00,3,6558.4,10,5902.56,11,delivered,COD
O03121,C0256,P083,2023-03-16 0:00:00,4,2148.1,5,2040.69,8,Delivered,COD
O03122,C0241,P028,2023-05-05 0:00:00,3,2523.17,20,2018.54,10,delivered,Wallet
O03123,C0418,P058,2023-02-16 0:00:00,2,7581.91,5,7202.81,6,DELIVERED,Card
O03124,C0149,P053,2025-12-03 0:00:00,3,896.71,5,851.87,6,Returned,Card
O03125,C0054,P014,2025-05-01 0:00:00,5,8059.76,15,6850.8,5,Cancelled,Wallet
O03126,C0216,P082,2024-08-07 0:00:00,5,8611.18,0,8611.18,10,Cancelled,Wallet
O03127,C0153,P036,2025-11-20 0:00:00,2,5512.61,10,4961.35,1,DELIVERED,Wallet
O03128,C0320,P010,2023-11-30 0:00:00,4,7588.05,5,7208.65,3,DELIVERED,Wallet
O03129,C0225,P004,2023-01-22 0:00:00,5,3637.8,20,2910.24,12,Cancelled,Card
O03130,C0431,P076,2024-07-25 0:00:00,2,6935.21,10,6241.69,10,delivered,Wallet
O03131,C0305,P042,2024-02-27 0:00:00,3,801.85,15,681.57,9,Delivered,UPI
O03132,C0295,P066,2023-03-01 0:00:00,2,9468.52,0,9468.52,4,Delivered,Card
O03133,C0127,P046,2025-05-18 0:00:00,5,5238.59,15,4452.8,4,Returned,Wallet
O03134,C0020,P070,2023-02-04 0:00:00,1,3544.45,20,2835.56,2,Delivered,COD
O03135,C0167,P052,2025-07-27 0:00:00,2,2463.71,10,2217.34,4,Delivered,Card
O03136,C0164,P049,2025-01-19 0:00:00,4,5164.52,20,4131.62,2,Returned,Wallet
O03137,C0181,P064,2024-11-28 0:00:00,5,3996.86,20,3197.49,5,Returned,COD
O03138,C0166,P084,2024-05-06 0:00:00,5,5915.4,10,5323.86,6,Cancelled,Card
O03139,C0264,P047,2024-08-09 0:00:00,5,7245.7,0,7245.7,5,Delivered,Wallet
O03140,C0379,P085,2025-01-21 0:00:00,2,6430.52,5,6108.99,3,delivered,UPI
O03141,C0084,P100,2023-06-02 0:00:00,4,8995.09,20,7196.07,9,Cancelled,COD
O03142,C0048,P039,2025-02-05 0:00:00,1,8799.83,20,7039.86,3,Cancelled,COD
O03143,C0405,P086,2023-10-05 0:00:00,3,3536.86,0,3536.86,1,Cancelled,Wallet
O03144,C0375,P100,2026-01-25 0:00:00,5,8876.23,15,7544.8,9,delivered,COD
O03145,C0089,P093,2023-07-07 0:00:00,1,2291.25,10,2062.12,4,delivered,COD
O03146,C0120,P038,2023-02-15 0:00:00,3,591.27,5,561.71,7,Returned,COD
O03147,C0186,P092,2023-12-04 0:00:00,1,2172.26,0,2172.26,1,DELIVERED,Wallet
O03148,C0145,P062,2024-06-01 0:00:00,5,3511.35,20,2809.08,1,Delivered,Card
O03149,C0045,P071,2023-06-28 0:00:00,2,9090.26,10,8181.23,1,Delivered,Card
O03150,C0364,P047,2025-08-26 0:00:00,3,7539.64,5,7162.66,9,Delivered,Card
O03151,C0457,P060,2025-05-25 0:00:00,2,6207.85,20,4966.28,3,Returned,Wallet
O03152,C0060,P099,2023-08-27 0:00:00,1,2263.58,5,2150.4,3,delivered,UPI
O03153,C0021,P012,2024-08-16 0:00:00,2,6382.84,5,6063.7,4,Returned,COD
O03154,C0026,P072,2026-01-21 0:00:00,5,826.51,20,661.21,10,Returned,UPI
O03155,C0081,P025,2023-08-28 0:00:00,5,4108.54,15,3492.26,6,Returned,UPI
O03156,C0344,P028,2024-01-29 0:00:00,5,8754.17,0,8754.17,2,DELIVERED,Wallet
O03157,C0120,P098,2025-06-01 0:00:00,5,7407.07,5,7036.72,3,Cancelled,Wallet
O03158,C0006,P084,2024-03-21 0:00:00,1,9921.16,0,9921.16,2,Returned,Wallet
O03159,C0149,P005,2024-10-19 0:00:00,1,6374.62,20,5099.7,8,Delivered,UPI
O03160,C0140,P034,2025-01-23 0:00:00,2,7360.68,5,6992.65,4,Cancelled,UPI
O03161,C0177,P008,2025-10-12 0:00:00,4,1227.83,20,982.26,7,Cancelled,COD
O03162,C0423,P049,2024-03-03 0:00:00,2,3902.01,15,3316.71,2,Delivered,Wallet
O03163,C0373,P010,2023-07-10 0:00:00,1,8434.86,15,7169.63,9,Delivered,COD
O03164,C0314,P049,2024-02-26 0:00:00,4,9777.26,0,9777.26,10,Delivered,Wallet
O03165,C0312,P036,2025-04-04 0:00:00,4,8761.64,0,8761.64,10,Returned,Wallet
O03166,C0393,P032,2024-03-22 0:00:00,4,7020.98,5,6669.93,3,Cancelled,UPI
O03167,C0401,P004,2026-04-02 0:00:00,1,5184.95,10,4666.45,1,Cancelled,UPI
O03168,C0094,P028,2024-09-02 0:00:00,3,6731.66,20,5385.33,4,delivered,UPI
O03169,C0147,P090,2026-01-14 0:00:00,4,3707.63,20,2966.1,5,Returned,Wallet
O03170,C0308,P094,2023-01-11 0:00:00,2,6418.99,5,6098.04,6,Returned,Wallet
O03171,C0073,P088,2025-02-04 0:00:00,2,1850.34,10,1665.31,12,Returned,COD
O03172,C0458,P074,2025-05-11 0:00:00,3,3882.67,0,3882.67,2,Delivered,Card
O03173,C0220,P064,2026-01-16 0:00:00,3,5434.11,5,5162.4,4,Returned,Card
O03174,C0431,P082,2024-01-30 0:00:00,5,7249.13,5,6886.67,10,delivered,Card
O03175,C0131,P057,2025-01-15 0:00:00,5,661.44,10,595.3,7,Returned,COD
O03176,C0246,P092,2024-06-28 0:00:00,4,4500.37,10,4050.33,12,Delivered,Wallet
O03177,C0117,P014,2025-07-25 0:00:00,2,5165.39,0,5165.39,7,DELIVERED,COD
O03178,C0134,P046,2025-11-17 0:00:00,2,5963.33,15,5068.83,2,DELIVERED,UPI
O03179,C0190,P057,2024-01-01 0:00:00,5,1482.67,10,1334.4,2,Returned,UPI
O03180,C0213,P069,2025-02-19 0:00:00,3,7257.72,15,6169.06,2,Delivered,UPI
O03181,C0039,P012,2025-11-23 0:00:00,3,4173.75,0,4173.75,7,Returned,Card
O03182,C0174,P091,2024-07-06 0:00:00,4,7610.9,0,7610.9,6,Cancelled,COD
O03183,C0195,P065,2024-06-07 0:00:00,3,2166.77,15,1841.75,4,delivered,Wallet
O03184,C0149,P087,2024-07-12 0:00:00,4,1350.3,10,1215.27,4,DELIVERED,COD
O03185,C0015,P002,2024-04-17 0:00:00,3,8552.2,10,7696.98,7,Delivered,UPI
O03186,C0078,P064,2023-11-03 0:00:00,1,6209.25,15,5277.86,3,delivered,Wallet
O03187,C0065,P089,2023-07-22 0:00:00,4,8098.69,15,6883.89,11,Cancelled,Card
O03188,C0403,P008,2026-04-04 0:00:00,4,8079.5,5,7675.52,11,DELIVERED,Wallet
O03189,C0400,P092,2026-03-20 0:00:00,1,9808.48,20,7846.78,1,Delivered,Wallet
O03190,C0412,P089,2024-06-15 0:00:00,3,814.89,0,814.89,7,Delivered,Card
O03191,C0447,P096,2025-08-28 0:00:00,3,8254.34,10,7428.91,4,Cancelled,UPI
O03192,C0170,P092,2026-03-26 0:00:00,1,7064.76,5,6711.52,10,DELIVERED,UPI
O03193,C0146,P079,2025-03-03 0:00:00,3,8207.36,20,6565.89,5,Cancelled,Wallet
O03194,C0244,P090,2024-12-25 0:00:00,3,3289.99,0,3289.99,12,Cancelled,Card
O03195,C0058,P054,2023-05-17 0:00:00,4,3756.55,20,3005.24,-2,Cancelled,Card
O03196,C0357,P097,2024-10-15 0:00:00,3,3407.31,20,2725.85,5,Returned,Card
O03197,C0109,P071,2024-04-11 0:00:00,2,3473.92,0,3473.92,12,delivered,Wallet
O03198,C0047,P088,2023-04-05 0:00:00,3,9139.74,20,7311.79,12,Delivered,UPI
O03199,C0065,P088,2024-08-04 0:00:00,4,621.21,20,496.97,2,DELIVERED,Wallet
O03200,C0448,P100,2026-03-05 0:00:00,4,9544.37,5,9067.15,5,DELIVERED,Wallet
O03201,C0457,P082,2024-05-17 0:00:00,3,1353.69,10,1218.32,12,DELIVERED,COD
O03202,C0248,P022,2025-12-31 0:00:00,2,7978.17,20,6382.54,4,Cancelled,COD
O03203,C0338,P027,2023-04-09 0:00:00,4,6755.13,20,5404.1,2,delivered,Wallet
O03204,C0050,P011,2024-11-30 0:00:00,3,4094.39,15,3480.23,8,Returned,Wallet
O03205,C0492,P005,2025-12-04 0:00:00,2,8893.55,0,8893.55,8,Returned,COD
O03206,C0062,P015,2025-05-03 0:00:00,1,9357.42,0,9357.42,10,Delivered,UPI
O03207,C0333,P011,2023-07-31 0:00:00,3,9363.73,10,8427.36,12,Returned,Wallet
O03208,C0089,P094,2024-09-10 0:00:00,2,1073.33,20,858.66,5,Cancelled,Card
O03209,C0124,P064,2025-09-15 0:00:00,5,9213.84,10,8292.46,3,DELIVERED,Wallet
O03210,C0455,P016,2023-10-29 0:00:00,4,4855.67,0,4855.67,9,DELIVERED,Card
O03211,C0373,P099,2026-02-10 0:00:00,2,3676.18,0,3676.18,11,Delivered,Wallet
O03212,C0031,P079,2025-04-17 0:00:00,2,7672.04,15,6521.23,10,Cancelled,Wallet
O03213,C0432,P027,2026-01-29 0:00:00,1,1909.82,15,1623.35,12,delivered,Wallet
O03214,C0272,P018,2023-08-11 0:00:00,3,4864.06,15,4134.45,11,Delivered,UPI
O03215,C0384,P076,2023-02-13 0:00:00,2,6987.22,15,5939.14,10,Cancelled,UPI
O03216,C0385,P094,2025-05-03 0:00:00,2,5130.47,0,5130.47,9,Cancelled,Wallet
O03217,C0018,P074,2025-11-20 0:00:00,2,2060.1,15,1751.08,12,delivered,COD
O03218,C0223,P063,2024-09-15 0:00:00,5,3077.54,5,2923.66,12,Returned,Wallet
O03219,C0031,P061,2024-08-09 0:00:00,4,9371.76,5,8903.17,6,DELIVERED,COD
O03220,C0185,P087,2024-07-19 0:00:00,4,3508.29,5,3332.88,7,Delivered,Wallet
O03221,C0139,P064,2025-09-03 0:00:00,5,2021.52,0,2021.52,10,Returned,COD
O03222,C0392,P017,2023-11-02 0:00:00,1,8661.49,0,8661.49,6,Delivered,Card
O03223,C0030,P028,2023-09-14 0:00:00,4,9762.2,15,8297.87,4,Cancelled,COD
O03224,C0124,P002,2023-03-09 0:00:00,3,2132.39,10,1919.15,4,Cancelled,COD
O03225,C0264,P044,2023-10-28 0:00:00,1,7458.19,5,7085.28,7,delivered,COD
O03226,C0176,P091,2026-02-16 0:00:00,4,4297.26,15,3652.67,3,delivered,Wallet
O03227,C0431,P027,2025-03-29 0:00:00,5,6138.77,0,6138.77,6,Cancelled,Wallet
O03228,C0133,P017,2023-11-03 0:00:00,2,2344.16,15,1992.54,4,Returned,COD
O03229,C0459,P029,2025-10-15 0:00:00,4,2013.74,20,1610.99,3,delivered,Card
O03230,C0415,P030,2025-08-23 0:00:00,3,7633.69,5,7252.01,4,Delivered,UPI
O03231,C0129,P005,2024-02-23 0:00:00,5,7082.8,10,6374.52,4,Cancelled,UPI
O03232,C0350,P016,2026-01-05 0:00:00,3,2376.38,5,2257.56,4,Returned,Card
O03233,C0066,P047,2025-09-24 0:00:00,5,3168.84,15,2693.51,2,Returned,UPI
O03234,C0411,P091,2025-01-31 0:00:00,3,4915.03,15,4177.78,9,Delivered,Wallet
O03235,C0322,P050,2024-08-28 0:00:00,4,5927.98,15,5038.78,11,DELIVERED,COD
O03236,C0341,P090,2026-01-09 0:00:00,3,3373.29,5,3204.63,8,delivered,Wallet
O03237,C0106,P092,2023-10-25 0:00:00,5,6852.81,15,5824.89,6,Cancelled,Card
O03238,C0135,P093,2023-09-29 0:00:00,5,4572.43,20,3657.94,4,Returned,Wallet
O03239,C0234,P079,2025-08-17 0:00:00,2,6538.76,20,5231.01,10,Returned,Card
O03240,C0049,P077,2025-11-10 0:00:00,2,1262.88,10,1136.59,3,DELIVERED,Wallet
O03241,C0351,P094,2023-03-03 0:00:00,4,9657.54,10,8691.79,11,delivered,COD
O03242,C0333,P068,2025-04-09 0:00:00,1,4263.16,15,3623.69,12,Delivered,Wallet
O03243,C0048,P039,2026-03-09 0:00:00,4,2619.96,10,2357.96,8,Returned,Wallet
O03244,C0316,P012,2023-01-02 0:00:00,4,2842.82,20,2274.26,12,delivered,Wallet
O03245,C0087,P020,2023-07-31 0:00:00,3,2259.39,5,2146.42,7,DELIVERED,COD
O03246,C0152,P027,2026-03-19 0:00:00,5,7714.04,5,7328.34,8,Cancelled,Card
O03247,C0148,P001,2024-02-16 0:00:00,5,6235.32,20,4988.26,10,Returned,Wallet
O03248,C0399,P085,2025-01-23 0:00:00,3,3543.66,10,3189.29,7,delivered,UPI
O03249,C0077,P095,2023-07-06 0:00:00,4,1052.97,15,895.02,1,Delivered,Card
O03250,C0350,P096,2023-12-10 0:00:00,4,9430.14,15,8015.62,4,DELIVERED,Wallet
O03251,C0105,P037,2025-10-31 0:00:00,4,2446.43,5,2324.11,12,Cancelled,COD
O03252,C0003,P013,2026-04-03 0:00:00,5,2531.36,0,2531.36,7,Delivered,UPI
O03253,C0369,P094,2023-02-16 0:00:00,5,598.58,20,478.86,7,Cancelled,Card
O03254,C0397,P099,2026-02-16 0:00:00,2,4426.83,10,3984.15,8,Returned,Card
O03255,C0047,P062,2025-06-01 0:00:00,4,5383.93,20,4307.14,5,Delivered,Wallet
O03256,C0150,P099,2025-01-19 0:00:00,1,6194.97,15,5265.72,7,Returned,UPI
O03257,C0140,P054,2025-06-10 0:00:00,1,3212.86,15,2730.93,12,Returned,COD
O03258,C0277,P057,2026-01-29 0:00:00,3,9184.58,5,8725.35,4,Delivered,COD
O03259,C0200,P056,2024-12-07 0:00:00,2,5261.15,20,4208.92,6,Delivered,Wallet
O03260,C0047,P076,2025-12-18 0:00:00,2,4703.77,10,4233.39,8,Returned,Wallet
O03261,C0182,P006,2025-04-05 0:00:00,2,9778.31,10,8800.48,5,Returned,COD
O03262,C0166,P008,2023-11-03 0:00:00,5,2536.06,0,2536.06,12,delivered,UPI
O03263,C0144,P051,2023-12-05 0:00:00,5,8675.45,20,6940.36,7,DELIVERED,Card
O03264,C0208,P077,2024-11-06 0:00:00,3,7858.02,5,7465.12,9,delivered,UPI
O03265,C0259,P058,2023-05-11 0:00:00,2,8292.35,10,7463.12,4,Delivered,Wallet
O03266,C0319,P038,2025-02-20 0:00:00,5,927.57,10,834.81,7,Cancelled,UPI
O03267,C0133,P057,2024-07-19 0:00:00,3,6080.35,0,6080.35,7,Cancelled,Wallet
O03268,C0091,P015,2024-11-23 0:00:00,5,1663.99,0,1663.99,3,Delivered,Card
O03269,C0283,P053,2025-10-26 0:00:00,5,8253.41,15,7015.4,6,Delivered,Wallet
O03270,C0309,P029,2024-03-16 0:00:00,1,902.85,10,812.57,9,delivered,COD
O03271,C0206,P001,2023-07-25 0:00:00,2,8528.38,15,7249.12,11,delivered,Wallet
O03272,C0086,P076,2024-11-24 0:00:00,3,3498.71,0,3498.71,1,Cancelled,Card
O03273,C0416,P046,2025-08-11 0:00:00,5,609.84,0,609.84,5,Delivered,Wallet
O03274,C0469,P084,2023-07-05 0:00:00,1,9156.6,20,7325.28,12,Returned,COD
O03275,C0321,P093,2025-02-04 0:00:00,5,5897.94,20,4718.35,7,Delivered,COD
O03276,C0416,P076,2024-03-31 0:00:00,3,1647.73,0,1647.73,12,Returned,Wallet
O03277,C0253,P010,2025-09-16 0:00:00,5,4661.21,20,3728.97,11,Delivered,Wallet
O03278,C0436,P027,2023-11-30 0:00:00,1,6599.1,20,5279.28,10,Returned,COD
O03279,C0079,P076,2024-03-26 0:00:00,1,5158.76,0,5158.76,2,delivered,Card
O03280,C0493,P018,2023-03-28 0:00:00,1,7742.86,10,6968.57,3,Returned,COD
O03281,C0038,P061,2025-10-12 0:00:00,1,6824.39,5,6483.17,11,DELIVERED,Wallet
O03282,C0277,P001,2025-03-06 0:00:00,5,3813.19,5,3622.53,5,Cancelled,UPI
O03283,C0068,P093,2023-03-09 0:00:00,1,7059.81,5,6706.82,12,delivered,UPI
O03284,C0163,P063,2023-07-11 0:00:00,4,6123.14,10,5510.83,7,delivered,UPI
O03285,C0278,P011,2023-09-06 0:00:00,1,5766.49,0,5766.49,2,delivered,Card
O03286,C0167,P046,2026-04-10 0:00:00,5,8515.68,5,8089.9,3,Returned,Wallet
O03287,C0114,P015,2024-08-05 0:00:00,5,7346.11,5,6978.8,3,DELIVERED,Wallet
O03288,C0434,P003,2026-04-08 0:00:00,4,5772.23,20,4617.78,2,Cancelled,UPI
O03289,C0184,P004,2024-12-05 0:00:00,5,7746.7,20,6197.36,5,delivered,UPI
O03290,C0004,P067,2023-09-08 0:00:00,1,1839.33,0,1839.33,7,Cancelled,COD
O03291,C0131,P096,2025-04-13 0:00:00,1,9443.54,20,7554.83,5,Delivered,Wallet
O03292,C0020,P100,2026-02-04 0:00:00,1,7072.02,15,6011.22,5,delivered,COD
O03293,C0016,P052,2023-01-24 0:00:00,4,5857.27,10,5271.54,6,Returned,COD
O03294,C0135,P044,2025-03-26 0:00:00,5,829.95,5,788.45,8,Cancelled,Wallet
O03295,C0293,P084,2023-03-25 0:00:00,5,2594.17,20,2075.34,6,Cancelled,COD
O03296,C0341,P080,2023-02-02 0:00:00,2,6279.69,10,5651.72,3,DELIVERED,Wallet
O03297,C0162,P025,2025-12-28 0:00:00,3,4815.86,15,4093.48,3,DELIVERED,Wallet
O03298,C0413,P045,2024-02-04 0:00:00,4,7651.12,20,6120.9,10,Delivered,UPI
O03299,C0323,P052,2023-09-10 0:00:00,4,9412.47,10,8471.22,9,Cancelled,COD
O03300,C0069,P088,2025-03-04 0:00:00,4,8956.3,10,8060.67,1,delivered,Wallet
O03301,C0199,P018,2026-01-11 0:00:00,4,9594.49,0,9594.49,7,Cancelled,Wallet
O03302,C0139,P052,2026-01-28 0:00:00,1,7795.94,10,7016.35,3,Returned,Wallet
O03303,C0081,P064,2025-10-02 0:00:00,4,6679.44,0,6679.44,7,DELIVERED,UPI
O03304,C0488,P017,2024-02-27 0:00:00,2,1097.6,10,987.84,8,Delivered,Card
O03305,C0078,P044,2025-03-10 0:00:00,3,1905.61,5,1810.33,6,Delivered,UPI
O03306,C0308,P050,2023-05-09 0:00:00,5,3549.78,20,2839.82,5,Cancelled,Card
O03307,C0005,P081,2025-01-07 0:00:00,1,3938.67,0,3938.67,3,delivered,COD
O03308,C0140,P048,2025-04-27 0:00:00,2,7791.65,5,7402.07,9,Delivered,COD
O03309,C0077,P032,2023-11-03 0:00:00,5,9626.46,20,7701.17,11,delivered,UPI
O03310,C0139,P034,2024-04-08 0:00:00,1,6243.05,5,5930.9,10,Delivered,COD
O03311,C0475,P063,2025-11-14 0:00:00,1,3169.86,0,3169.86,9,delivered,COD
O03312,C0303,P098,2026-01-19 0:00:00,2,6968.68,15,5923.38,8,delivered,COD
O03313,C0477,P068,2023-10-29 0:00:00,1,7685.09,0,7685.09,7,delivered,UPI
O03314,C0265,P011,2025-10-25 0:00:00,2,5174.82,20,4139.86,12,Delivered,UPI
O03315,C0084,P053,2024-12-05 0:00:00,1,8138.18,20,6510.54,5,Cancelled,Wallet
O03316,C0171,P047,2025-10-29 0:00:00,5,7670.8,15,6520.18,11,Cancelled,Wallet
O03317,C0110,P099,2024-09-07 0:00:00,3,7874.87,10,7087.38,7,Returned,Wallet
O03318,C0162,P040,2024-08-28 0:00:00,5,1865.21,15,1585.43,3,delivered,Card
O03319,C0497,P068,2026-02-14 0:00:00,3,2424.69,0,2424.69,8,delivered,Wallet
O03320,C0118,P071,2025-12-15 0:00:00,1,3645.63,5,3463.35,6,delivered,Wallet
O03321,C0223,P049,2025-02-14 0:00:00,4,2008.96,10,1808.06,8,Delivered,Wallet
O03322,C0357,P065,2025-07-03 0:00:00,2,5633.19,15,4788.21,12,Delivered,Card
O03323,C0432,P028,2025-03-09 0:00:00,1,6444.8,10,5800.32,11,Returned,COD
O03324,C0070,P051,2023-09-20 0:00:00,5,2301.03,10,2070.93,12,Delivered,UPI
O03325,C0113,P001,2023-09-07 0:00:00,4,8493.27,0,8493.27,5,Delivered,Wallet
O03326,C0404,P077,2025-02-21 0:00:00,1,3134.95,10,2821.45,10,DELIVERED,COD
O03327,C0408,P079,2025-09-07 0:00:00,4,3462.94,5,3289.79,10,Delivered,UPI
O03328,C0478,P058,2023-12-04 0:00:00,3,2654.43,5,2521.71,10,Returned,Wallet
O03329,C0383,P027,2024-09-11 0:00:00,5,4940.33,0,4940.33,1,delivered,COD
O03330,C0278,P090,2024-12-29 0:00:00,3,6197.68,15,5268.03,12,Returned,Wallet
O03331,C0263,P052,2023-04-20 0:00:00,1,7469.79,20,5975.83,8,delivered,UPI
O03332,C0112,P059,2025-06-14 0:00:00,3,5940.53,5,5643.5,5,delivered,Wallet
O03333,C0488,P027,2024-03-15 0:00:00,2,5164.92,10,4648.43,1,Delivered,Card
O03334,C0021,P057,2023-01-29 0:00:00,2,2269.06,20,1815.25,9,DELIVERED,Wallet
O03335,C0450,P068,2024-03-23 0:00:00,2,7014.74,10,6313.27,12,Cancelled,Wallet
O03336,C0131,P001,2025-07-29 0:00:00,4,3441.71,15,2925.45,8,Delivered,Card
O03337,C0345,P058,2025-02-12 0:00:00,4,4157.46,10,3741.71,1,delivered,Card
O03338,C0404,P088,2026-01-08 0:00:00,5,8598.75,0,8598.75,3,delivered,UPI
O03339,C0213,P069,2023-12-04 0:00:00,5,8375.44,5,7956.67,9,Cancelled,Wallet
O03340,C0405,P028,2024-02-26 0:00:00,3,7744.3,5,7357.09,12,delivered,UPI
O03341,C0292,P022,2023-03-17 0:00:00,3,7358.26,10,6622.43,7,Cancelled,Wallet
O03342,C0049,P024,2024-02-19 0:00:00,4,808.38,10,727.54,4,DELIVERED,COD
O03343,C0297,P072,2023-07-07 0:00:00,2,9985.57,20,7988.46,5,Delivered,Wallet
O03344,C0496,P034,2024-01-07 0:00:00,3,9823.75,15,8350.19,3,Delivered,UPI
O03345,C0243,P097,2023-02-08 0:00:00,4,7618.93,15,6476.09,2,DELIVERED,Wallet
O03346,C0049,P011,2025-04-21 0:00:00,2,7998.2,10,7198.38,9,DELIVERED,Wallet
O03347,C0191,P074,2024-06-12 0:00:00,3,9294.31,20,7435.45,12,delivered,UPI
O03348,C0107,P098,2025-04-19 0:00:00,5,2844.07,20,2275.26,2,delivered,Wallet
O03349,C0219,P067,2025-10-05 0:00:00,3,5973.91,5,5675.21,8,Cancelled,Wallet
O03350,C0037,P027,2024-09-24 0:00:00,3,5895.58,10,5306.02,7,Delivered,Wallet
O03351,C0397,P072,2023-02-18 0:00:00,3,9984.99,0,9984.99,4,Returned,Wallet
O03352,C0103,P078,2023-01-27 0:00:00,3,2201.98,15,1871.68,4,Cancelled,Wallet
O03353,C0042,P029,2023-08-06 0:00:00,1,3951.53,0,3951.53,2,DELIVERED,COD
O03354,C0102,P053,2024-05-29 0:00:00,5,9686.67,10,8718,12,Cancelled,Wallet
O03355,C0007,P012,2023-01-06 0:00:00,2,7702.34,10,6932.11,10,Returned,Wallet
O03356,C0423,P059,2023-02-07 0:00:00,1,8102.17,15,6886.84,5,DELIVERED,Wallet
O03357,C0115,P068,2023-02-24 0:00:00,5,9579.34,10,8621.41,8,Cancelled,Wallet
O03358,C0199,P058,2024-01-07 0:00:00,5,9416.76,15,8004.25,4,Delivered,Wallet
O03359,C0093,P056,2024-09-17 0:00:00,4,1622.63,5,1541.5,8,delivered,Card
O03360,C0082,P035,2025-01-13 0:00:00,1,3956.42,15,3362.96,8,Returned,Wallet
O03361,C0228,P080,2024-02-05 0:00:00,1,6813.44,10,6132.1,11,delivered,Wallet
O03362,C0348,P080,2023-07-16 0:00:00,4,567.57,0,567.57,5,Cancelled,Wallet
O03363,C0003,P076,2025-05-18 0:00:00,2,6440.83,5,6118.79,7,Returned,COD
O03364,C0282,P054,2023-05-09 0:00:00,4,5329.67,20,4263.74,11,Delivered,Wallet
O03365,C0257,P049,2025-09-07 0:00:00,3,6898.73,15,5863.92,6,Returned,COD
O03366,C0141,P035,2025-10-13 0:00:00,2,9514.48,5,9038.76,7,Delivered,Card
O03367,C0337,P055,2024-12-19 0:00:00,4,2407.26,15,2046.17,8,Returned,Wallet
O03368,C0199,P050,2024-06-15 0:00:00,3,7485.84,20,5988.67,12,Returned,COD
O03369,C0415,P095,2024-05-03 0:00:00,4,7573.52,10,6816.17,11,DELIVERED,Wallet
O03370,C0130,P004,2025-01-16 0:00:00,3,8703.58,0,8703.58,3,delivered,Wallet
O03371,C0348,P096,2025-12-09 0:00:00,4,2111.7,0,2111.7,5,Returned,Wallet
O03372,C0122,P057,2024-12-16 0:00:00,3,8845.7,20,7076.56,1,DELIVERED,Wallet
O03373,C0118,P069,2024-03-18 0:00:00,1,7842.1,15,6665.78,6,delivered,Wallet
O03374,C0311,P016,2024-05-22 0:00:00,3,9286.67,20,7429.34,12,Cancelled,Wallet
O03375,C0416,P100,2023-03-01 0:00:00,4,3377.97,20,2702.38,5,Cancelled,Card
O03376,C0370,P050,2024-03-23 0:00:00,4,2485.8,10,2237.22,1,delivered,COD
O03377,C0209,P047,2025-11-23 0:00:00,1,3485.15,0,3485.15,3,delivered,Wallet
O03378,C0474,P051,2025-08-14 0:00:00,4,6500.58,15,5525.49,5,DELIVERED,Wallet
O03379,C0020,P032,2024-03-23 0:00:00,3,7070.74,15,6010.13,12,delivered,Wallet
O03380,C0058,P043,2023-10-28 0:00:00,2,8311.24,20,6648.99,5,Delivered,Wallet
O03381,C0011,P023,2025-09-28 0:00:00,3,8272.54,0,8272.54,2,Cancelled,UPI
O03382,C0168,P015,2025-03-13 0:00:00,4,8139.84,0,8139.84,10,DELIVERED,Wallet
O03383,C0241,P026,2025-11-27 0:00:00,3,6123.04,15,5204.58,11,delivered,Card
O03384,C0229,P084,2025-01-30 0:00:00,1,4557.6,10,4101.84,6,DELIVERED,Wallet
O03385,C0343,P097,2024-01-11 0:00:00,5,6105.4,10,5494.86,6,Cancelled,UPI
O03386,C0241,P043,2025-06-05 0:00:00,2,7725,0,7725,9,Cancelled,UPI
O03387,C0483,P021,2024-01-09 0:00:00,4,1309.37,20,1047.5,2,delivered,Wallet
O03388,C0252,P060,2024-06-03 0:00:00,1,8695.61,20,6956.49,4,DELIVERED,Wallet
O03389,C0359,P095,2024-02-29 0:00:00,5,5448.71,10,4903.84,2,delivered,Wallet
O03390,C0356,P065,2023-01-24 0:00:00,4,9384.15,15,7976.53,12,Cancelled,Wallet
O03391,C0061,P004,2025-05-25 0:00:00,1,7705.7,15,6549.84,6,DELIVERED,UPI
O03392,C0349,P083,2024-09-09 0:00:00,4,840.22,15,714.19,9,Cancelled,Wallet
O03393,C0131,P067,2024-12-20 0:00:00,3,5366.76,5,5098.42,4,Cancelled,Card
O03394,C0348,P001,2024-08-19 0:00:00,4,9332.12,10,8398.91,12,DELIVERED,Wallet
O03395,C0097,P016,2025-07-14 0:00:00,2,5052.48,20,4041.98,1,Returned,Wallet
O03396,C0126,P095,2023-06-19 0:00:00,2,8022.68,15,6819.28,5,Cancelled,Wallet
O03397,C0486,P034,2024-07-01 0:00:00,5,3593.41,20,2874.73,5,Delivered,Wallet
O03398,C0111,P004,2024-02-14 0:00:00,5,6760.4,10,6084.36,10,delivered,UPI
O03399,C0423,P044,2023-11-13 0:00:00,4,6450.17,10,5805.15,12,Cancelled,Wallet
O03400,C0106,P084,2023-03-19 0:00:00,5,7921.76,0,7921.76,3,delivered,Wallet
O03401,C0011,P077,2023-12-05 0:00:00,5,6754.77,15,5741.55,4,delivered,COD
O03402,C0226,P077,2023-08-29 0:00:00,4,3849.93,0,3849.93,1,DELIVERED,COD
O03403,C0014,P016,2023-10-26 0:00:00,1,8140.95,15,6919.81,3,Returned,COD
O03404,C0066,P026,2023-06-10 0:00:00,2,1387.47,10,1248.72,2,Returned,Card
O03405,C0414,P008,2024-09-08 0:00:00,1,7701.6,15,6546.36,3,Returned,UPI
O03406,C0153,P068,2024-08-12 0:00:00,1,5882.85,0,5882.85,6,Cancelled,Card
O03407,C0301,P068,2023-11-04 0:00:00,5,3909.7,15,3323.24,4,DELIVERED,COD
O03408,C0275,P021,2025-09-22 0:00:00,3,2748.67,0,2748.67,2,delivered,Card
O03409,C0301,P046,2023-07-21 0:00:00,5,8768.23,15,7453,3,Returned,COD
O03410,C0215,P100,2025-12-17 0:00:00,2,8772.82,10,7895.54,11,Returned,UPI
O03411,C0480,P066,2023-09-11 0:00:00,3,9100.01,20,7280.01,1,Returned,Wallet
O03412,C0233,P050,2023-07-31 0:00:00,5,3619.28,10,3257.35,9,DELIVERED,UPI
O03413,C0454,P092,2024-10-28 0:00:00,3,5368.74,10,4831.87,2,Delivered,Wallet
O03414,C0149,P006,2024-05-01 0:00:00,5,1794.19,10,1614.77,12,DELIVERED,UPI
O03415,C0178,P046,2024-03-06 0:00:00,4,9361.38,15,7957.17,6,DELIVERED,COD
O03416,C0069,P085,2023-11-09 0:00:00,5,5352.41,0,5352.41,12,Cancelled,Wallet
O03417,C0140,P048,2026-03-22 0:00:00,3,3350.24,15,2847.7,8,delivered,COD
O03418,C0230,P019,2024-08-13 0:00:00,3,8854.15,0,8854.15,9,Returned,Card
O03419,C0032,P091,2024-08-06 0:00:00,4,6163.28,20,4930.62,8,DELIVERED,COD
O03420,C0353,P095,2025-05-02 0:00:00,5,9841.09,20,7872.87,10,Cancelled,COD
O03421,C0175,P054,2025-09-27 0:00:00,1,4645.58,5,4413.3,10,Delivered,Card
O03422,C0477,P022,2025-07-11 0:00:00,3,3958.13,5,3760.22,1,Cancelled,Wallet
O03423,C0401,P020,2023-11-10 0:00:00,3,6428.62,0,6428.62,2,Cancelled,Card
O03424,C0419,P048,2023-08-20 0:00:00,4,4274.36,5,4060.64,5,delivered,COD
O03425,C0492,P047,2024-11-19 0:00:00,1,5216.15,0,5216.15,5,Returned,Card
O03426,C0473,P056,2024-01-19 0:00:00,3,3855.33,20,3084.26,6,Delivered,Wallet
O03427,C0248,P090,2025-04-29 0:00:00,5,9584.96,5,9105.71,11,Cancelled,Wallet
O03428,C0155,P096,2026-04-03 0:00:00,1,5824.66,20,4659.73,1,Delivered,UPI
O03429,C0243,P012,2025-01-28 0:00:00,5,4465.06,0,4465.06,2,DELIVERED,Wallet
O03430,C0297,P059,2026-04-09 0:00:00,5,3550.07,5,3372.57,12,delivered,Card
O03431,C0350,P032,2023-05-21 0:00:00,4,5781.89,0,5781.89,10,Cancelled,UPI
O03432,C0180,P083,2023-02-20 0:00:00,5,5969.66,20,4775.73,9,Delivered,UPI
O03433,C0048,P014,2025-01-26 0:00:00,3,4032.15,20,3225.72,2,delivered,Card
O03434,C0363,P025,2024-05-01 0:00:00,1,2036.75,10,1833.08,10,delivered,Wallet
O03435,C0341,P086,2024-04-28 0:00:00,4,2808.44,20,2246.75,1,Returned,Wallet
O03436,C0109,P068,2024-08-31 0:00:00,4,5428.22,0,5428.22,10,DELIVERED,Wallet
O03437,C0207,P032,2024-07-13 0:00:00,5,1443.73,15,1227.17,7,delivered,UPI
O03438,C0151,P024,2025-04-08 0:00:00,5,2709.56,20,2167.65,3,Cancelled,COD
O03439,C0132,P060,2026-02-18 0:00:00,4,3141.89,15,2670.61,1,delivered,Card
O03440,C0305,P084,2024-11-01 0:00:00,4,6193.07,15,5264.11,8,Returned,UPI
O03441,C0087,P040,2025-03-05 0:00:00,5,5006.53,10,4505.88,10,Returned,Wallet
O03442,C0112,P073,2024-11-16 0:00:00,1,3406.58,10,3065.92,10,delivered,UPI
O03443,C0074,P026,2024-07-25 0:00:00,3,3637.67,15,3092.02,11,Delivered,Card
O03444,C0481,P073,2025-02-07 0:00:00,4,8026.27,20,6421.02,9,DELIVERED,Wallet
O03445,C0339,P069,2024-01-08 0:00:00,4,4209.49,20,3367.59,2,delivered,Wallet
O03446,C0252,P018,2024-01-16 0:00:00,2,2808.44,5,2668.02,9,Delivered,Card
O03447,C0028,P050,2023-05-12 0:00:00,4,2473.99,15,2102.89,5,delivered,Wallet
O03448,C0494,P042,2025-10-12 0:00:00,4,5173.43,10,4656.09,9,Returned,Card
O03449,C0352,P042,2025-07-09 0:00:00,1,9318.3,10,8386.47,7,Cancelled,COD
O03450,C0454,P046,2024-11-21 0:00:00,4,5272.95,20,4218.36,1,Delivered,Card
O03451,C0328,P033,2024-06-24 0:00:00,4,6553.41,15,5570.4,5,delivered,Wallet
O03452,C0131,P056,2024-12-28 0:00:00,2,2073.28,0,2073.28,2,delivered,COD
O03453,C0351,P066,2025-06-02 0:00:00,3,2186.93,0,2186.93,2,Cancelled,COD
O03454,C0167,P011,2026-03-22 0:00:00,4,7295.91,10,6566.32,4,Delivered,Wallet
O03455,C0192,P081,2023-07-27 0:00:00,5,3802.21,0,3802.21,7,delivered,Card
O03456,C0045,P081,2024-06-22 0:00:00,3,8851.68,20,7081.34,9,delivered,Card
O03457,C0461,P055,2025-04-21 0:00:00,2,7240.94,20,5792.75,8,delivered,Card
O03458,C0107,P027,2026-01-27 0:00:00,4,6880.37,0,6880.37,3,Delivered,UPI
O03459,C0378,P063,2023-03-30 0:00:00,4,885.29,20,708.23,2,Delivered,COD
O03460,C0236,P084,2024-08-28 0:00:00,2,1705.64,0,1705.64,6,Returned,Wallet
O03461,C0243,P003,2024-01-05 0:00:00,3,6372.28,0,6372.28,3,DELIVERED,Wallet
O03462,C0163,P065,2024-02-01 0:00:00,5,4577.54,0,4577.54,4,Delivered,COD
O03463,C0369,P047,2023-09-10 0:00:00,1,6461.36,15,5492.16,12,delivered,UPI
O03464,C0056,P052,2026-01-30 0:00:00,4,1229.7,20,983.76,3,Returned,Wallet
O03465,C0145,P058,2024-05-04 0:00:00,3,3721.95,5,3535.85,2,delivered,UPI
O03466,C0128,P012,2024-01-03 0:00:00,3,2835.38,20,2268.3,5,Cancelled,Wallet
O03467,C0206,P012,2025-04-27 0:00:00,4,3838.21,0,3838.21,4,DELIVERED,COD
O03468,C0170,P044,2023-11-03 0:00:00,5,710.62,5,675.09,6,Cancelled,Wallet
O03469,C0383,P008,2023-10-22 0:00:00,2,8995.35,5,8545.58,8,Cancelled,COD
O03470,C0473,P056,2026-01-31 0:00:00,1,573.3,10,515.97,11,Cancelled,UPI
O03471,C0396,P010,2023-12-31 0:00:00,4,6000.95,10,5400.85,2,Delivered,Wallet
O03472,C0104,P024,2024-05-08 0:00:00,1,8569.22,15,7283.84,10,DELIVERED,Card
O03473,C0140,P068,2024-07-31 0:00:00,5,8132.9,5,7726.25,6,Returned,COD
O03474,C0459,P057,2026-04-06 0:00:00,1,8773.29,15,7457.3,1,DELIVERED,Card
O03475,C0139,P023,2025-03-21 0:00:00,2,8676.52,20,6941.22,3,DELIVERED,Wallet
O03476,C0013,P019,2023-03-12 0:00:00,5,7949.15,10,7154.23,10,DELIVERED,UPI
O03477,C0399,P041,2023-07-21 0:00:00,1,3568.44,10,3211.6,1,Delivered,Wallet
O03478,C0127,P029,2025-05-03 0:00:00,2,2308.43,15,1962.17,12,delivered,Card
O03479,C0239,P090,2023-04-19 0:00:00,1,3499.24,10,3149.32,4,Delivered,Wallet
O03480,C0120,P058,2025-07-08 0:00:00,5,9047.23,0,9047.23,5,Delivered,Card
O03481,C0139,P057,2023-05-06 0:00:00,1,7969.75,0,7969.75,12,Delivered,Card
O03482,C0428,P029,2024-03-10 0:00:00,3,7185.75,20,5748.6,11,Returned,Wallet
O03483,C0056,P059,2025-02-14 0:00:00,1,4766.27,20,3813.02,9,Returned,Wallet
O03484,C0122,P089,2026-02-26 0:00:00,3,849.7,20,679.76,12,delivered,UPI
O03485,C0043,P100,2025-02-14 0:00:00,1,9819.8,10,8837.82,10,Returned,Wallet
O03486,C0456,P049,2024-08-11 0:00:00,2,2849.81,0,2849.81,4,Cancelled,UPI
O03487,C0198,P045,2024-08-29 0:00:00,5,6220.5,10,5598.45,1,DELIVERED,Card
O03488,C0255,P049,2025-01-25 0:00:00,3,5923.87,10,5331.48,11,Delivered,Wallet
O03489,C0165,P055,2023-10-29 0:00:00,3,4223.6,0,4223.6,11,delivered,Wallet
O03490,C0478,P081,2025-02-23 0:00:00,1,6019.18,5,5718.22,3,Delivered,UPI
O03491,C0311,P029,2025-06-11 0:00:00,5,4643.05,0,4643.05,1,Delivered,Wallet
O03492,C0035,P084,2025-08-15 0:00:00,1,6100.89,20,4880.71,6,Delivered,UPI
O03493,C0087,P068,2023-02-19 0:00:00,2,9949.3,15,8456.9,11,DELIVERED,Wallet
O03494,C0044,P036,2025-08-08 0:00:00,4,4916.92,15,4179.38,1,delivered,Wallet
O03495,C0219,P083,2025-04-01 0:00:00,5,1729.7,0,1729.7,6,DELIVERED,Wallet
O03496,C0493,P077,2025-01-11 0:00:00,1,9659.33,15,8210.43,6,Cancelled,Wallet
O03497,C0444,P016,2024-02-24 0:00:00,1,9909.65,5,9414.17,6,DELIVERED,Wallet
O03498,C0236,P037,2025-12-22 0:00:00,2,8627.09,20,6901.67,11,Returned,Card
O03499,C0240,P096,2024-06-28 0:00:00,3,926.4,15,787.44,7,Returned,Wallet
O03500,C0375,P015,2025-09-30 0:00:00,4,2296.8,20,1837.44,3,Cancelled,COD
O03501,C0123,P048,2024-11-13 0:00:00,5,4768.11,10,4291.3,10,Returned,COD
O03502,C0303,P061,2023-09-12 0:00:00,2,5601.95,10,5041.76,10,delivered,COD
O03503,C0357,P049,2024-06-04 0:00:00,2,7843.7,0,7843.7,1,Cancelled,Wallet
O03504,C0292,P054,2026-04-13 0:00:00,1,1912.69,15,1625.79,2,Returned,Card
O03505,C0126,P098,2026-02-10 0:00:00,2,4010.83,0,4010.83,2,Cancelled,Wallet
O03506,C0409,P095,2025-09-04 0:00:00,2,876.25,15,744.81,9,DELIVERED,Card
O03507,C0088,P007,2023-10-06 0:00:00,2,3629.53,10,3266.58,12,Returned,COD
O03508,C0059,P024,2026-02-17 0:00:00,5,9582.99,10,8624.69,2,delivered,Wallet
O03509,C0189,P016,2025-07-14 0:00:00,5,8617.69,20,6894.15,12,delivered,Wallet
O03510,C0226,P083,2025-07-31 0:00:00,2,8106.11,5,7700.8,2,Returned,Wallet
O03511,C0334,P036,2025-06-18 0:00:00,3,9103.82,0,9103.82,10,DELIVERED,UPI
O03512,C0372,P062,2026-02-26 0:00:00,3,3593.74,15,3054.68,8,Delivered,Wallet
O03513,C0155,P083,2024-10-15 0:00:00,3,2436.48,5,2314.66,4,delivered,COD
O03514,C0254,P046,2023-03-06 0:00:00,2,5277.59,0,5277.59,6,Returned,Card
O03515,C0376,P025,2025-02-18 0:00:00,4,2000.25,20,1600.2,1,Returned,COD
O03516,C0132,P026,2024-02-13 0:00:00,4,6614.69,15,5622.49,10,Returned,UPI
O03517,C0275,P041,2024-10-26 0:00:00,4,5590.49,15,4751.92,9,Delivered,Wallet
O03518,C0330,P035,2024-06-28 0:00:00,5,7710.66,5,7325.13,10,Delivered,UPI
O03519,C0304,P061,2024-06-17 0:00:00,1,648.59,5,616.16,12,Returned,Card
O03520,C0055,P068,2023-05-26 0:00:00,3,3144.85,20,2515.88,1,Returned,Wallet
O03521,C0492,P020,2026-04-15 0:00:00,5,4448.76,20,3559.01,4,delivered,COD
O03522,C0408,P065,2023-06-08 0:00:00,4,9725.74,10,8753.17,5,Delivered,UPI
O03523,C0235,P048,2025-03-21 0:00:00,3,7308.08,0,7308.08,5,Delivered,UPI
O03524,C0427,P043,2024-10-24 0:00:00,4,3219.78,5,3058.79,5,DELIVERED,Wallet
O03525,C0175,P091,2024-05-28 0:00:00,2,530.84,5,504.3,4,Cancelled,Wallet
O03526,C0251,P011,2025-06-29 0:00:00,2,1868.82,5,1775.38,1,delivered,COD
O03527,C0475,P044,2024-06-14 0:00:00,2,3123.85,15,2655.27,10,Cancelled,UPI
O03528,C0437,P010,2023-04-16 0:00:00,1,4462.65,5,4239.52,9,Cancelled,Wallet
O03529,C0133,P081,2023-06-24 0:00:00,3,1529.38,5,1452.91,2,delivered,UPI
O03530,C0035,P050,2025-11-19 0:00:00,2,2071.85,0,2071.85,7,Delivered,Wallet
O03531,C0139,P016,2024-01-28 0:00:00,3,4643.16,0,4643.16,6,delivered,Card
O03532,C0482,P077,2023-05-18 0:00:00,4,4224.62,0,4224.62,6,DELIVERED,Wallet
O03533,C0342,P048,2025-08-27 0:00:00,3,5743.29,15,4881.8,2,Returned,Card
O03534,C0304,P023,2023-12-15 0:00:00,5,1065.67,10,959.1,5,Delivered,Wallet
O03535,C0293,P075,2024-07-07 0:00:00,1,6609.69,0,6609.69,3,Returned,UPI
O03536,C0418,P066,2025-01-11 0:00:00,3,1546.51,0,1546.51,4,Cancelled,Wallet
O03537,C0212,P042,2023-11-12 0:00:00,5,2300.83,0,2300.83,3,Delivered,UPI
O03538,C0456,P006,2023-11-08 0:00:00,2,8297.51,0,8297.51,5,Delivered,Wallet
O03539,C0263,P067,2025-03-11 0:00:00,5,6642.72,10,5978.45,9,Cancelled,COD
O03540,C0238,P024,2023-09-13 0:00:00,5,3324.3,0,3324.3,3,delivered,Wallet
O03541,C0468,P054,2024-10-01 0:00:00,4,8925.69,10,8033.12,2,DELIVERED,Wallet
O03542,C0369,P015,2026-02-20 0:00:00,1,9963.37,10,8967.03,3,Delivered,UPI
O03543,C0112,P014,2025-01-05 0:00:00,1,2311.54,20,1849.23,3,Cancelled,Wallet
O03544,C0129,P092,2023-01-26 0:00:00,2,8928.51,5,8482.08,9,delivered,Card
O03545,C0323,P032,2023-11-20 0:00:00,3,4248.09,15,3610.88,2,Delivered,Card
O03546,C0218,P057,2023-03-22 0:00:00,3,2845.52,10,2560.97,9,Cancelled,Wallet
O03547,C0102,P084,2026-01-01 0:00:00,4,781.56,5,742.48,12,Cancelled,Wallet
O03548,C0359,P064,2025-09-23 0:00:00,4,9144.57,10,8230.11,9,delivered,UPI
O03549,C0432,P089,2023-04-17 0:00:00,1,4763.8,10,4287.42,5,Delivered,Card
O03550,C0353,P087,2025-10-06 0:00:00,2,7140.1,10,6426.09,1,delivered,COD
O03551,C0222,P045,2024-08-15 0:00:00,4,8141.11,5,7734.05,3,Delivered,Wallet
O03552,C0433,P056,2024-04-24 0:00:00,5,6129.8,5,5823.31,8,Returned,Wallet
O03553,C0413,P071,2023-12-13 0:00:00,3,7143.5,5,6786.32,2,Returned,Wallet
O03554,C0086,P100,2025-07-29 0:00:00,2,9124.44,5,8668.22,11,Returned,Wallet
O03555,C0449,P030,2024-12-22 0:00:00,5,702.75,0,702.75,11,Cancelled,Card
O03556,C0037,P011,2025-05-23 0:00:00,1,5450.11,20,4360.09,4,Returned,Wallet
O03557,C0363,P060,2023-04-27 0:00:00,2,6907.39,5,6562.02,5,DELIVERED,UPI
O03558,C0004,P093,2026-02-17 0:00:00,4,9842.35,0,9842.35,6,Returned,COD
O03559,C0102,P045,2025-07-23 0:00:00,5,3184.25,20,2547.4,7,Cancelled,Wallet
O03560,C0122,P070,2023-01-24 0:00:00,4,7191.32,15,6112.62,2,DELIVERED,Wallet
O03561,C0184,P036,2023-12-17 0:00:00,3,1193.11,10,1073.8,12,delivered,COD
O03562,C0363,P005,2024-11-01 0:00:00,5,3661.7,0,3661.7,4,Returned,UPI
O03563,C0353,P046,2023-08-13 0:00:00,3,3294.38,20,2635.5,11,Delivered,UPI
O03564,C0118,P055,2024-04-14 0:00:00,5,4401.85,10,3961.67,11,Cancelled,COD
O03565,C0034,P063,2024-05-01 0:00:00,5,593.26,10,533.93,5,Cancelled,Card
O03566,C0250,P065,2025-08-12 0:00:00,2,2753.95,5,2616.25,12,Delivered,Card
O03567,C0042,P057,2023-05-10 0:00:00,2,2556.55,20,2045.24,9,Returned,Wallet
O03568,C0346,P057,2024-10-17 0:00:00,5,7626.11,10,6863.5,5,delivered,UPI
O03569,C0217,P032,2025-10-16 0:00:00,1,9080,15,7718,10,delivered,UPI
O03570,C0460,P003,2025-12-31 0:00:00,1,3405.23,5,3234.97,2,Returned,Wallet
O03571,C0393,P043,2026-04-05 0:00:00,2,9752.9,0,9752.9,12,DELIVERED,UPI
O03572,C0125,P091,2025-05-05 0:00:00,1,2731.33,20,2185.06,1,DELIVERED,Wallet
O03573,C0035,P065,2023-11-10 0:00:00,3,7295,0,7295,3,DELIVERED,UPI
O03574,C0266,P034,2025-05-15 0:00:00,3,725.49,0,725.49,3,Delivered,Wallet
O03575,C0099,P024,2023-05-12 0:00:00,5,4970.53,15,4224.95,11,DELIVERED,Wallet
O03576,C0493,P003,2024-07-27 0:00:00,5,5952.45,0,5952.45,3,delivered,COD
O03577,C0054,P006,2025-04-22 0:00:00,4,2930.22,5,2783.71,3,DELIVERED,UPI
O03578,C0034,P002,2024-08-21 0:00:00,1,8145.5,10,7330.95,1,Delivered,Card
O03579,C0234,P074,2024-09-13 0:00:00,1,2726.92,10,2454.23,12,delivered,UPI
O03580,C0348,P030,2025-01-01 0:00:00,4,7718.47,5,7332.55,3,Cancelled,Wallet
O03581,C0364,P067,2026-02-19 0:00:00,2,6740.9,15,5729.76,2,Returned,Wallet
O03582,C0377,P057,2025-01-29 0:00:00,4,7295.49,15,6201.17,8,Delivered,Card
O03583,C0311,P069,2023-06-22 0:00:00,5,5063.64,0,5063.64,4,Returned,Wallet
O03584,C0244,P029,2023-03-21 0:00:00,2,6339.88,5,6022.89,9,DELIVERED,COD
O03585,C0210,P066,2023-06-23 0:00:00,1,6075.82,10,5468.24,9,Cancelled,Card
O03586,C0256,P075,2025-04-04 0:00:00,3,1577.96,20,1262.37,1,DELIVERED,UPI
O03587,C0413,P041,2025-11-10 0:00:00,2,6450.6,0,6450.6,8,DELIVERED,Wallet
O03588,C0327,P042,2024-05-03 0:00:00,2,9118.14,0,9118.14,9,Cancelled,Card
O03589,C0098,P099,2024-04-27 0:00:00,1,3936.12,10,3542.51,10,Returned,Card
O03590,C0483,P053,2024-04-11 0:00:00,4,1270.93,20,1016.74,1,Returned,COD
O03591,C0379,P060,2023-06-02 0:00:00,4,9015.85,0,9015.85,1,DELIVERED,Card
O03592,C0459,P045,2025-01-05 0:00:00,4,5809.76,10,5228.78,11,DELIVERED,COD
O03593,C0231,P098,2025-11-23 0:00:00,2,6900.81,10,6210.73,1,Returned,Wallet
O03594,C0498,P076,2023-12-04 0:00:00,4,4945.85,20,3956.68,9,delivered,UPI
O03595,C0342,P002,2024-07-21 0:00:00,1,7532.54,15,6402.66,11,Delivered,Wallet
O03596,C0152,P052,2023-08-05 0:00:00,3,5197.65,0,5197.65,3,Cancelled,COD
O03597,C0049,P003,2024-09-28 0:00:00,4,5605.44,0,5605.44,5,Returned,Wallet
O03598,C0077,P056,2023-09-16 0:00:00,4,5093.02,20,4074.42,5,DELIVERED,COD
O03599,C0241,P011,2023-08-24 0:00:00,4,1063.29,10,956.96,7,Delivered,UPI
O03600,C0168,P060,2023-04-07 0:00:00,5,4900.27,0,4900.27,3,DELIVERED,COD
O03601,C0158,P049,2025-05-16 0:00:00,2,7965.39,0,7965.39,3,Returned,Wallet
O03602,C0031,P097,2024-03-13 0:00:00,5,8811.19,10,7930.07,11,Delivered,COD
O03603,C0320,P077,2025-10-21 0:00:00,2,5377.55,0,5377.55,8,Returned,Wallet
O03604,C0012,P037,2025-12-16 0:00:00,2,2980.66,20,2384.53,8,Delivered,UPI
O03605,C0126,P018,2024-05-21 0:00:00,2,1062.28,20,849.82,5,Delivered,COD
O03606,C0086,P060,2025-01-22 0:00:00,3,7048.73,10,6343.86,2,Returned,UPI
O03607,C0139,P026,2023-11-13 0:00:00,4,1040.26,5,988.25,8,DELIVERED,Wallet
O03608,C0162,P012,2023-11-14 0:00:00,4,3312.17,10,2980.95,3,delivered,UPI
O03609,C0059,P076,2023-02-25 0:00:00,1,8305.38,10,7474.84,2,delivered,UPI
O03610,C0333,P075,2024-02-22 0:00:00,4,610.01,0,610.01,7,Delivered,UPI
O03611,C0159,P034,2023-12-02 0:00:00,3,8775.86,5,8337.07,11,Cancelled,Wallet
O03612,C0136,P086,2023-10-06 0:00:00,2,7608.5,10,6847.65,9,DELIVERED,Wallet
O03613,C0161,P086,2026-03-15 0:00:00,1,1675.09,15,1423.83,11,Returned,COD
O03614,C0274,P036,2024-11-05 0:00:00,3,7478.3,15,6356.56,2,DELIVERED,Card
O03615,C0206,P068,2023-09-18 0:00:00,4,7750.29,10,6975.26,3,Returned,COD
O03616,C0419,P085,2024-09-28 0:00:00,1,5571.65,10,5014.48,10,Delivered,Card
O03617,C0118,P045,2025-11-12 0:00:00,2,1768.88,10,1591.99,10,Delivered,Card
O03618,C0173,P004,2025-10-12 0:00:00,3,8821,5,8379.95,1,DELIVERED,UPI
O03619,C0452,P081,2025-07-12 0:00:00,4,7302.68,20,5842.14,11,delivered,COD
O03620,C0093,P036,2025-08-27 0:00:00,3,7989.44,10,7190.5,6,Cancelled,Wallet
O03621,C0407,P076,2024-05-17 0:00:00,4,2904.56,10,2614.1,5,Delivered,COD
O03622,C0198,P073,2025-12-25 0:00:00,4,3181.96,0,3181.96,1,Returned,Card
O03623,C0344,P059,2025-01-15 0:00:00,4,3327.69,15,2828.54,12,DELIVERED,Card
O03624,C0181,P084,2024-08-17 0:00:00,4,4895.05,5,4650.3,9,Cancelled,UPI
O03625,C0013,P060,2023-11-18 0:00:00,5,1456.42,0,1456.42,5,DELIVERED,COD
O03626,C0387,P056,2023-05-04 0:00:00,3,7445.82,20,5956.66,2,Returned,Wallet
O03627,C0289,P019,2025-03-24 0:00:00,2,1842.69,10,1658.42,8,delivered,COD
O03628,C0202,P100,2023-04-27 0:00:00,1,7213.28,10,6491.95,11,delivered,Card
O03629,C0398,P075,2024-08-31 0:00:00,3,1057.82,5,1004.93,12,delivered,Wallet
O03630,C0236,P072,2026-03-19 0:00:00,5,9377.01,10,8439.31,3,DELIVERED,Card
O03631,C0292,P054,2024-06-21 0:00:00,2,4560.11,15,3876.09,5,DELIVERED,COD
O03632,C0432,P059,2025-11-04 0:00:00,5,7137.17,10,6423.45,6,Delivered,Card
O03633,C0349,P094,2023-10-22 0:00:00,4,7388.8,0,7388.8,5,Cancelled,UPI
O03634,C0462,P004,2023-11-27 0:00:00,5,2671.53,5,2537.95,5,delivered,Wallet
O03635,C0237,P053,2024-07-08 0:00:00,2,4244.31,5,4032.09,2,Delivered,COD
O03636,C0051,P011,2023-12-01 0:00:00,1,3142.57,15,2671.18,6,Returned,Wallet
O03637,C0004,P018,2023-09-26 0:00:00,2,5294.09,0,5294.09,6,Returned,Wallet
O03638,C0301,P046,2023-12-14 0:00:00,2,859.68,10,773.71,6,Returned,Card
O03639,C0094,P027,2024-03-06 0:00:00,4,7908.52,15,6722.24,5,DELIVERED,COD
O03640,C0100,P094,2023-09-30 0:00:00,2,9151.21,5,8693.65,8,Cancelled,Wallet
O03641,C0062,P006,2023-01-25 0:00:00,2,6275.16,20,5020.13,6,delivered,Wallet
O03642,C0458,P081,2024-05-29 0:00:00,1,5152.31,5,4894.69,4,Returned,Wallet
O03643,C0111,P064,2023-05-20 0:00:00,5,6831.59,15,5806.85,6,DELIVERED,COD
O03644,C0287,P073,2026-02-19 0:00:00,4,2861.95,0,2861.95,1,delivered,UPI
O03645,C0186,P007,2025-09-02 0:00:00,5,4805.17,0,4805.17,10,Returned,Card
O03646,C0314,P061,2024-01-30 0:00:00,2,4937.19,5,4690.33,3,DELIVERED,UPI
O03647,C0351,P089,2025-07-18 0:00:00,3,5413.35,0,5413.35,3,DELIVERED,Wallet
O03648,C0001,P078,2023-05-01 0:00:00,1,5492.11,15,4668.29,1,Cancelled,Card
O03649,C0484,P097,2023-09-06 0:00:00,2,761.43,15,647.22,3,Returned,Wallet
O03650,C0359,P042,2026-03-13 0:00:00,3,3798.11,5,3608.2,11,Cancelled,UPI
O03651,C0465,P100,2025-11-22 0:00:00,2,2728.48,0,2728.48,10,Cancelled,COD
O03652,C0102,P022,2024-02-07 0:00:00,1,4872.32,15,4141.47,1,Delivered,Wallet
O03653,C0145,P009,2025-08-10 0:00:00,5,5615.07,15,4772.81,10,DELIVERED,UPI
O03654,C0478,P004,2023-04-07 0:00:00,2,9570.06,10,8613.05,4,Cancelled,Wallet
O03655,C0167,P044,2026-01-13 0:00:00,5,4520.37,10,4068.33,8,DELIVERED,UPI
O03656,C0152,P080,2025-06-15 0:00:00,5,3718.41,0,3718.41,1,delivered,Card
O03657,C0229,P023,2025-10-24 0:00:00,4,4416.86,10,3975.17,3,Cancelled,COD
O03658,C0069,P006,2024-09-23 0:00:00,1,5631.68,0,5631.68,12,delivered,Wallet
O03659,C0489,P089,2024-06-14 0:00:00,3,7771.61,10,6994.45,11,Cancelled,Card
O03660,C0476,P038,2024-02-17 0:00:00,1,5126.44,15,4357.47,4,Returned,COD
O03661,C0227,P072,2026-02-20 0:00:00,1,4544.58,15,3862.89,1,Cancelled,Wallet
O03662,C0139,P080,2023-06-04 0:00:00,5,7489.87,10,6740.88,8,Delivered,UPI
O03663,C0220,P038,2023-07-07 0:00:00,4,6633.48,15,5638.46,3,Returned,Wallet
O03664,C0458,P041,2024-03-19 0:00:00,5,2743.43,20,2194.74,10,Cancelled,Wallet
O03665,C0450,P015,2025-06-02 0:00:00,1,1188.55,5,1129.12,4,DELIVERED,COD
O03666,C0127,P057,2026-01-24 0:00:00,5,5454.6,5,5181.87,5,Delivered,COD
O03667,C0103,P050,2024-12-06 0:00:00,4,526.06,0,526.06,10,Delivered,Wallet
O03668,C0461,P090,2023-10-13 0:00:00,4,4046.06,20,3236.85,7,Delivered,Card
O03669,C0061,P019,2025-01-15 0:00:00,2,4961.42,5,4713.35,8,Cancelled,Wallet
O03670,C0014,P071,2024-11-30 0:00:00,2,9895.57,5,9400.79,1,Cancelled,Wallet
O03671,C0073,P091,2024-09-16 0:00:00,5,3814.8,20,3051.84,4,delivered,COD
O03672,C0438,P001,2024-11-14 0:00:00,4,4116.25,0,4116.25,12,Cancelled,Wallet
O03673,C0016,P026,2024-07-04 0:00:00,2,4369.01,20,3495.21,4,Delivered,Card
O03674,C0166,P056,2026-01-02 0:00:00,4,3714.59,5,3528.86,9,DELIVERED,Wallet
O03675,C0418,P004,2025-10-17 0:00:00,5,9980.67,15,8483.57,8,Delivered,Wallet
O03676,C0426,P036,2024-05-05 0:00:00,1,736.49,10,662.84,2,delivered,Wallet
O03677,C0374,P085,2025-09-26 0:00:00,1,9932.23,10,8939.01,2,DELIVERED,COD
O03678,C0327,P049,2024-05-03 0:00:00,2,4181.43,15,3554.22,12,Returned,Wallet
O03679,C0363,P063,2024-09-08 0:00:00,4,2271.36,0,2271.36,8,Delivered,COD
O03680,C0269,P020,2024-08-17 0:00:00,3,9736.24,20,7788.99,2,Returned,Wallet
O03681,C0452,P030,2023-05-11 0:00:00,3,1137.15,5,1080.29,6,DELIVERED,UPI
O03682,C0363,P034,2026-03-17 0:00:00,5,5279.58,15,4487.64,4,delivered,UPI
O03683,C0428,P068,2023-11-23 0:00:00,2,1795.35,5,1705.58,10,Delivered,COD
O03684,C0109,P018,2023-01-14 0:00:00,5,7962.06,0,7962.06,2,DELIVERED,COD
O03685,C0037,P047,2024-06-28 0:00:00,5,2956.39,10,2660.75,8,Delivered,Wallet
O03686,C0302,P030,2026-03-27 0:00:00,4,4210.58,10,3789.52,9,Delivered,UPI
O03687,C0206,P063,2025-07-10 0:00:00,4,7013.41,10,6312.07,11,Cancelled,COD
O03688,C0247,P051,2023-04-06 0:00:00,4,7335.98,15,6235.58,5,Returned,COD
O03689,C0301,P056,2024-09-28 0:00:00,2,580,10,522,3,DELIVERED,COD
O03690,C0320,P069,2025-11-29 0:00:00,2,1170.79,10,1053.71,10,Cancelled,Wallet
O03691,C0240,P047,2024-09-04 0:00:00,2,6136.2,20,4908.96,3,DELIVERED,Card
O03692,C0186,P089,2023-03-25 0:00:00,2,547,0,547,9,Cancelled,Wallet
O03693,C0119,P083,2025-12-13 0:00:00,2,6151.66,20,4921.33,11,Cancelled,COD
O03694,C0441,P056,2024-02-19 0:00:00,1,1086.18,15,923.25,7,Returned,UPI
O03695,C0100,P012,2026-01-19 0:00:00,2,2041.16,0,2041.16,1,delivered,Wallet
O03696,C0472,P015,2025-11-07 0:00:00,2,2797.24,0,2797.24,2,DELIVERED,UPI
O03697,C0268,P064,2024-10-16 0:00:00,4,3859.6,20,3087.68,6,DELIVERED,Card
O03698,C0039,P036,2024-01-30 0:00:00,3,3877.05,20,3101.64,6,Cancelled,Wallet
O03699,C0109,P041,2023-05-30 0:00:00,4,9395.83,10,8456.25,9,Cancelled,Wallet
O03700,C0337,P031,2024-11-03 0:00:00,5,2397.33,20,1917.86,2,DELIVERED,Wallet
O03701,C0337,P027,2026-01-16 0:00:00,4,9181.74,15,7804.48,4,Returned,COD
O03702,C0274,P019,2024-10-31 0:00:00,5,4654.95,10,4189.45,11,Cancelled,UPI
O03703,C0222,P017,2024-06-24 0:00:00,1,6200.06,20,4960.05,12,Cancelled,Wallet
O03704,C0304,P026,2025-03-16 0:00:00,3,6521.3,15,5543.1,3,Returned,COD
O03705,C0495,P076,2025-07-26 0:00:00,2,4600.33,10,4140.3,8,delivered,Wallet
O03706,C0047,P001,2023-09-26 0:00:00,4,5863.6,20,4690.88,1,Cancelled,UPI
O03707,C0380,P087,2023-09-18 0:00:00,5,7710.52,20,6168.42,12,Delivered,Card
O03708,C0064,P100,2025-01-18 0:00:00,5,9573.52,15,8137.49,3,Delivered,Wallet
O03709,C0088,P040,2024-07-08 0:00:00,1,6522.16,10,5869.94,7,Cancelled,Card
O03710,C0112,P081,2024-04-27 0:00:00,2,838.69,15,712.89,7,Returned,Card
O03711,C0068,P050,2023-09-20 0:00:00,3,846.46,5,804.14,12,DELIVERED,Card
O03712,C0330,P064,2024-10-04 0:00:00,5,1367.76,10,1230.98,1,DELIVERED,Wallet
O03713,C0032,P019,2024-08-02 0:00:00,5,8462.75,0,8462.75,3,Returned,COD
O03714,C0189,P002,2024-03-10 0:00:00,2,7653.72,10,6888.35,5,delivered,Card
O03715,C0312,P060,2023-02-20 0:00:00,5,1014.03,20,811.22,10,delivered,COD
O03716,C0007,P060,2025-09-18 0:00:00,3,537.14,5,510.28,10,Delivered,Wallet
O03717,C0481,P017,2025-09-28 0:00:00,2,2738.29,10,2464.46,4,Cancelled,Card
O03718,C0034,P057,2023-09-18 0:00:00,4,4643.57,10,4179.21,7,Cancelled,COD
O03719,C0475,P014,2024-08-13 0:00:00,4,9496.63,10,8546.97,9,Cancelled,UPI
O03720,C0457,P088,2024-05-20 0:00:00,2,9136.81,15,7766.29,6,Returned,Card
O03721,C0237,P091,2023-04-15 0:00:00,5,7577.27,5,7198.41,3,delivered,UPI
O03722,C0426,P029,2024-05-26 0:00:00,3,1059.26,0,1059.26,5,Returned,UPI
O03723,C0498,P079,2024-11-07 0:00:00,4,1997.18,20,1597.74,9,Returned,Card
O03724,C0453,P073,2023-05-24 0:00:00,3,8217.38,15,6984.77,12,delivered,Wallet
O03725,C0353,P077,2023-08-13 0:00:00,5,8713.23,5,8277.57,2,delivered,Wallet
O03726,C0162,P060,2023-06-29 0:00:00,3,6194.82,20,4955.86,6,DELIVERED,Card
O03727,C0096,P023,2023-03-10 0:00:00,1,8002.82,0,8002.82,11,Cancelled,COD
O03728,C0098,P051,2024-05-29 0:00:00,5,1344,0,1344,5,delivered,Wallet
O03729,C0399,P073,2025-05-06 0:00:00,3,3255.96,5,3093.16,12,Returned,UPI
O03730,C0323,P020,2023-12-05 0:00:00,3,1899.86,0,1899.86,8,Cancelled,Wallet
O03731,C0434,P081,2025-11-04 0:00:00,5,2770.28,5,2631.77,1,Cancelled,Wallet
O03732,C0097,P070,2025-02-01 0:00:00,3,6852.22,0,6852.22,4,delivered,UPI
O03733,C0217,P028,2023-10-15 0:00:00,1,914.18,0,914.18,11,DELIVERED,Wallet
O03734,C0146,P052,2025-01-27 0:00:00,4,6631.19,15,5636.51,6,Returned,Wallet
O03735,C0335,P004,2024-05-09 0:00:00,1,5054.62,20,4043.7,8,DELIVERED,COD
O03736,C0420,P049,2024-12-25 0:00:00,4,6558.36,5,6230.44,5,Cancelled,Wallet
O03737,C0211,P095,2024-02-16 0:00:00,3,9413.61,0,9413.61,12,DELIVERED,UPI
O03738,C0419,P066,2025-01-20 0:00:00,4,3469.78,5,3296.29,2,Delivered,Wallet
O03739,C0185,P075,2025-04-16 0:00:00,4,5904.37,15,5018.71,10,DELIVERED,Wallet
O03740,C0381,P041,2023-11-11 0:00:00,1,896.86,5,852.02,8,delivered,Wallet
O03741,C0046,P002,2026-02-28 0:00:00,4,7499.25,20,5999.4,3,delivered,Card
O03742,C0470,P076,2025-01-24 0:00:00,2,3597.64,10,3237.88,8,delivered,Wallet
O03743,C0036,P037,2023-10-22 0:00:00,2,2683.6,15,2281.06,5,Cancelled,COD
O03744,C0280,P010,2024-03-27 0:00:00,2,1045.47,20,836.38,1,Cancelled,Card
O03745,C0399,P026,2025-01-10 0:00:00,2,6108.21,5,5802.8,10,delivered,COD
O03746,C0017,P012,2024-09-17 0:00:00,2,6258.05,5,5945.15,6,Returned,Wallet
O03747,C0347,P083,2024-11-03 0:00:00,2,5791.42,0,5791.42,7,delivered,Wallet
O03748,C0338,P085,2024-08-25 0:00:00,1,9250.9,15,7863.26,4,Cancelled,Wallet
O03749,C0259,P020,2024-09-28 0:00:00,4,7026.86,0,7026.86,8,DELIVERED,Wallet
O03750,C0288,P029,2025-06-02 0:00:00,4,9815.15,15,8342.88,12,Delivered,Wallet
O03751,C0381,P046,2023-02-03 0:00:00,3,2498.44,15,2123.67,11,Returned,COD
O03752,C0085,P074,2025-09-03 0:00:00,3,6003.17,10,5402.85,7,delivered,Wallet
O03753,C0168,P058,2023-11-22 0:00:00,4,5872.87,5,5579.23,3,Cancelled,Card
O03754,C0311,P092,2023-12-06 0:00:00,3,7319.48,15,6221.56,12,Cancelled,UPI
O03755,C0124,P033,2024-05-29 0:00:00,3,4941.49,5,4694.42,11,Cancelled,Wallet
O03756,C0307,P094,2025-03-02 0:00:00,4,1500.87,10,1350.78,5,Delivered,Wallet
O03757,C0417,P071,2025-03-01 0:00:00,1,9813.04,20,7850.43,9,Returned,Wallet
O03758,C0498,P033,2024-06-05 0:00:00,4,9455.14,20,7564.11,5,Delivered,Card
O03759,C0363,P042,2025-05-04 0:00:00,5,3922.15,20,3137.72,10,Delivered,Card
O03760,C0357,P084,2024-04-26 0:00:00,3,3094.19,20,2475.35,4,Delivered,Wallet
O03761,C0098,P035,2025-08-18 0:00:00,2,5672.33,0,5672.33,12,Cancelled,Wallet
O03762,C0309,P032,2026-02-02 0:00:00,1,8142.76,5,7735.62,8,Delivered,UPI
O03763,C0050,P065,2025-01-21 0:00:00,2,2019.46,0,2019.46,4,delivered,UPI
O03764,C0078,P028,2023-05-30 0:00:00,1,6458.24,5,6135.33,6,delivered,Card
O03765,C0394,P001,2026-02-07 0:00:00,4,6553.02,5,6225.37,5,delivered,UPI
O03766,C0305,P055,2025-09-18 0:00:00,2,5107.82,5,4852.43,9,delivered,UPI
O03767,C0051,P085,2025-07-23 0:00:00,1,2237.86,10,2014.07,4,Cancelled,COD
O03768,C0354,P014,2026-04-06 0:00:00,4,9088.46,0,9088.46,-2,Delivered,Wallet
O03769,C0481,P038,2024-09-24 0:00:00,4,8753.78,5,8316.09,3,Returned,Card
O03770,C0059,P048,2023-05-29 0:00:00,3,9916.28,20,7933.02,8,DELIVERED,COD
O03771,C0500,P081,2023-04-30 0:00:00,4,3392.23,20,2713.78,8,Returned,Wallet
O03772,C0464,P005,2024-06-05 0:00:00,1,1767.06,5,1678.71,3,Delivered,UPI
O03773,C0280,P094,2024-02-18 0:00:00,5,2755.45,20,2204.36,11,DELIVERED,Wallet
O03774,C0342,P088,2023-01-26 0:00:00,1,2197.85,5,2087.96,7,Delivered,COD
O03775,C0039,P070,2024-04-23 0:00:00,5,8769.13,5,8330.67,12,delivered,COD
O03776,C0336,P006,2023-12-02 0:00:00,2,7258.29,15,6169.55,3,Delivered,Card
O03777,C0149,P022,2025-12-19 0:00:00,1,1437.92,15,1222.23,12,delivered,Card
O03778,C0206,P058,2025-11-01 0:00:00,4,5194.02,0,5194.02,2,Delivered,UPI
O03779,C0275,P053,2023-10-05 0:00:00,4,9878.55,15,8396.77,12,Returned,UPI
O03780,C0448,P033,2023-12-13 0:00:00,2,3538.66,10,3184.79,7,Cancelled,Wallet
O03781,C0294,P039,2023-06-21 0:00:00,2,7907.28,5,7511.92,10,Cancelled,COD
O03782,C0007,P047,2024-02-09 0:00:00,2,6586.81,0,6586.81,11,Delivered,Wallet
O03783,C0015,P058,2024-10-22 0:00:00,5,3169.61,0,3169.61,6,DELIVERED,UPI
O03784,C0212,P063,2025-07-03 0:00:00,5,2964.85,10,2668.36,5,Delivered,Card
O03785,C0026,P094,2023-01-15 0:00:00,4,5289.97,15,4496.47,8,Returned,Card
O03786,C0426,P006,2024-11-26 0:00:00,1,6678.91,15,5677.07,5,Returned,Card
O03787,C0227,P022,2025-07-19 0:00:00,3,3612.89,0,3612.89,3,Returned,Wallet
O03788,C0014,P016,2026-01-25 0:00:00,2,9333.55,5,8866.87,10,delivered,Card
O03789,C0424,P025,2024-06-07 0:00:00,1,3929.56,0,3929.56,2,Delivered,Wallet
O03790,C0306,P006,2025-01-15 0:00:00,2,8573.4,20,6858.72,10,Delivered,Card
O03791,C0241,P082,2024-07-13 0:00:00,3,893.85,10,804.47,11,Cancelled,UPI
O03792,C0481,P057,2026-03-06 0:00:00,1,4878.44,15,4146.67,6,Cancelled,Wallet
O03793,C0084,P033,2023-04-25 0:00:00,5,4352.62,5,4134.99,2,Cancelled,Wallet
O03794,C0482,P032,2026-01-15 0:00:00,1,3425.1,10,3082.59,2,Returned,UPI
O03795,C0421,P043,2025-04-13 0:00:00,5,1093.19,0,1093.19,5,Cancelled,Wallet
O03796,C0067,P035,2026-03-02 0:00:00,4,4670.29,0,4670.29,6,Cancelled,UPI
O03797,C0231,P055,2024-09-19 0:00:00,1,5097.42,20,4077.94,2,DELIVERED,UPI
O03798,C0067,P020,2024-02-26 0:00:00,4,8765.02,15,7450.27,1,Returned,UPI
O03799,C0232,P065,2023-11-29 0:00:00,3,7187.7,10,6468.93,5,Cancelled,Wallet
O03800,C0317,P046,2024-01-09 0:00:00,2,3564.66,5,3386.43,1,Returned,COD
O03801,C0363,P065,2025-10-18 0:00:00,5,5858.27,15,4979.53,6,delivered,Wallet
O03802,C0174,P090,2025-08-25 0:00:00,2,6384.29,5,6065.08,12,Delivered,Card
O03803,C0206,P086,2025-05-17 0:00:00,3,785.12,20,628.1,9,delivered,Wallet
O03804,C0137,P018,2025-07-20 0:00:00,5,3429.18,15,2914.8,5,delivered,Wallet
O03805,C0068,P091,2024-05-06 0:00:00,5,2708.93,15,2302.59,6,Returned,UPI
O03806,C0086,P020,2025-08-27 0:00:00,5,7463.91,15,6344.32,7,delivered,COD
O03807,C0323,P021,2023-04-26 0:00:00,2,8389.14,10,7550.23,7,Delivered,Wallet
O03808,C0135,P089,2023-09-30 0:00:00,4,2347.1,10,2112.39,2,Delivered,COD
O03809,C0091,P054,2024-03-09 0:00:00,4,7052.28,10,6347.05,6,Cancelled,Card
O03810,C0187,P059,2023-03-07 0:00:00,5,5787.75,5,5498.36,4,DELIVERED,COD
O03811,C0483,P040,2024-02-21 0:00:00,3,3956.16,0,3956.16,11,DELIVERED,COD
O03812,C0456,P074,2024-06-26 0:00:00,2,1298.5,0,1298.5,5,DELIVERED,Wallet
O03813,C0324,P071,2025-12-24 0:00:00,3,5041.49,10,4537.34,2,DELIVERED,Card
O03814,C0039,P021,2023-08-16 0:00:00,3,4096.37,20,3277.1,6,Delivered,Wallet
O03815,C0339,P050,2024-08-13 0:00:00,3,7648.1,20,6118.48,5,delivered,Wallet
O03816,C0373,P027,2024-10-23 0:00:00,5,8845.2,15,7518.42,8,delivered,Wallet
O03817,C0292,P016,2025-01-07 0:00:00,5,5518.97,15,4691.12,11,delivered,UPI
O03818,C0039,P068,2024-03-27 0:00:00,1,4914.82,0,4914.82,11,DELIVERED,Wallet
O03819,C0417,P072,2023-12-18 0:00:00,5,2185.51,5,2076.23,8,DELIVERED,COD
O03820,C0072,P033,2025-04-08 0:00:00,2,9977.6,0,9977.6,2,DELIVERED,Card
O03821,C0106,P096,2023-04-08 0:00:00,4,5583.19,15,4745.71,5,Delivered,COD
O03822,C0200,P015,2023-02-24 0:00:00,4,625.84,15,531.96,10,Cancelled,Wallet
O03823,C0053,P019,2023-05-11 0:00:00,4,2802.28,15,2381.94,10,Returned,Wallet
O03824,C0218,P010,2024-06-29 0:00:00,5,9579.65,0,9579.65,1,Cancelled,UPI
O03825,C0164,P001,2023-10-12 0:00:00,3,6022.43,0,6022.43,3,delivered,UPI
O03826,C0467,P062,2023-12-05 0:00:00,4,918.95,10,827.06,3,Returned,Wallet
O03827,C0069,P015,2023-12-20 0:00:00,5,4448.43,20,3558.74,11,Delivered,Wallet
O03828,C0281,P038,2023-10-16 0:00:00,4,8941.36,10,8047.22,10,DELIVERED,UPI
O03829,C0386,P058,2025-10-31 0:00:00,4,6375.53,15,5419.2,11,DELIVERED,Card
O03830,C0430,P035,2023-10-07 0:00:00,1,9348.63,0,9348.63,5,DELIVERED,Wallet
O03831,C0127,P091,2025-12-28 0:00:00,1,6595.57,5,6265.79,3,Cancelled,UPI
O03832,C0379,P077,2024-07-13 0:00:00,3,5998.74,5,5698.8,6,Cancelled,COD
O03833,C0360,P098,2025-10-28 0:00:00,4,7126.53,5,6770.2,8,delivered,Wallet
O03834,C0241,P085,2025-12-30 0:00:00,2,772.79,10,695.51,10,delivered,Wallet
O03835,C0052,P006,2025-01-25 0:00:00,4,4628.21,15,3933.98,11,Returned,Card
O03836,C0396,P036,2024-04-15 0:00:00,5,3089.65,20,2471.72,1,Returned,UPI
O03837,C0272,P046,2026-02-03 0:00:00,2,3739.5,15,3178.57,3,Cancelled,Wallet
O03838,C0109,P046,2024-09-21 0:00:00,4,4542.58,0,4542.58,7,Cancelled,Wallet
O03839,C0045,P008,2023-07-01 0:00:00,1,9114.17,10,8202.75,3,Returned,COD
O03840,C0147,P014,2025-12-14 0:00:00,2,4199.49,5,3989.52,11,Delivered,Card
O03841,C0403,P078,2024-04-24 0:00:00,3,3779.71,10,3401.74,6,DELIVERED,Wallet
O03842,C0126,P061,2025-07-17 0:00:00,3,2783.83,5,2644.64,11,Returned,COD
O03843,C0397,P100,2024-10-22 0:00:00,1,8318.09,15,7070.38,6,Cancelled,Card
O03844,C0410,P094,2024-12-23 0:00:00,4,8817.09,10,7935.38,12,delivered,COD
O03845,C0283,P038,2025-05-08 0:00:00,1,2119.4,10,1907.46,12,Cancelled,Wallet
O03846,C0437,P021,2025-09-10 0:00:00,1,1281.76,15,1089.5,3,Returned,Card
O03847,C0108,P080,2025-03-24 0:00:00,5,3100.63,15,2635.54,3,Cancelled,COD
O03848,C0031,P029,2025-11-24 0:00:00,5,9526.98,20,7621.58,3,DELIVERED,COD
O03849,C0176,P074,2023-06-18 0:00:00,1,4657.74,0,4657.74,2,delivered,COD
O03850,C0114,P089,2026-01-17 0:00:00,2,4441.08,10,3996.97,6,DELIVERED,UPI
O03851,C0362,P032,2024-11-14 0:00:00,2,6919.29,20,5535.43,7,delivered,Wallet
O03852,C0383,P022,2023-02-14 0:00:00,3,4463.69,10,4017.32,7,DELIVERED,UPI
O03853,C0105,P034,2025-04-14 0:00:00,5,3864.59,0,3864.59,4,Delivered,UPI
O03854,C0074,P067,2024-01-03 0:00:00,5,6188.77,20,4951.02,8,Cancelled,COD
O03855,C0260,P006,2024-08-10 0:00:00,5,8984.46,5,8535.24,12,Delivered,Wallet
O03856,C0104,P095,2024-04-18 0:00:00,1,5069.15,15,4308.78,4,Delivered,Wallet
O03857,C0128,P054,2025-05-30 0:00:00,3,3272.82,0,3272.82,5,Delivered,Card
O03858,C0467,P071,2026-01-11 0:00:00,1,6489.38,5,6164.91,8,Delivered,Card
O03859,C0372,P093,2025-04-26 0:00:00,1,798.44,5,758.52,8,Cancelled,Wallet
O03860,C0194,P040,2025-01-01 0:00:00,4,4821.73,15,4098.47,8,DELIVERED,COD
O03861,C0057,P079,2024-11-08 0:00:00,3,6366.06,0,6366.06,9,DELIVERED,Card
O03862,C0072,P049,2024-02-23 0:00:00,3,7829.42,0,7829.42,1,Returned,COD
O03863,C0385,P018,2024-01-29 0:00:00,3,2451.52,0,2451.52,12,delivered,Card
O03864,C0267,P041,2024-11-19 0:00:00,1,2454.86,0,2454.86,11,Delivered,Wallet
O03865,C0410,P055,2023-01-30 0:00:00,1,1860.93,10,1674.84,3,Cancelled,Wallet
O03866,C0383,P039,2024-09-18 0:00:00,3,7314.36,10,6582.92,2,Returned,Wallet
O03867,C0126,P095,2024-06-06 0:00:00,4,1993.27,15,1694.28,9,delivered,Wallet
O03868,C0028,P056,2026-03-06 0:00:00,5,4809.31,0,4809.31,5,DELIVERED,Wallet
O03869,C0409,P100,2025-01-09 0:00:00,2,3776.33,0,3776.33,12,Returned,Wallet
O03870,C0093,P069,2024-06-25 0:00:00,2,4812.53,0,4812.53,9,Returned,Wallet
O03871,C0302,P039,2025-01-03 0:00:00,5,8993.11,20,7194.49,12,Delivered,Wallet
O03872,C0299,P036,2024-10-04 0:00:00,3,6436.94,0,6436.94,12,Cancelled,COD
O03873,C0004,P004,2024-06-12 0:00:00,3,4609.31,10,4148.38,10,Delivered,COD
O03874,C0270,P049,2025-10-11 0:00:00,2,3380.01,5,3211.01,12,Returned,COD
O03875,C0302,P061,2025-09-26 0:00:00,3,2928.64,0,2928.64,9,Returned,COD
O03876,C0384,P079,2024-04-12 0:00:00,1,1686.88,10,1518.19,1,Cancelled,Wallet
O03877,C0066,P065,2023-02-27 0:00:00,2,7708.32,10,6937.49,12,Delivered,COD
O03878,C0124,P035,2025-05-17 0:00:00,1,4883.55,0,4883.55,8,Delivered,Card
O03879,C0383,P063,2023-09-19 0:00:00,1,4429.25,5,4207.79,1,Delivered,Wallet
O03880,C0177,P037,2024-01-02 0:00:00,3,3825.48,10,3442.93,8,Returned,Card
O03881,C0174,P012,2024-12-28 0:00:00,2,7722.67,15,6564.27,9,Delivered,Wallet
O03882,C0381,P060,2023-08-13 0:00:00,4,5450.15,20,4360.12,6,DELIVERED,COD
O03883,C0287,P075,2024-09-09 0:00:00,4,6934.76,0,6934.76,7,Delivered,Wallet
O03884,C0328,P002,2024-11-30 0:00:00,2,4495.49,5,4270.72,7,Returned,COD
O03885,C0113,P027,2024-11-15 0:00:00,3,1634.48,15,1389.31,2,Cancelled,Card
O03886,C0077,P048,2025-03-19 0:00:00,2,1751.14,10,1576.03,9,Returned,Wallet
O03887,C0364,P055,2026-03-08 0:00:00,1,6137.86,0,6137.86,11,Cancelled,COD
O03888,C0156,P068,2025-09-13 0:00:00,5,8475.31,15,7204.01,9,Returned,Wallet
O03889,C0477,P029,2023-04-30 0:00:00,5,9908.82,5,9413.38,7,DELIVERED,Card
O03890,C0293,P024,2024-01-05 0:00:00,4,6456.26,10,5810.63,7,DELIVERED,Wallet
O03891,C0069,P062,2024-07-30 0:00:00,1,4508.58,5,4283.15,2,Cancelled,Wallet
O03892,C0386,P078,2023-07-05 0:00:00,1,1550.66,15,1318.06,2,Returned,Wallet
O03893,C0342,P045,2024-04-08 0:00:00,4,2815.31,0,2815.31,6,Cancelled,UPI
O03894,C0097,P045,2025-05-04 0:00:00,4,7987.11,5,7587.75,7,Cancelled,Card
O03895,C0149,P022,2025-12-02 0:00:00,3,5158.15,10,4642.34,12,DELIVERED,UPI
O03896,C0019,P028,2023-11-23 0:00:00,1,8092.96,0,8092.96,12,Cancelled,Card
O03897,C0090,P091,2025-06-29 0:00:00,1,2571.02,5,2442.47,9,DELIVERED,Wallet
O03898,C0118,P044,2025-04-26 0:00:00,2,7607.42,10,6846.68,12,Delivered,UPI
O03899,C0428,P070,2023-01-07 0:00:00,5,5391.09,5,5121.54,4,Cancelled,Wallet
O03900,C0035,P072,2024-11-16 0:00:00,3,5302.97,15,4507.52,11,delivered,UPI
O03901,C0239,P063,2023-03-03 0:00:00,1,1391.93,5,1322.33,2,delivered,Wallet
O03902,C0481,P079,2024-09-14 0:00:00,4,4156.91,5,3949.06,12,Cancelled,Card
O03903,C0298,P066,2024-07-27 0:00:00,5,1199.56,5,1139.58,6,DELIVERED,UPI
O03904,C0089,P086,2024-07-23 0:00:00,2,2409.99,15,2048.49,12,Delivered,Card
O03905,C0342,P096,2023-08-09 0:00:00,4,3931.66,10,3538.49,4,delivered,Card
O03906,C0488,P089,2024-11-06 0:00:00,3,7526.57,5,7150.24,8,Cancelled,Wallet
O03907,C0128,P007,2025-01-26 0:00:00,1,6029.45,10,5426.51,12,Cancelled,Wallet
O03908,C0359,P099,2025-03-26 0:00:00,4,5776.76,15,4910.25,3,DELIVERED,Card
O03909,C0310,P010,2025-10-22 0:00:00,3,8567.54,20,6854.03,9,DELIVERED,Card
O03910,C0466,P001,2023-06-01 0:00:00,5,9583.9,5,9104.7,3,DELIVERED,UPI
O03911,C0295,P012,2024-05-18 0:00:00,3,6077.46,15,5165.84,5,Cancelled,UPI
O03912,C0071,P066,2023-12-08 0:00:00,4,8642.62,15,7346.23,6,delivered,Wallet
O03913,C0476,P073,2023-02-18 0:00:00,1,8476.97,10,7629.27,12,delivered,Wallet
O03914,C0098,P086,2024-06-08 0:00:00,3,5838.04,10,5254.24,5,DELIVERED,Wallet
O03915,C0370,P031,2026-01-15 0:00:00,4,8419.73,15,7156.77,2,Returned,Wallet
O03916,C0363,P075,2023-07-05 0:00:00,3,6440.67,0,6440.67,1,DELIVERED,Wallet
O03917,C0485,P027,2026-03-01 0:00:00,3,7342.5,15,6241.12,3,DELIVERED,Wallet
O03918,C0400,P037,2023-06-28 0:00:00,2,4144.42,0,4144.42,10,delivered,Wallet
O03919,C0344,P030,2025-04-19 0:00:00,1,4443.15,0,4443.15,6,Delivered,Wallet
O03920,C0072,P004,2024-04-02 0:00:00,4,5581.63,15,4744.39,11,delivered,Wallet
O03921,C0317,P055,2025-03-22 0:00:00,5,1451.88,0,1451.88,10,Cancelled,Wallet
O03922,C0115,P038,2024-05-27 0:00:00,2,4707.32,0,4707.32,8,Returned,Card
O03923,C0052,P075,2023-01-06 0:00:00,4,3935.17,15,3344.89,8,DELIVERED,Wallet
O03924,C0302,P053,2025-09-28 0:00:00,3,5158.64,10,4642.78,4,Cancelled,UPI
O03925,C0039,P051,2024-05-29 0:00:00,3,2976.08,15,2529.67,4,Returned,UPI
O03926,C0458,P071,2025-12-26 0:00:00,5,9489.6,10,8540.64,7,Cancelled,Card
O03927,C0274,P016,2023-04-30 0:00:00,1,7673.01,20,6138.41,7,delivered,COD
O03928,C0217,P054,2023-09-19 0:00:00,2,9819.69,5,9328.71,3,DELIVERED,COD
O03929,C0168,P067,2023-04-16 0:00:00,4,7884.87,0,7884.87,10,DELIVERED,UPI
O03930,C0312,P060,2023-01-27 0:00:00,1,7906.01,15,6720.11,6,Delivered,UPI
O03931,C0231,P027,2025-11-29 0:00:00,1,9205.47,0,9205.47,1,Returned,COD
O03932,C0255,P037,2024-05-14 0:00:00,3,4228.64,5,4017.21,12,Cancelled,Wallet
O03933,C0054,P027,2023-08-08 0:00:00,2,8292.67,0,8292.67,5,Returned,Wallet
O03934,C0113,P019,2023-08-12 0:00:00,3,9490,15,8066.5,9,delivered,UPI
O03935,C0406,P091,2023-12-25 0:00:00,3,3291.03,20,2632.82,11,DELIVERED,UPI
O03936,C0387,P046,2024-09-06 0:00:00,1,1322.57,20,1058.06,4,Delivered,Wallet
O03937,C0161,P073,2025-07-07 0:00:00,3,2077.5,20,1662,3,Returned,Wallet
O03938,C0127,P072,2026-01-15 0:00:00,5,845.34,5,803.07,3,Cancelled,Wallet
O03939,C0199,P022,2025-12-08 0:00:00,4,4197.29,15,3567.7,11,Returned,COD
O03940,C0289,P079,2025-08-21 0:00:00,1,8995.32,10,8095.79,4,Returned,Card
O03941,C0100,P003,2025-12-17 0:00:00,5,4880.79,10,4392.71,11,Delivered,Wallet
O03942,C0341,P027,2025-07-05 0:00:00,2,4370.94,5,4152.39,10,Delivered,Card
O03943,C0242,P016,2024-12-14 0:00:00,4,7645.05,5,7262.8,1,DELIVERED,Wallet
O03944,C0040,P061,2025-11-09 0:00:00,1,5733.85,0,5733.85,2,Cancelled,UPI
O03945,C0253,P010,2023-10-07 0:00:00,3,4658.28,15,3959.54,8,Returned,Wallet
O03946,C0472,P020,2025-12-22 0:00:00,5,1780.35,0,1780.35,1,Cancelled,COD
O03947,C0122,P087,2023-01-27 0:00:00,4,3063.25,10,2756.93,3,delivered,Wallet
O03948,C0305,P083,2023-12-14 0:00:00,1,4091.68,15,3477.93,2,DELIVERED,Wallet
O03949,C0385,P060,2023-05-12 0:00:00,4,6792.71,5,6453.07,6,delivered,Wallet
O03950,C0358,P047,2023-07-14 0:00:00,3,5973.78,15,5077.71,5,DELIVERED,COD
O03951,C0154,P039,2025-11-27 0:00:00,2,4799.77,5,4559.78,12,Returned,Card
O03952,C0294,P007,2023-08-19 0:00:00,3,1825.21,15,1551.43,10,Returned,COD
O03953,C0377,P056,2025-09-02 0:00:00,1,7738.03,0,7738.03,6,delivered,Card
O03954,C0147,P095,2025-05-11 0:00:00,5,8713.71,0,8713.71,7,Cancelled,UPI
O03955,C0005,P078,2026-01-20 0:00:00,3,1072.7,15,911.79,9,delivered,Wallet
O03956,C0166,P090,2023-05-04 0:00:00,2,9928.65,20,7942.92,7,delivered,Wallet
O03957,C0154,P096,2024-12-05 0:00:00,3,5336.88,15,4536.35,11,Cancelled,Card
O03958,C0154,P080,2025-01-06 0:00:00,2,8614.05,20,6891.24,4,delivered,COD
O03959,C0370,P061,2025-12-22 0:00:00,3,4794.67,10,4315.2,6,delivered,Wallet
O03960,C0412,P022,2024-07-05 0:00:00,2,5586.44,0,5586.44,4,delivered,Wallet
O03961,C0396,P021,2025-11-13 0:00:00,1,4086.59,20,3269.27,7,Cancelled,Wallet
O03962,C0413,P024,2024-03-17 0:00:00,4,9606.54,10,8645.89,12,Cancelled,UPI
O03963,C0241,P072,2025-06-28 0:00:00,2,7003.03,10,6302.73,5,delivered,Wallet
O03964,C0080,P023,2026-03-17 0:00:00,5,1411.84,5,1341.25,10,DELIVERED,UPI
O03965,C0001,P098,2025-03-13 0:00:00,2,9365.01,5,8896.76,12,delivered,COD
O03966,C0467,P065,2025-01-08 0:00:00,2,7009.43,10,6308.49,2,DELIVERED,COD
O03967,C0276,P068,2024-05-04 0:00:00,3,3142.95,20,2514.36,6,Delivered,COD
O03968,C0015,P026,2023-11-21 0:00:00,1,986.08,5,936.78,4,Returned,Card
O03969,C0005,P040,2025-07-03 0:00:00,4,5011.01,10,4509.91,10,Returned,Wallet
O03970,C0300,P092,2025-06-13 0:00:00,4,3922.75,0,3922.75,9,delivered,UPI
O03971,C0089,P070,2025-04-15 0:00:00,2,1903.71,10,1713.34,7,Returned,COD
O03972,C0026,P088,2025-12-08 0:00:00,4,3275.64,5,3111.86,7,Returned,Card
O03973,C0225,P023,2025-12-02 0:00:00,2,692.7,5,658.07,9,Returned,COD
O03974,C0204,P026,2024-05-14 0:00:00,4,4934.89,5,4688.15,2,Delivered,Wallet
O03975,C0202,P020,2025-11-18 0:00:00,3,4180.73,0,4180.73,12,Delivered,Card
O03976,C0264,P037,2025-10-20 0:00:00,2,7159.49,15,6085.57,1,DELIVERED,Wallet
O03977,C0131,P084,2024-03-31 0:00:00,1,6501.04,15,5525.88,4,Delivered,Card
O03978,C0394,P049,2025-06-02 0:00:00,1,1080.1,0,1080.1,4,delivered,Card
O03979,C0385,P001,2025-12-28 0:00:00,5,3104.15,10,2793.74,5,DELIVERED,Wallet
O03980,C0181,P010,2023-08-02 0:00:00,5,9180.99,15,7803.84,10,Delivered,Wallet
O03981,C0397,P054,2023-03-31 0:00:00,3,5506.96,0,5506.96,12,Delivered,Card
O03982,C0327,P014,2025-06-24 0:00:00,4,8964.6,10,8068.14,1,DELIVERED,Wallet
O03983,C0195,P018,2024-10-01 0:00:00,3,2392.89,20,1914.31,12,DELIVERED,UPI
O03984,C0164,P061,2024-03-28 0:00:00,1,4455.93,15,3787.54,5,delivered,UPI
O03985,C0079,P028,2025-12-10 0:00:00,4,3816.89,5,3626.05,5,Returned,Card
O03986,C0236,P010,2023-05-19 0:00:00,3,3027.73,10,2724.96,1,Delivered,Wallet
O03987,C0339,P085,2023-02-22 0:00:00,2,6357.18,10,5721.46,4,DELIVERED,UPI
O03988,C0120,P029,2024-02-12 0:00:00,4,4620.35,0,4620.35,6,Delivered,Wallet
O03989,C0131,P095,2023-05-16 0:00:00,1,2919.88,20,2335.9,6,delivered,Wallet
O03990,C0092,P021,2023-01-12 0:00:00,5,7102.5,10,6392.25,10,delivered,Wallet
O03991,C0441,P088,2024-12-26 0:00:00,5,1186.14,5,1126.83,10,delivered,UPI
O03992,C0081,P054,2025-05-30 0:00:00,4,8792.92,20,7034.34,11,delivered,COD
O03993,C0365,P018,2024-07-24 0:00:00,1,8584.86,0,8584.86,4,Returned,UPI
O03994,C0419,P089,2023-12-12 0:00:00,2,8930.31,10,8037.28,4,DELIVERED,UPI
O03995,C0404,P031,2026-02-23 0:00:00,2,5120.27,20,4096.22,3,delivered,Wallet
O03996,C0182,P033,2024-03-07 0:00:00,3,3309.03,5,3143.58,7,Returned,Wallet
O03997,C0269,P003,2024-01-27 0:00:00,5,3027.16,20,2421.73,12,delivered,UPI
O03998,C0285,P053,2024-05-18 0:00:00,5,4403.43,10,3963.09,5,delivered,Wallet
O03999,C0387,P035,2025-11-12 0:00:00,1,5395.75,0,5395.75,1,Cancelled,UPI
O04000,C0467,P028,2025-08-13 0:00:00,3,6053.24,10,5447.92,3,Cancelled,Card
O04001,C0132,P061,2026-03-18 0:00:00,1,1063.86,0,1063.86,5,delivered,Wallet
O04002,C0438,P092,2023-01-21 0:00:00,1,7072.24,15,6011.4,5,Delivered,Card
O04003,C0353,P036,2025-12-21 0:00:00,3,3887.18,20,3109.74,9,Cancelled,COD
O04004,C0307,P049,2025-04-09 0:00:00,4,7665.96,15,6516.07,5,Cancelled,UPI
O04005,C0393,P038,2025-08-20 0:00:00,4,1783.45,15,1515.93,1,DELIVERED,UPI
O04006,C0224,P067,2024-03-07 0:00:00,2,563.46,0,563.46,4,Returned,Card
O04007,C0484,P075,2024-07-31 0:00:00,3,8481.84,5,8057.75,11,Delivered,COD
O04008,C0071,P051,2024-11-03 0:00:00,2,6018.21,10,5416.39,1,Cancelled,Wallet
O04009,C0485,P072,2023-04-16 0:00:00,3,1757.79,15,1494.12,5,delivered,UPI
O04010,C0162,P020,2024-06-19 0:00:00,4,2364.84,15,2010.11,8,Returned,UPI
O04011,C0081,P079,2025-11-21 0:00:00,2,3713.88,15,3156.8,5,delivered,Wallet
O04012,C0124,P077,2025-01-20 0:00:00,2,608.53,20,486.82,6,delivered,Wallet
O04013,C0093,P077,2026-02-18 0:00:00,1,5458.23,20,4366.58,4,Cancelled,Card
O04014,C0318,P078,2025-09-28 0:00:00,3,7195.75,0,7195.75,5,DELIVERED,Wallet
O04015,C0231,P060,2023-03-17 0:00:00,3,3087.18,15,2624.1,11,DELIVERED,Wallet
O04016,C0309,P040,2025-01-16 0:00:00,5,878.59,15,746.8,2,Cancelled,COD
O04017,C0049,P100,2023-03-06 0:00:00,5,5053.11,15,4295.14,7,delivered,COD
O04018,C0278,P094,2026-04-03 0:00:00,1,3759.67,5,3571.69,7,Delivered,UPI
O04019,C0362,P087,2025-10-14 0:00:00,5,8719.76,0,8719.76,2,DELIVERED,Wallet
O04020,C0467,P021,2023-08-02 0:00:00,5,6571.71,5,6243.12,12,Returned,Wallet
O04021,C0488,P074,2023-07-26 0:00:00,4,6786.68,0,6786.68,7,Cancelled,COD
O04022,C0391,P009,2023-09-01 0:00:00,5,4894.64,5,4649.91,5,Delivered,COD
O04023,C0215,P058,2023-08-15 0:00:00,5,8660.61,15,7361.52,12,delivered,Wallet
O04024,C0284,P019,2023-08-29 0:00:00,3,8187.56,5,7778.18,2,delivered,Wallet
O04025,C0085,P034,2026-03-28 0:00:00,5,6426.03,20,5140.82,11,Returned,UPI
O04026,C0052,P093,2024-12-13 0:00:00,5,8852.26,0,8852.26,5,Returned,COD
O04027,C0110,P059,2025-05-02 0:00:00,3,2336.36,5,2219.54,5,delivered,UPI
O04028,C0012,P064,2023-09-10 0:00:00,5,3548.22,20,2838.58,8,Cancelled,Wallet
O04029,C0002,P001,2023-05-02 0:00:00,3,2925.06,0,2925.06,5,DELIVERED,UPI
O04030,C0027,P094,2025-05-15 0:00:00,4,4011.12,0,4011.12,2,DELIVERED,UPI
O04031,C0211,P068,2023-11-27 0:00:00,4,7802.94,20,6242.35,10,delivered,Wallet
O04032,C0079,P059,2024-02-27 0:00:00,5,6786.37,10,6107.73,5,DELIVERED,COD
O04033,C0077,P048,2023-08-24 0:00:00,5,7256.23,20,5804.98,10,Returned,Wallet
O04034,C0142,P058,2025-01-20 0:00:00,2,8218.25,15,6985.51,6,Returned,Wallet
O04035,C0466,P009,2023-05-03 0:00:00,5,7171.34,5,6812.77,8,DELIVERED,Card
O04036,C0303,P008,2025-05-30 0:00:00,5,7576.13,5,7197.32,12,Cancelled,Wallet
O04037,C0394,P082,2023-08-07 0:00:00,1,5803.33,5,5513.16,1,Cancelled,COD
O04038,C0180,P049,2023-05-01 0:00:00,2,7156.08,10,6440.47,3,Delivered,COD
O04039,C0434,P064,2025-08-10 0:00:00,1,2409.29,0,2409.29,7,DELIVERED,Card
O04040,C0452,P058,2026-03-24 0:00:00,4,7875.9,0,7875.9,3,Cancelled,UPI
O04041,C0408,P098,2024-08-28 0:00:00,4,4584.76,10,4126.28,11,delivered,Wallet
O04042,C0151,P027,2025-11-14 0:00:00,2,5909.96,20,4727.97,12,Returned,UPI
O04043,C0478,P022,2025-06-16 0:00:00,4,9130.25,15,7760.71,3,Delivered,Card
O04044,C0295,P009,2024-10-14 0:00:00,3,3464.1,0,3464.1,4,Returned,COD
O04045,C0028,P037,2025-02-25 0:00:00,4,3090.74,15,2627.13,7,Cancelled,Wallet
O04046,C0318,P003,2025-03-11 0:00:00,2,9820.29,0,9820.29,7,Delivered,COD
O04047,C0122,P033,2023-03-02 0:00:00,3,811.74,5,771.15,2,Returned,Wallet
O04048,C0029,P092,2025-06-03 0:00:00,2,1389.17,5,1319.71,11,Cancelled,Wallet
O04049,C0167,P030,2024-01-02 0:00:00,4,4356.48,10,3920.83,1,DELIVERED,Card
O04050,C0114,P043,2024-04-03 0:00:00,1,7070.26,15,6009.72,5,delivered,Wallet
O04051,C0188,P071,2023-05-19 0:00:00,4,9178.13,15,7801.41,1,delivered,Wallet
O04052,C0115,P049,2025-06-27 0:00:00,1,9558.93,15,8125.09,2,Returned,Wallet
O04053,C0210,P015,2024-10-07 0:00:00,4,3317.82,10,2986.04,3,Delivered,UPI
O04054,C0005,P047,2023-11-17 0:00:00,4,605.78,10,545.2,8,Returned,COD
O04055,C0149,P012,2023-09-17 0:00:00,1,5840.23,20,4672.18,5,delivered,COD
O04056,C0089,P041,2026-02-23 0:00:00,5,6034.12,20,4827.3,11,Cancelled,Wallet
O04057,C0018,P050,2024-01-19 0:00:00,2,8805.43,5,8365.16,1,DELIVERED,COD
O04058,C0447,P097,2025-07-03 0:00:00,1,3978.94,15,3382.1,10,DELIVERED,UPI
O04059,C0112,P009,2023-12-20 0:00:00,5,2407.18,20,1925.74,6,Cancelled,Card
O04060,C0272,P083,2023-02-10 0:00:00,3,7769.7,10,6992.73,6,Delivered,Wallet
O04061,C0214,P098,2023-07-02 0:00:00,4,4519.55,5,4293.57,5,Cancelled,COD
O04062,C0395,P043,2024-05-23 0:00:00,4,1230.98,5,1169.43,7,delivered,Card
O04063,C0021,P095,2025-11-10 0:00:00,2,8545.1,10,7690.59,8,Delivered,UPI
O04064,C0227,P010,2026-02-17 0:00:00,1,3062.83,0,3062.83,12,Returned,COD
O04065,C0129,P032,2025-07-05 0:00:00,1,7856.74,20,6285.39,11,DELIVERED,Wallet
O04066,C0387,P077,2024-05-26 0:00:00,1,8190.22,15,6961.69,8,Delivered,UPI
O04067,C0312,P002,2024-11-06 0:00:00,5,8590.93,10,7731.84,10,Returned,UPI
O04068,C0365,P004,2024-11-27 0:00:00,5,1647.01,0,1647.01,5,Delivered,Wallet
O04069,C0114,P044,2025-11-27 0:00:00,1,7101.34,0,7101.34,12,Cancelled,Wallet
O04070,C0036,P013,2025-04-21 0:00:00,5,861.35,5,818.28,4,Cancelled,Wallet
O04071,C0083,P038,2025-05-30 0:00:00,3,4471.19,5,4247.63,2,Cancelled,Wallet
O04072,C0371,P094,2024-12-11 0:00:00,3,1869.77,0,1869.77,11,Returned,Wallet
O04073,C0319,P066,2026-02-20 0:00:00,2,4267.12,5,4053.76,5,DELIVERED,Wallet
O04074,C0077,P001,2024-05-16 0:00:00,3,6188.77,5,5879.33,10,delivered,UPI
O04075,C0182,P064,2023-09-03 0:00:00,3,7578.33,10,6820.5,11,Cancelled,Wallet
O04076,C0012,P037,2026-03-22 0:00:00,3,5164.2,20,4131.36,4,Returned,COD
O04077,C0149,P084,2023-07-25 0:00:00,1,3380.46,20,2704.37,7,Cancelled,COD
O04078,C0362,P073,2024-10-23 0:00:00,3,874.91,15,743.67,12,delivered,Card
O04079,C0139,P094,2026-02-05 0:00:00,2,8546.69,0,8546.69,3,Cancelled,Wallet
O04080,C0343,P073,2025-01-15 0:00:00,3,1393.24,5,1323.58,4,DELIVERED,Wallet
O04081,C0007,P089,2024-10-23 0:00:00,3,3545.65,15,3013.8,12,Returned,Card
O04082,C0139,P082,2024-07-25 0:00:00,5,2831.3,0,2831.3,6,delivered,Wallet
O04083,C0064,P076,2023-12-19 0:00:00,5,5538.81,20,4431.05,9,Delivered,Wallet
O04084,C0190,P086,2025-04-29 0:00:00,5,4139.2,15,3518.32,3,delivered,Wallet
O04085,C0121,P011,2023-12-23 0:00:00,4,7039.22,5,6687.26,9,Cancelled,COD
O04086,C0379,P078,2024-12-06 0:00:00,2,9104.86,0,9104.86,10,DELIVERED,Wallet
O04087,C0458,P066,2023-02-06 0:00:00,5,8301.31,0,8301.31,3,Delivered,Wallet
O04088,C0152,P047,2023-02-06 0:00:00,4,1266.32,0,1266.32,10,delivered,Wallet
O04089,C0342,P028,2024-07-22 0:00:00,5,3219.5,15,2736.57,6,Delivered,COD
O04090,C0487,P031,2023-09-11 0:00:00,2,6402.21,0,6402.21,3,Returned,Wallet
O04091,C0217,P082,2025-09-23 0:00:00,4,9680.16,20,7744.13,7,DELIVERED,Wallet
O04092,C0475,P013,2023-06-12 0:00:00,4,6636.05,5,6304.25,12,Delivered,COD
O04093,C0240,P072,2023-12-22 0:00:00,1,5737.39,20,4589.91,12,Cancelled,UPI
O04094,C0403,P080,2024-12-09 0:00:00,1,6602.9,15,5612.46,8,delivered,Card
O04095,C0482,P079,2023-09-23 0:00:00,3,1853.44,10,1668.1,4,delivered,COD
O04096,C0234,P059,2024-05-31 0:00:00,2,3920.79,15,3332.67,3,DELIVERED,Wallet
O04097,C0270,P045,2024-01-18 0:00:00,3,955.06,0,955.06,9,Delivered,UPI
O04098,C0365,P049,2024-01-24 0:00:00,3,5500.15,15,4675.13,4,Returned,Card
O04099,C0448,P039,2023-12-28 0:00:00,5,8357.49,20,6685.99,9,Delivered,COD
O04100,C0189,P085,2025-10-27 0:00:00,4,3646.64,20,2917.31,4,Returned,COD
O04101,C0360,P093,2024-05-15 0:00:00,4,7651.76,0,7651.76,10,Returned,Card
O04102,C0077,P041,2024-09-27 0:00:00,5,3733.16,5,3546.5,1,Cancelled,UPI
O04103,C0211,P096,2025-06-30 0:00:00,4,7270.54,15,6179.96,5,Cancelled,Wallet
O04104,C0111,P092,2025-04-28 0:00:00,1,5438.27,20,4350.62,7,Delivered,Card
O04105,C0403,P075,2023-10-04 0:00:00,5,3592.9,10,3233.61,6,Delivered,UPI
O04106,C0171,P081,2023-04-16 0:00:00,5,3685.5,15,3132.67,11,Delivered,Wallet
O04107,C0071,P052,2024-02-07 0:00:00,3,4875.95,15,4144.56,7,Returned,Wallet
O04108,C0484,P080,2025-10-07 0:00:00,4,8891.74,10,8002.57,10,Cancelled,Wallet
O04109,C0415,P018,2023-02-11 0:00:00,1,7226,20,5780.8,3,Delivered,Wallet
O04110,C0092,P065,2025-04-15 0:00:00,1,720.79,0,720.79,5,Cancelled,Wallet
O04111,C0166,P076,2024-11-27 0:00:00,1,4253.57,10,3828.21,8,Delivered,COD
O04112,C0228,P013,2023-01-29 0:00:00,5,7788.58,0,7788.58,7,Returned,UPI
O04113,C0461,P024,2024-07-12 0:00:00,1,7275.14,10,6547.63,8,delivered,Card
O04114,C0355,P076,2025-03-18 0:00:00,4,8649.18,10,7784.26,12,Cancelled,COD
O04115,C0487,P045,2023-08-24 0:00:00,2,6381.99,20,5105.59,1,Cancelled,UPI
O04116,C0112,P033,2024-02-26 0:00:00,5,4915.11,10,4423.6,11,delivered,COD
O04117,C0349,P062,2025-10-16 0:00:00,2,9473.19,15,8052.21,8,Cancelled,Card
O04118,C0273,P062,2024-10-22 0:00:00,3,9080.41,5,8626.39,6,Delivered,Card
O04119,C0132,P001,2025-08-21 0:00:00,1,586.21,20,468.97,2,Cancelled,UPI
O04120,C0044,P085,2026-03-26 0:00:00,2,8740.79,0,8740.79,7,Returned,UPI
O04121,C0212,P078,2025-10-15 0:00:00,4,8502.51,15,7227.13,12,DELIVERED,Wallet
O04122,C0149,P099,2024-04-16 0:00:00,2,8039.72,0,8039.72,3,DELIVERED,Wallet
O04123,C0026,P028,2023-11-11 0:00:00,4,5254.29,5,4991.58,12,DELIVERED,Card
O04124,C0453,P047,2024-10-29 0:00:00,4,9337.23,20,7469.78,3,Returned,Wallet
O04125,C0497,P072,2023-07-11 0:00:00,4,5151.39,10,4636.25,8,Delivered,Wallet
O04126,C0416,P060,2025-03-01 0:00:00,2,5464.62,5,5191.39,5,DELIVERED,Wallet
O04127,C0358,P082,2024-02-24 0:00:00,1,2242.43,15,1906.07,10,Cancelled,Card
O04128,C0171,P051,2024-09-02 0:00:00,1,7823.89,15,6650.31,8,DELIVERED,Card
O04129,C0323,P078,2024-11-20 0:00:00,5,8741.14,0,8741.14,2,Cancelled,Wallet
O04130,C0200,P019,2023-08-30 0:00:00,2,9988.95,0,9988.95,4,Delivered,COD
O04131,C0446,P095,2023-04-24 0:00:00,1,4193.99,0,4193.99,8,DELIVERED,Wallet
O04132,C0448,P089,2025-09-02 0:00:00,1,1358.86,10,1222.97,4,delivered,Wallet
O04133,C0455,P021,2024-10-11 0:00:00,4,3966.46,5,3768.14,11,Returned,Wallet
O04134,C0185,P039,2025-11-24 0:00:00,4,4686.33,15,3983.38,6,Returned,Wallet
O04135,C0197,P078,2023-07-16 0:00:00,1,5004.93,5,4754.68,10,DELIVERED,COD
O04136,C0066,P074,2024-05-21 0:00:00,5,2239.27,15,1903.38,8,delivered,UPI
O04137,C0242,P034,2025-05-11 0:00:00,2,9815.79,15,8343.42,4,Delivered,Card
O04138,C0039,P047,2025-10-20 0:00:00,1,2872.28,20,2297.82,5,Cancelled,UPI
O04139,C0359,P081,2025-02-05 0:00:00,2,7547.57,0,7547.57,3,Delivered,Wallet
O04140,C0465,P047,2024-11-19 0:00:00,3,8066.72,0,8066.72,11,Returned,Wallet
O04141,C0354,P070,2024-10-23 0:00:00,2,1973.82,10,1776.44,3,Returned,Wallet
O04142,C0078,P099,2023-10-30 0:00:00,1,8761.45,15,7447.23,11,Returned,Card
O04143,C0279,P057,2025-12-15 0:00:00,5,9319.67,5,8853.69,3,Returned,Wallet
O04144,C0333,P053,2024-09-07 0:00:00,1,4058.36,5,3855.44,10,Cancelled,Card
O04145,C0137,P053,2024-07-21 0:00:00,4,5499.36,10,4949.42,8,DELIVERED,COD
O04146,C0053,P098,2023-01-21 0:00:00,1,4821.11,5,4580.05,4,Delivered,Wallet
O04147,C0479,P070,2025-09-10 0:00:00,3,7396.76,0,7396.76,1,DELIVERED,Wallet
O04148,C0347,P044,2026-01-16 0:00:00,3,8278.84,10,7450.96,12,Delivered,UPI
O04149,C0329,P072,2025-05-11 0:00:00,3,5532.91,0,5532.91,12,Cancelled,Wallet
O04150,C0041,P076,2024-03-10 0:00:00,4,8135.3,10,7321.77,7,Cancelled,Wallet
O04151,C0403,P082,2024-08-28 0:00:00,5,9570.41,15,8134.85,7,Cancelled,COD
O04152,C0227,P036,2026-03-21 0:00:00,2,9392.21,5,8922.6,8,Cancelled,Card
O04153,C0080,P089,2025-05-31 0:00:00,2,9550.39,20,7640.31,3,delivered,Wallet
O04154,C0112,P063,2024-08-17 0:00:00,1,6353.25,0,6353.25,3,delivered,Wallet
O04155,C0060,P077,2024-08-16 0:00:00,4,2826.3,10,2543.67,3,Delivered,COD
O04156,C0320,P062,2026-02-28 0:00:00,1,2898.74,5,2753.8,1,Cancelled,Card
O04157,C0231,P031,2025-04-19 0:00:00,5,1222.33,10,1100.1,8,Cancelled,UPI
O04158,C0286,P012,2025-06-18 0:00:00,5,5560.02,10,5004.02,10,DELIVERED,Wallet
O04159,C0331,P068,2025-12-15 0:00:00,2,4194.24,10,3774.82,8,DELIVERED,Wallet
O04160,C0349,P045,2025-01-11 0:00:00,4,8159.27,20,6527.42,11,Cancelled,UPI
O04161,C0136,P093,2025-03-10 0:00:00,2,1575.7,20,1260.56,5,Delivered,Wallet
O04162,C0129,P062,2025-09-03 0:00:00,2,8520.42,10,7668.38,8,Cancelled,COD
O04163,C0260,P036,2025-11-21 0:00:00,2,4666.59,5,4433.26,4,Cancelled,Wallet
O04164,C0042,P071,2026-02-26 0:00:00,3,4143.14,0,4143.14,10,Returned,Wallet
O04165,C0435,P029,2023-09-17 0:00:00,3,4046.47,20,3237.18,9,delivered,Wallet
O04166,C0302,P002,2024-10-16 0:00:00,1,6572.88,0,6572.88,6,DELIVERED,COD
O04167,C0146,P005,2024-10-22 0:00:00,1,4662.43,15,3963.07,6,Returned,UPI
O04168,C0210,P017,2025-08-19 0:00:00,5,2629.11,10,2366.2,5,Delivered,Card
O04169,C0397,P098,2025-04-12 0:00:00,2,6295.64,5,5980.86,1,DELIVERED,Card
O04170,C0314,P061,2024-10-04 0:00:00,2,4032.66,5,3831.03,6,Returned,Wallet
O04171,C0361,P016,2025-04-06 0:00:00,1,5918.06,5,5622.16,12,Delivered,Wallet
O04172,C0334,P071,2023-10-27 0:00:00,4,5821.33,10,5239.2,9,Cancelled,Card
O04173,C0478,P061,2025-07-22 0:00:00,4,8593.42,15,7304.41,10,delivered,Wallet
O04174,C0014,P073,2025-10-20 0:00:00,5,7384.98,15,6277.23,7,Returned,Wallet
O04175,C0352,P083,2024-08-21 0:00:00,5,8198.93,10,7379.04,1,DELIVERED,COD
O04176,C0484,P079,2023-02-25 0:00:00,1,4715.06,5,4479.31,3,Delivered,UPI
O04177,C0208,P046,2023-10-30 0:00:00,4,6315.46,5,5999.69,3,Cancelled,Wallet
O04178,C0319,P039,2023-06-10 0:00:00,2,3783.5,15,3215.97,6,DELIVERED,Wallet
O04179,C0300,P071,2025-06-24 0:00:00,4,1650.14,15,1402.62,4,delivered,COD
O04180,C0236,P086,2023-03-12 0:00:00,3,5759.35,20,4607.48,9,Returned,Wallet
O04181,C0354,P071,2023-01-05 0:00:00,3,567.89,10,511.1,4,DELIVERED,Card
O04182,C0112,P080,2025-01-29 0:00:00,4,3717.95,15,3160.26,9,Delivered,Wallet
O04183,C0311,P054,2025-07-07 0:00:00,1,3817.41,5,3626.54,7,delivered,UPI
O04184,C0284,P058,2023-02-27 0:00:00,2,5579.93,10,5021.94,4,delivered,Wallet
O04185,C0395,P020,2023-08-17 0:00:00,5,9400.26,5,8930.25,9,DELIVERED,Wallet
O04186,C0124,P001,2025-05-22 0:00:00,2,3446.71,5,3274.37,8,delivered,Wallet
O04187,C0018,P053,2026-02-19 0:00:00,1,8374.33,20,6699.46,4,DELIVERED,Wallet
O04188,C0476,P016,2025-05-17 0:00:00,2,9788.89,15,8320.56,9,Cancelled,Card
O04189,C0024,P052,2025-08-30 0:00:00,2,5589.44,15,4751.02,7,Cancelled,COD
O04190,C0468,P097,2024-10-31 0:00:00,3,5859.16,15,4980.29,12,DELIVERED,UPI
O04191,C0067,P046,2023-01-25 0:00:00,1,3525.29,15,2996.5,11,DELIVERED,UPI
O04192,C0258,P071,2023-05-13 0:00:00,2,3617.99,20,2894.39,12,Delivered,Wallet
O04193,C0176,P063,2025-10-28 0:00:00,3,8156.28,20,6525.02,4,DELIVERED,COD
O04194,C0148,P015,2023-02-03 0:00:00,4,6478.19,0,6478.19,3,DELIVERED,UPI
O04195,C0297,P032,2023-08-28 0:00:00,3,1063.04,15,903.58,5,Cancelled,Wallet
O04196,C0421,P015,2023-06-26 0:00:00,1,5468.47,0,5468.47,11,DELIVERED,COD
O04197,C0009,P091,2024-07-18 0:00:00,4,9707.47,0,9707.47,5,Cancelled,COD
O04198,C0018,P083,2026-02-08 0:00:00,1,899.88,10,809.89,5,Returned,Card
O04199,C0319,P088,2023-03-18 0:00:00,2,6448.84,0,6448.84,10,Cancelled,COD
O04200,C0333,P045,2025-11-02 0:00:00,5,8001.51,20,6401.21,7,Delivered,Card
O04201,C0072,P022,2024-09-15 0:00:00,4,2506.07,5,2380.77,8,DELIVERED,COD
O04202,C0374,P029,2024-04-27 0:00:00,5,9204.89,0,9204.89,9,DELIVERED,UPI
O04203,C0326,P079,2025-04-13 0:00:00,3,8776.19,5,8337.38,11,Cancelled,Card
O04204,C0183,P028,2026-01-28 0:00:00,5,834.57,0,834.57,5,Delivered,COD
O04205,C0254,P081,2023-12-06 0:00:00,5,8743.91,20,6995.13,7,DELIVERED,UPI
O04206,C0225,P007,2026-03-02 0:00:00,3,597.33,20,477.86,12,Returned,Wallet
O04207,C0257,P015,2025-03-26 0:00:00,4,2502.19,15,2126.86,10,Cancelled,Wallet
O04208,C0280,P038,2025-02-16 0:00:00,5,1475.15,0,1475.15,11,Returned,UPI
O04209,C0130,P042,2024-06-18 0:00:00,2,5720.4,10,5148.36,7,Cancelled,Wallet
O04210,C0113,P054,2023-08-10 0:00:00,2,4012.08,5,3811.48,6,delivered,Wallet
O04211,C0403,P097,2026-04-11 0:00:00,4,6138.29,15,5217.55,3,DELIVERED,Wallet
O04212,C0285,P008,2026-03-01 0:00:00,5,9447.27,15,8030.18,1,Returned,Wallet
O04213,C0389,P044,2025-10-12 0:00:00,4,1637.46,5,1555.59,2,Delivered,Wallet
O04214,C0136,P099,2024-06-01 0:00:00,1,8991.16,5,8541.6,2,Cancelled,UPI
O04215,C0190,P024,2025-05-30 0:00:00,4,3663.2,10,3296.88,2,DELIVERED,COD
O04216,C0307,P054,2024-08-08 0:00:00,3,6980.78,20,5584.62,3,DELIVERED,COD
O04217,C0428,P029,2025-08-06 0:00:00,1,6768.67,20,5414.94,2,Returned,UPI
O04218,C0011,P078,2024-01-23 0:00:00,3,6151.9,15,5229.11,3,Returned,Card
O04219,C0085,P040,2023-12-22 0:00:00,4,2842.04,15,2415.73,12,Cancelled,Wallet
O04220,C0062,P040,2025-06-13 0:00:00,1,7197.82,15,6118.15,11,DELIVERED,COD
O04221,C0181,P025,2024-08-01 0:00:00,1,8069.2,15,6858.82,4,delivered,COD
O04222,C0419,P056,2023-11-09 0:00:00,3,3744.12,0,3744.12,3,Delivered,Card
O04223,C0177,P010,2023-01-19 0:00:00,5,2930.4,0,2930.4,6,Returned,COD
O04224,C0174,P001,2025-01-23 0:00:00,3,9332.47,10,8399.22,8,Cancelled,Wallet
O04225,C0449,P068,2023-12-19 0:00:00,5,6566.82,20,5253.46,11,Delivered,Wallet
O04226,C0158,P005,2024-01-13 0:00:00,2,4972.72,5,4724.08,4,Returned,Card
O04227,C0078,P053,2025-08-20 0:00:00,4,5530.23,0,5530.23,4,delivered,Wallet
O04228,C0469,P093,2025-05-29 0:00:00,2,2816.51,15,2394.03,8,Cancelled,COD
O04229,C0441,P016,2026-04-04 0:00:00,4,8879.84,10,7991.86,9,DELIVERED,Wallet
O04230,C0352,P020,2026-03-23 0:00:00,5,9710.55,15,8253.97,10,DELIVERED,COD
O04231,C0178,P082,2025-10-10 0:00:00,5,6300.46,0,6300.46,8,delivered,Wallet
O04232,C0466,P088,2024-11-07 0:00:00,4,5294.02,20,4235.22,1,delivered,Wallet
O04233,C0017,P025,2023-06-04 0:00:00,4,9026.86,20,7221.49,3,Cancelled,UPI
O04234,C0175,P032,2024-09-11 0:00:00,2,8805.81,15,7484.94,1,Delivered,Card
O04235,C0335,P041,2023-07-16 0:00:00,5,6965.59,5,6617.31,2,Returned,UPI
O04236,C0081,P032,2025-05-17 0:00:00,1,4281.12,10,3853.01,1,delivered,Wallet
O04237,C0429,P089,2025-01-18 0:00:00,1,8752.79,20,7002.23,9,delivered,UPI
O04238,C0466,P013,2025-01-06 0:00:00,1,3859.31,5,3666.34,9,Cancelled,Card
O04239,C0012,P087,2025-02-12 0:00:00,3,8186.64,10,7367.98,2,Cancelled,UPI
O04240,C0181,P008,2024-08-16 0:00:00,5,4492.27,5,4267.66,7,Cancelled,UPI
O04241,C0442,P064,2026-02-04 0:00:00,2,4398.78,5,4178.84,5,Returned,Card
O04242,C0357,P019,2025-05-22 0:00:00,2,9364.45,10,8428.01,9,Delivered,Card
O04243,C0272,P038,2023-03-09 0:00:00,3,909.56,15,773.13,1,Delivered,COD
O04244,C0010,P051,2023-10-06 0:00:00,4,8521.34,20,6817.07,11,Returned,Wallet
O04245,C0095,P055,2025-12-23 0:00:00,1,853.12,20,682.5,6,Cancelled,Wallet
O04246,C0048,P098,2025-03-12 0:00:00,3,971.37,20,777.1,9,Returned,Card
O04247,C0101,P007,2025-12-12 0:00:00,1,3263.65,15,2774.1,8,Cancelled,UPI
O04248,C0006,P078,2023-11-14 0:00:00,3,7667.07,20,6133.66,10,Delivered,UPI
O04249,C0247,P001,2023-12-30 0:00:00,3,8532.43,15,7252.57,1,DELIVERED,Wallet
O04250,C0320,P067,2025-12-30 0:00:00,3,5379.83,10,4841.85,8,Returned,Wallet
O04251,C0061,P043,2023-12-23 0:00:00,2,1099.55,5,1044.57,9,delivered,Wallet
O04252,C0090,P099,2024-11-02 0:00:00,2,2142.75,20,1714.2,11,DELIVERED,UPI
O04253,C0251,P099,2025-01-23 0:00:00,1,3318.79,5,3152.85,5,DELIVERED,Card
O04254,C0308,P035,2025-07-19 0:00:00,1,5305.67,15,4509.82,6,Returned,UPI
O04255,C0386,P055,2024-03-19 0:00:00,1,5017.74,20,4014.19,5,Cancelled,Wallet
O04256,C0185,P082,2025-01-18 0:00:00,5,8440.45,5,8018.43,6,Delivered,COD
O04257,C0007,P095,2025-10-20 0:00:00,3,5669.47,20,4535.58,1,Cancelled,UPI
O04258,C0049,P081,2023-06-09 0:00:00,5,6020.04,5,5719.04,3,delivered,COD
O04259,C0122,P015,2025-02-06 0:00:00,5,7212.83,0,7212.83,4,Cancelled,Wallet
O04260,C0208,P004,2023-07-05 0:00:00,4,3014.1,0,3014.1,5,Returned,Card
O04261,C0086,P023,2025-02-23 0:00:00,2,3605.32,0,3605.32,7,Delivered,Wallet
O04262,C0390,P050,2025-03-27 0:00:00,2,1233.99,15,1048.89,3,delivered,Card
O04263,C0489,P020,2024-01-25 0:00:00,1,4101.83,10,3691.65,9,Delivered,UPI
O04264,C0152,P041,2025-08-10 0:00:00,1,5015.91,15,4263.52,10,DELIVERED,UPI
O04265,C0186,P004,2026-02-08 0:00:00,3,7742.89,20,6194.31,10,Delivered,Wallet
O04266,C0409,P030,2025-01-03 0:00:00,1,553.96,10,498.56,8,delivered,Wallet
O04267,C0123,P047,2024-01-08 0:00:00,2,3965.62,10,3569.06,7,DELIVERED,UPI
O04268,C0413,P068,2025-02-09 0:00:00,2,6695.52,0,6695.52,3,Cancelled,UPI
O04269,C0087,P038,2026-04-05 0:00:00,1,4270.1,10,3843.09,1,delivered,Card
O04270,C0341,P039,2026-04-02 0:00:00,3,8894.4,15,7560.24,2,Delivered,COD
O04271,C0366,P064,2025-10-07 0:00:00,4,1311.78,10,1180.6,3,DELIVERED,Card
O04272,C0320,P091,2025-12-09 0:00:00,4,9857.78,10,8872,9,Returned,UPI
O04273,C0245,P014,2024-10-11 0:00:00,4,8248.88,20,6599.1,2,Delivered,UPI
O04274,C0360,P065,2024-09-30 0:00:00,1,2951.55,10,2656.4,5,DELIVERED,COD
O04275,C0228,P010,2025-08-20 0:00:00,4,4676.2,0,4676.2,4,DELIVERED,UPI
O04276,C0306,P042,2024-09-27 0:00:00,5,8967.87,0,8967.87,7,DELIVERED,UPI
O04277,C0458,P016,2023-07-05 0:00:00,5,3842.9,0,3842.9,1,Cancelled,Wallet
O04278,C0449,P005,2023-08-21 0:00:00,1,4884.31,15,4151.66,11,Delivered,Card
O04279,C0488,P067,2023-06-29 0:00:00,4,2525.56,5,2399.28,11,Cancelled,Card
O04280,C0184,P055,2024-06-15 0:00:00,1,9406.47,10,8465.82,7,Delivered,UPI
O04281,C0400,P052,2023-04-28 0:00:00,1,5912.5,10,5321.25,3,Cancelled,Wallet
O04282,C0106,P035,2023-12-20 0:00:00,2,8592.1,0,8592.1,5,DELIVERED,UPI
O04283,C0338,P051,2025-06-12 0:00:00,1,2908.05,15,2471.84,5,delivered,COD
O04284,C0330,P055,2024-08-24 0:00:00,5,1885.63,5,1791.35,1,delivered,UPI
O04285,C0115,P067,2024-12-13 0:00:00,1,4515.93,20,3612.74,1,Delivered,COD
O04286,C0201,P041,2023-10-28 0:00:00,5,1913.68,10,1722.31,7,Delivered,Wallet
O04287,C0051,P056,2024-07-07 0:00:00,3,4534.54,10,4081.09,4,Returned,COD
O04288,C0053,P013,2024-03-12 0:00:00,1,4586.41,10,4127.77,5,Cancelled,UPI
O04289,C0454,P031,2023-08-04 0:00:00,2,6597.68,10,5937.91,12,Delivered,Wallet
O04290,C0220,P074,2024-10-19 0:00:00,5,6186.91,0,6186.91,9,Cancelled,Wallet
O04291,C0141,P014,2024-10-22 0:00:00,1,1559.02,20,1247.22,1,DELIVERED,COD
O04292,C0360,P029,2025-01-30 0:00:00,4,3411.2,15,2899.52,5,Returned,Wallet
O04293,C0341,P055,2025-10-25 0:00:00,2,4604.18,20,3683.34,2,DELIVERED,Card
O04294,C0248,P041,2023-04-10 0:00:00,3,8448.49,0,8448.49,12,DELIVERED,UPI
O04295,C0060,P067,2024-11-01 0:00:00,5,2535.53,0,2535.53,12,Returned,Wallet
O04296,C0378,P080,2025-01-04 0:00:00,5,5936.83,15,5046.31,1,delivered,Wallet
O04297,C0248,P074,2023-11-10 0:00:00,1,3611.73,10,3250.56,6,Returned,UPI
O04298,C0026,P051,2024-02-25 0:00:00,5,3035.56,5,2883.78,9,Returned,Wallet
O04299,C0047,P077,2024-12-10 0:00:00,2,3236.19,15,2750.76,2,DELIVERED,UPI
O04300,C0014,P066,2025-12-27 0:00:00,4,2186.27,15,1858.33,10,Delivered,Wallet
O04301,C0492,P086,2023-08-30 0:00:00,5,8091.06,0,8091.06,3,Cancelled,Wallet
O04302,C0108,P031,2023-06-16 0:00:00,3,6225.42,20,4980.34,3,delivered,COD
O04303,C0363,P028,2025-11-29 0:00:00,4,5117.43,5,4861.56,12,DELIVERED,Wallet
O04304,C0048,P025,2024-07-25 0:00:00,1,4533.87,15,3853.79,5,delivered,Wallet
O04305,C0120,P090,2025-09-30 0:00:00,4,2291.98,5,2177.38,8,DELIVERED,Card
O04306,C0312,P033,2024-01-15 0:00:00,1,6924.22,10,6231.8,1,Delivered,Wallet
O04307,C0333,P066,2025-07-21 0:00:00,5,2765.37,15,2350.56,6,Delivered,Wallet
O04308,C0169,P073,2023-10-06 0:00:00,5,3231.14,10,2908.03,11,DELIVERED,Card
O04309,C0435,P095,2026-01-26 0:00:00,1,8703.4,20,6962.72,12,Cancelled,Wallet
O04310,C0344,P024,2025-09-27 0:00:00,5,8106.9,20,6485.52,5,delivered,Wallet
O04311,C0321,P013,2025-05-14 0:00:00,5,3808.24,5,3617.83,12,Delivered,Card
O04312,C0338,P082,2023-05-31 0:00:00,5,1911.59,5,1816.01,2,delivered,Card
O04313,C0485,P098,2023-04-01 0:00:00,1,1515.6,15,1288.26,6,delivered,COD
O04314,C0365,P094,2023-08-01 0:00:00,4,9756.29,10,8780.66,5,delivered,Card
O04315,C0465,P005,2026-02-16 0:00:00,2,8316.37,5,7900.55,3,Cancelled,Card
O04316,C0295,P039,2024-02-29 0:00:00,5,7649.79,15,6502.32,12,Returned,UPI
O04317,C0450,P057,2025-11-29 0:00:00,2,5060.36,20,4048.29,9,delivered,Wallet
O04318,C0218,P095,2026-02-08 0:00:00,5,2109.83,5,2004.34,2,delivered,Card
O04319,C0306,P027,2025-07-03 0:00:00,4,6670.27,20,5336.22,10,Delivered,COD
O04320,C0155,P035,2026-01-20 0:00:00,1,6433.65,0,6433.65,9,Returned,Card
O04321,C0225,P095,2024-04-18 0:00:00,5,529.58,15,450.14,11,Returned,UPI
O04322,C0129,P074,2024-06-29 0:00:00,1,2621.65,5,2490.57,11,Cancelled,Card
O04323,C0439,P063,2023-02-01 0:00:00,3,8501.98,10,7651.78,8,Delivered,COD
O04324,C0266,P017,2024-02-23 0:00:00,2,9223.07,10,8300.76,9,DELIVERED,Wallet
O04325,C0416,P023,2026-03-02 0:00:00,1,6837.79,20,5470.23,9,delivered,Wallet
O04326,C0144,P063,2025-09-12 0:00:00,3,1050.61,5,998.08,9,Returned,Wallet
O04327,C0113,P060,2023-05-24 0:00:00,2,9634.52,20,7707.62,6,DELIVERED,Wallet
O04328,C0229,P099,2023-02-03 0:00:00,3,1452.99,5,1380.34,1,Cancelled,Wallet
O04329,C0358,P052,2024-03-12 0:00:00,4,6970.1,15,5924.59,11,delivered,UPI
O04330,C0048,P014,2024-11-11 0:00:00,1,5944.17,0,5944.17,12,DELIVERED,Card
O04331,C0431,P025,2024-06-07 0:00:00,1,6152.22,15,5229.39,2,Delivered,Card
O04332,C0397,P028,2025-09-21 0:00:00,4,5182.5,0,5182.5,1,Returned,Card
O04333,C0459,P002,2024-08-10 0:00:00,1,4434.6,20,3547.68,1,DELIVERED,Wallet
O04334,C0094,P035,2025-07-08 0:00:00,2,928.3,5,881.88,7,DELIVERED,Card
O04335,C0076,P047,2024-10-19 0:00:00,3,4600.19,10,4140.17,4,Delivered,Wallet
O04336,C0172,P092,2024-03-24 0:00:00,3,8427.54,20,6742.03,1,Cancelled,Wallet
O04337,C0082,P096,2023-03-12 0:00:00,5,6539.49,5,6212.52,8,Returned,COD
O04338,C0161,P090,2024-10-19 0:00:00,4,5712.96,20,4570.37,4,Delivered,Wallet
O04339,C0135,P036,2024-10-21 0:00:00,1,5899.52,15,5014.59,12,Cancelled,COD
O04340,C0229,P034,2024-08-25 0:00:00,4,9989.53,20,7991.62,12,delivered,UPI
O04341,C0473,P089,2024-10-29 0:00:00,3,2972.85,10,2675.57,6,Cancelled,Wallet
O04342,C0202,P083,2025-10-17 0:00:00,3,591.39,5,561.82,12,DELIVERED,Wallet
O04343,C0037,P029,2024-06-11 0:00:00,5,6955.76,0,6955.76,1,Delivered,COD
O04344,C0246,P003,2026-03-15 0:00:00,1,3816.59,20,3053.27,11,Delivered,COD
O04345,C0003,P007,2023-01-28 0:00:00,3,9557.61,10,8601.85,5,Delivered,COD
O04346,C0129,P080,2025-08-04 0:00:00,1,713.74,15,606.68,6,Cancelled,Wallet
O04347,C0088,P047,2025-04-12 0:00:00,2,3309.06,20,2647.25,6,Delivered,COD
O04348,C0218,P018,2024-10-09 0:00:00,5,6019.14,5,5718.18,7,Cancelled,Wallet
O04349,C0241,P078,2024-11-09 0:00:00,1,1289.98,5,1225.48,12,Delivered,UPI
O04350,C0181,P023,2025-02-02 0:00:00,5,1565,0,1565,7,Delivered,Wallet
O04351,C0124,P014,2024-11-23 0:00:00,1,3997.29,10,3597.56,5,Delivered,Wallet
O04352,C0351,P036,2025-09-12 0:00:00,1,7870.88,10,7083.79,7,Cancelled,Wallet
O04353,C0493,P030,2023-11-17 0:00:00,2,8276.31,0,8276.31,12,delivered,UPI
O04354,C0158,P049,2023-07-24 0:00:00,5,4856.38,15,4127.92,6,Cancelled,Wallet
O04355,C0145,P047,2025-10-31 0:00:00,3,9245.99,10,8321.39,7,Returned,Card
O04356,C0117,P024,2025-11-07 0:00:00,3,6990.25,0,6990.25,9,Delivered,UPI
O04357,C0350,P088,2024-07-25 0:00:00,2,8707.49,5,8272.12,12,Cancelled,Wallet
O04358,C0295,P012,2024-06-29 0:00:00,2,7920.83,15,6732.71,6,DELIVERED,Wallet
O04359,C0339,P040,2025-02-26 0:00:00,5,9928.31,0,9928.31,10,DELIVERED,Wallet
O04360,C0080,P083,2024-08-15 0:00:00,3,9021.89,5,8570.8,10,Returned,Wallet
O04361,C0204,P086,2025-09-04 0:00:00,4,5821.42,15,4948.21,8,Cancelled,COD
O04362,C0165,P032,2024-07-15 0:00:00,5,4965.2,5,4716.94,1,delivered,COD
O04363,C0065,P069,2026-03-16 0:00:00,1,5847.58,20,4678.06,7,Cancelled,COD
O04364,C0487,P052,2023-04-28 0:00:00,4,4634.56,15,3939.38,12,Returned,UPI
O04365,C0195,P033,2023-09-16 0:00:00,5,1644.67,5,1562.44,3,DELIVERED,Wallet
O04366,C0255,P002,2025-12-23 0:00:00,5,2500.65,15,2125.55,10,DELIVERED,Wallet
O04367,C0434,P084,2025-06-12 0:00:00,4,3526.31,0,3526.31,6,delivered,Wallet
O04368,C0245,P062,2023-08-16 0:00:00,4,5106.9,10,4596.21,8,DELIVERED,UPI
O04369,C0070,P047,2023-02-07 0:00:00,3,8147.11,15,6925.04,1,Delivered,COD
O04370,C0328,P080,2026-01-07 0:00:00,3,9645.76,10,8681.18,1,DELIVERED,Wallet
O04371,C0252,P034,2024-07-01 0:00:00,3,1755.76,15,1492.4,4,Returned,COD
O04372,C0243,P050,2025-04-19 0:00:00,3,3698.01,10,3328.21,11,delivered,Card
O04373,C0171,P004,2026-03-03 0:00:00,3,7053.56,5,6700.88,12,DELIVERED,Card
O04374,C0241,P017,2025-12-17 0:00:00,1,7015.35,5,6664.58,12,delivered,Wallet
O04375,C0031,P092,2026-02-11 0:00:00,4,5931.95,20,4745.56,8,Returned,COD
O04376,C0121,P053,2025-05-17 0:00:00,2,7486.12,15,6363.2,1,Returned,Wallet
O04377,C0349,P040,2024-06-25 0:00:00,1,7985.61,5,7586.33,7,Returned,Card
O04378,C0024,P008,2025-09-14 0:00:00,5,9642.95,10,8678.66,6,Returned,Wallet
O04379,C0349,P068,2024-06-08 0:00:00,1,4607.34,5,4376.97,8,delivered,COD
O04380,C0301,P015,2025-03-08 0:00:00,4,1508.62,10,1357.76,2,delivered,Wallet
O04381,C0311,P023,2024-12-06 0:00:00,5,3669.89,15,3119.41,6,Delivered,UPI
O04382,C0272,P008,2025-09-10 0:00:00,4,6261.16,10,5635.04,8,Returned,Wallet
O04383,C0269,P009,2024-02-07 0:00:00,2,2477.52,15,2105.89,1,delivered,COD
O04384,C0154,P030,2023-12-31 0:00:00,5,674.64,5,640.91,8,Cancelled,Wallet
O04385,C0283,P001,2023-07-04 0:00:00,2,7699.99,10,6929.99,2,Cancelled,Wallet
O04386,C0356,P023,2026-03-18 0:00:00,3,9122.45,20,7297.96,11,DELIVERED,Wallet
O04387,C0080,P071,2025-08-04 0:00:00,3,874.55,0,874.55,9,Returned,UPI
O04388,C0043,P084,2023-10-25 0:00:00,3,4629.14,10,4166.23,2,Delivered,Card
O04389,C0488,P050,2025-06-04 0:00:00,2,5847.38,0,5847.38,10,Cancelled,Wallet
O04390,C0424,P025,2026-02-16 0:00:00,3,1964.74,20,1571.79,5,delivered,Wallet
O04391,C0257,P039,2025-02-27 0:00:00,3,8865.08,10,7978.57,9,delivered,Wallet
O04392,C0028,P095,2024-05-13 0:00:00,4,2792.55,20,2234.04,6,Delivered,Card
O04393,C0233,P074,2024-02-23 0:00:00,4,5011.53,5,4760.95,2,Delivered,Wallet
O04394,C0218,P057,2023-10-26 0:00:00,2,3898.62,10,3508.76,3,DELIVERED,COD
O04395,C0368,P060,2025-09-25 0:00:00,5,2837.77,15,2412.1,9,Returned,Card
O04396,C0441,P077,2023-06-12 0:00:00,5,8857.03,20,7085.62,5,delivered,Wallet
O04397,C0255,P069,2025-02-24 0:00:00,4,4703.21,20,3762.57,5,Returned,UPI
O04398,C0306,P049,2025-02-19 0:00:00,1,3298.36,15,2803.61,3,DELIVERED,Card
O04399,C0341,P066,2023-04-13 0:00:00,3,1453.15,10,1307.84,2,delivered,UPI
O04400,C0236,P014,2026-03-06 0:00:00,3,691.78,0,691.78,1,Delivered,Card
O04401,C0128,P059,2023-04-26 0:00:00,5,7868.12,10,7081.31,12,delivered,Wallet
O04402,C0114,P046,2024-10-12 0:00:00,3,4659.13,0,4659.13,7,Delivered,UPI
O04403,C0041,P004,2023-08-22 0:00:00,5,2490.38,5,2365.86,11,DELIVERED,Wallet
O04404,C0417,P029,2025-09-04 0:00:00,3,4009.1,15,3407.73,2,Delivered,UPI
O04405,C0048,P058,2025-01-06 0:00:00,1,9877.46,15,8395.84,4,Cancelled,UPI
O04406,C0362,P090,2025-06-30 0:00:00,4,9989.8,0,9989.8,2,delivered,Wallet
O04407,C0338,P006,2023-06-20 0:00:00,2,2742.46,20,2193.97,11,Delivered,UPI
O04408,C0316,P021,2023-11-23 0:00:00,3,5873.97,15,4992.87,9,DELIVERED,UPI
O04409,C0139,P089,2025-05-23 0:00:00,1,4451.32,5,4228.75,6,Cancelled,UPI
O04410,C0128,P044,2026-01-16 0:00:00,2,9197.72,10,8277.95,5,Delivered,COD
O04411,C0403,P005,2024-09-12 0:00:00,4,1292.87,20,1034.3,1,DELIVERED,UPI
O04412,C0058,P074,2024-11-02 0:00:00,1,8994.76,5,8545.02,12,Returned,Wallet
O04413,C0400,P025,2024-07-15 0:00:00,1,8390.02,5,7970.52,10,Cancelled,Wallet
O04414,C0468,P065,2024-11-11 0:00:00,5,4651.7,0,4651.7,5,Cancelled,Card
O04415,C0092,P040,2025-03-31 0:00:00,3,4985.85,0,4985.85,3,DELIVERED,UPI
O04416,C0257,P054,2023-08-13 0:00:00,4,6111.3,10,5500.17,12,Cancelled,COD
O04417,C0056,P015,2024-09-06 0:00:00,3,8858.19,20,7086.55,8,Returned,Wallet
O04418,C0485,P010,2026-03-08 0:00:00,1,4135.48,10,3721.93,1,Cancelled,COD
O04419,C0252,P095,2026-01-28 0:00:00,3,9149.64,0,9149.64,7,Cancelled,COD
O04420,C0464,P036,2023-10-09 0:00:00,1,2995.21,10,2695.69,5,Returned,COD
O04421,C0272,P069,2023-05-05 0:00:00,2,7612.84,15,6470.91,1,DELIVERED,UPI
O04422,C0263,P085,2025-04-30 0:00:00,1,3619.86,0,3619.86,11,delivered,Wallet
O04423,C0023,P038,2023-10-20 0:00:00,5,2894.63,20,2315.7,8,DELIVERED,UPI
O04424,C0448,P001,2025-06-30 0:00:00,4,7393.38,20,5914.7,3,Cancelled,Wallet
O04425,C0040,P034,2024-03-26 0:00:00,1,4671.82,0,4671.82,9,Cancelled,COD
O04426,C0403,P060,2025-03-12 0:00:00,5,4987.87,5,4738.48,11,Cancelled,UPI
O04427,C0166,P005,2023-03-01 0:00:00,1,3472.45,0,3472.45,2,Cancelled,Wallet
O04428,C0364,P096,2026-01-04 0:00:00,1,1263.11,15,1073.64,2,Delivered,UPI
O04429,C0146,P048,2025-01-12 0:00:00,4,9169.6,20,7335.68,9,Cancelled,Wallet
O04430,C0410,P006,2025-06-06 0:00:00,1,5530,15,4700.5,8,Cancelled,Wallet
O04431,C0284,P098,2024-04-21 0:00:00,2,7036.56,20,5629.25,3,DELIVERED,Wallet
O04432,C0408,P020,2023-08-15 0:00:00,1,2959.98,0,2959.98,10,DELIVERED,Card
O04433,C0114,P026,2025-05-15 0:00:00,4,9544.52,10,8590.07,9,Cancelled,COD
O04434,C0395,P006,2024-12-08 0:00:00,1,9005.42,20,7204.34,11,Returned,Wallet
O04435,C0303,P095,2025-12-28 0:00:00,3,8177.27,15,6950.68,7,Returned,UPI
O04436,C0409,P017,2023-05-05 0:00:00,1,2175.48,5,2066.71,7,Returned,Card
O04437,C0020,P020,2025-01-02 0:00:00,4,1412.35,0,1412.35,9,Cancelled,UPI
O04438,C0335,P051,2024-05-08 0:00:00,1,8574.07,5,8145.37,12,Cancelled,UPI
O04439,C0055,P041,2023-09-10 0:00:00,2,9064.52,10,8158.07,10,Cancelled,Wallet
O04440,C0294,P052,2024-12-12 0:00:00,4,7656.13,15,6507.71,3,Returned,Wallet
O04441,C0125,P049,2025-11-17 0:00:00,2,4164.72,0,4164.72,6,Cancelled,Card
O04442,C0448,P036,2025-01-06 0:00:00,2,8189.16,20,6551.33,6,Delivered,Wallet
O04443,C0287,P060,2024-02-23 0:00:00,1,4178.5,10,3760.65,8,Returned,Wallet
O04444,C0456,P037,2023-08-29 0:00:00,1,8263.63,20,6610.9,11,Delivered,UPI
O04445,C0148,P031,2026-02-28 0:00:00,1,4651.67,10,4186.5,9,delivered,UPI
O04446,C0429,P084,2025-04-28 0:00:00,1,3128.21,0,3128.21,6,Delivered,Wallet
O04447,C0142,P073,2024-05-16 0:00:00,5,7114.97,15,6047.72,7,Cancelled,COD
O04448,C0027,P082,2024-10-06 0:00:00,5,8069.62,10,7262.66,10,Returned,Card
O04449,C0272,P074,2023-02-18 0:00:00,1,2996.64,0,2996.64,11,delivered,Wallet
O04450,C0352,P099,2023-04-08 0:00:00,4,2997.41,0,2997.41,1,DELIVERED,UPI
O04451,C0469,P063,2024-11-03 0:00:00,1,9002.72,20,7202.18,6,DELIVERED,Wallet
O04452,C0145,P024,2025-09-19 0:00:00,2,9077.58,20,7262.06,9,DELIVERED,UPI
O04453,C0228,P021,2024-12-06 0:00:00,4,2019.18,5,1918.22,1,DELIVERED,Card
O04454,C0038,P041,2025-01-27 0:00:00,2,624.9,5,593.65,6,Delivered,UPI
O04455,C0411,P057,2026-02-06 0:00:00,2,3630.02,10,3267.02,2,Returned,Wallet
O04456,C0383,P089,2023-09-04 0:00:00,3,627.86,10,565.07,10,Returned,COD
O04457,C0053,P017,2023-02-15 0:00:00,1,5372.38,10,4835.14,5,Delivered,Wallet
O04458,C0192,P009,2024-11-09 0:00:00,3,6503.53,0,6503.53,12,Cancelled,Wallet
O04459,C0243,P053,2023-10-25 0:00:00,5,9184.9,5,8725.65,3,Cancelled,Wallet
O04460,C0262,P060,2024-02-20 0:00:00,5,8986.25,20,7189,4,Delivered,Wallet
O04461,C0025,P049,2023-04-15 0:00:00,2,6906.66,5,6561.33,10,DELIVERED,Wallet
O04462,C0155,P016,2024-02-21 0:00:00,2,4408.94,0,4408.94,3,Cancelled,Card
O04463,C0161,P069,2023-05-23 0:00:00,5,8530.52,20,6824.42,11,Returned,Card
O04464,C0153,P027,2025-05-25 0:00:00,4,4199.03,10,3779.13,7,DELIVERED,Card
O04465,C0500,P036,2025-02-02 0:00:00,1,6748.98,10,6074.08,10,Cancelled,Wallet
O04466,C0470,P038,2025-02-20 0:00:00,1,3997.52,20,3198.02,2,delivered,UPI
O04467,C0400,P030,2024-05-06 0:00:00,5,4753.59,20,3802.87,7,Delivered,Card
O04468,C0124,P029,2025-11-27 0:00:00,2,574.43,5,545.71,4,Returned,Card
O04469,C0167,P004,2023-11-11 0:00:00,1,6783.44,15,5765.92,0,Cancelled,UPI
O04470,C0470,P056,2025-02-16 0:00:00,3,554.79,10,499.31,9,Cancelled,Wallet
O04471,C0022,P095,2023-11-25 0:00:00,3,4939.37,15,4198.46,7,Cancelled,COD
O04472,C0104,P053,2025-10-28 0:00:00,4,7470.07,20,5976.06,7,Delivered,COD
O04473,C0432,P072,2025-12-12 0:00:00,2,9724.24,15,8265.6,1,delivered,Card
O04474,C0048,P078,2026-04-04 0:00:00,2,8887.81,0,8887.81,1,Returned,Card
O04475,C0186,P013,2025-12-08 0:00:00,3,4909.34,0,4909.34,8,Cancelled,Card
O04476,C0425,P053,2024-01-21 0:00:00,1,530.22,20,424.18,11,Cancelled,Wallet
O04477,C0035,P055,2026-01-20 0:00:00,5,9377.79,5,8908.9,11,Returned,Wallet
O04478,C0349,P068,2023-05-10 0:00:00,1,630.83,15,536.21,9,delivered,Wallet
O04479,C0345,P035,2025-02-11 0:00:00,5,946.02,5,898.72,9,DELIVERED,Wallet
O04480,C0069,P021,2024-08-07 0:00:00,1,4511.75,0,4511.75,10,Delivered,Wallet
O04481,C0064,P006,2026-02-15 0:00:00,5,7968.71,20,6374.97,4,Delivered,Wallet
O04482,C0454,P093,2024-06-13 0:00:00,2,3011.84,0,3011.84,6,DELIVERED,Wallet
O04483,C0460,P069,2024-05-20 0:00:00,4,5734.31,0,5734.31,5,delivered,COD
O04484,C0235,P095,2023-10-05 0:00:00,4,9050.67,10,8145.6,12,Cancelled,UPI
O04485,C0353,P004,2025-05-14 0:00:00,2,1449.61,0,1449.61,9,Cancelled,Wallet
O04486,C0326,P088,2024-09-13 0:00:00,3,1033.07,20,826.46,8,delivered,UPI
O04487,C0109,P057,2025-12-09 0:00:00,5,5237.65,20,4190.12,9,delivered,COD
O04488,C0271,P064,2023-02-17 0:00:00,2,4668.74,5,4435.3,9,DELIVERED,UPI
O04489,C0051,P031,2025-06-19 0:00:00,3,7971.93,10,7174.74,11,delivered,UPI
O04490,C0174,P050,2023-10-09 0:00:00,3,8276.21,0,8276.21,11,DELIVERED,Wallet
O04491,C0255,P070,2023-11-22 0:00:00,5,6221.74,10,5599.57,2,Cancelled,Card
O04492,C0070,P005,2025-12-17 0:00:00,1,3842.64,20,3074.11,7,DELIVERED,UPI
O04493,C0392,P015,2024-11-11 0:00:00,4,5448.11,15,4630.89,1,Cancelled,Wallet
O04494,C0315,P090,2025-09-21 0:00:00,3,4359.68,15,3705.73,10,Returned,COD
O04495,C0340,P039,2023-11-03 0:00:00,4,3757.97,5,3570.07,6,DELIVERED,COD
O04496,C0092,P074,2023-04-23 0:00:00,5,7988.36,15,6790.11,10,Cancelled,Card
O04497,C0023,P056,2023-02-18 0:00:00,2,9835.42,15,8360.11,5,Delivered,COD
O04498,C0474,P030,2026-02-14 0:00:00,3,1490.03,20,1192.02,12,Cancelled,Wallet
O04499,C0428,P069,2025-12-10 0:00:00,5,2577,5,2448.15,4,Cancelled,Card
O04500,C0379,P054,2024-01-18 0:00:00,2,3902.44,10,3512.2,9,Returned,Wallet
O04501,C0191,P064,2024-07-04 0:00:00,4,9838.09,0,9838.09,7,Returned,UPI
O04502,C0362,P040,2026-04-02 0:00:00,5,9182.2,5,8723.09,2,delivered,Wallet
O04503,C0017,P007,2023-06-08 0:00:00,2,5069.88,10,4562.89,4,delivered,Wallet
O04504,C0300,P056,2023-06-04 0:00:00,4,8686.86,15,7383.83,1,DELIVERED,Wallet
O04505,C0055,P056,2025-03-14 0:00:00,1,5882.38,0,5882.38,7,DELIVERED,Wallet
O04506,C0020,P007,2023-07-16 0:00:00,3,3434.6,10,3091.14,4,Cancelled,Wallet
O04507,C0373,P039,2023-11-17 0:00:00,3,8615.01,5,8184.26,8,Delivered,COD
O04508,C0282,P074,2025-11-03 0:00:00,2,8302.77,5,7887.63,11,Cancelled,Card
O04509,C0204,P048,2025-03-29 0:00:00,1,5241.21,5,4979.15,7,Returned,UPI
O04510,C0342,P052,2023-05-15 0:00:00,1,7620.1,0,7620.1,11,Delivered,Wallet
O04511,C0184,P005,2023-02-15 0:00:00,1,2527.29,10,2274.56,0,Cancelled,COD
O04512,C0126,P040,2026-03-24 0:00:00,2,1903.1,15,1617.63,5,DELIVERED,Wallet
O04513,C0032,P041,2024-01-30 0:00:00,3,1831.41,15,1556.7,6,DELIVERED,Wallet
O04514,C0008,P021,2025-11-07 0:00:00,4,6883.16,10,6194.84,7,DELIVERED,Wallet
O04515,C0176,P046,2026-02-22 0:00:00,3,2326.34,20,1861.07,8,Cancelled,COD
O04516,C0036,P087,2024-12-06 0:00:00,5,9353.94,5,8886.24,12,DELIVERED,Card
O04517,C0413,P013,2025-03-28 0:00:00,5,7508.67,5,7133.24,1,DELIVERED,Card
O04518,C0309,P064,2025-07-26 0:00:00,1,9147.75,5,8690.36,3,DELIVERED,COD
O04519,C0177,P087,2025-07-24 0:00:00,3,2659,5,2526.05,5,Returned,Wallet
O04520,C0152,P061,2025-07-19 0:00:00,4,7085.67,10,6377.1,1,delivered,COD
O04521,C0413,P066,2024-03-08 0:00:00,4,7334.03,20,5867.22,12,DELIVERED,UPI
O04522,C0446,P010,2023-02-14 0:00:00,5,8053.33,15,6845.33,11,Delivered,Wallet
O04523,C0315,P066,2023-12-05 0:00:00,5,4701.78,10,4231.6,3,Returned,Wallet
O04524,C0258,P017,2025-05-17 0:00:00,2,1127.27,10,1014.54,3,DELIVERED,Wallet
O04525,C0496,P099,2024-01-04 0:00:00,3,9623.86,15,8180.28,1,DELIVERED,Wallet
O04526,C0289,P074,2026-03-09 0:00:00,5,1178.67,10,1060.8,8,Delivered,COD
O04527,C0457,P049,2024-12-18 0:00:00,5,7562.1,5,7183.99,6,Delivered,Card
O04528,C0446,P060,2023-02-24 0:00:00,2,3224.8,10,2902.32,12,Returned,UPI
O04529,C0123,P076,2024-11-04 0:00:00,4,8606.53,5,8176.2,12,Returned,COD
O04530,C0470,P035,2024-10-29 0:00:00,2,3565.44,15,3030.62,11,Returned,UPI
O04531,C0038,P082,2023-07-26 0:00:00,4,2488.08,0,2488.08,3,Delivered,Card
O04532,C0262,P011,2024-10-16 0:00:00,4,3431.39,5,3259.82,11,DELIVERED,COD
O04533,C0326,P059,2023-04-17 0:00:00,4,9759.43,20,7807.54,8,Cancelled,UPI
O04534,C0485,P083,2023-02-10 0:00:00,3,8629.47,15,7335.05,6,Cancelled,Card
O04535,C0478,P033,2024-02-19 0:00:00,4,6852.94,5,6510.29,3,delivered,Wallet
O04536,C0311,P068,2023-04-18 0:00:00,3,4803.54,0,4803.54,8,DELIVERED,Wallet
O04537,C0435,P083,2024-05-09 0:00:00,1,5072,20,4057.6,12,Cancelled,Wallet
O04538,C0098,P080,2025-06-09 0:00:00,5,5238.2,10,4714.38,11,delivered,Wallet
O04539,C0138,P014,2026-04-15 0:00:00,5,8152.62,20,6522.1,5,Returned,Card
O04540,C0079,P068,2023-12-06 0:00:00,5,9187.56,15,7809.43,10,Cancelled,Card
O04541,C0054,P041,2026-03-28 0:00:00,5,669.62,15,569.18,6,DELIVERED,Card
O04542,C0426,P095,2025-10-08 0:00:00,4,9320.93,15,7922.79,9,Delivered,COD
O04543,C0500,P083,2025-07-02 0:00:00,3,7478.46,5,7104.54,2,Returned,Card
O04544,C0169,P050,2023-05-11 0:00:00,1,8033.3,5,7631.64,8,Returned,Wallet
O04545,C0073,P015,2023-02-11 0:00:00,1,8664.02,15,7364.42,1,Delivered,UPI
O04546,C0395,P073,2024-12-31 0:00:00,2,5237.77,15,4452.1,10,Returned,Wallet
O04547,C0483,P042,2024-04-10 0:00:00,1,7800.27,10,7020.24,3,Returned,UPI
O04548,C0461,P028,2025-10-12 0:00:00,4,2336.17,20,1868.94,6,Cancelled,Wallet
O04549,C0465,P088,2023-12-10 0:00:00,2,2120.74,20,1696.59,10,Cancelled,COD
O04550,C0347,P079,2025-09-01 0:00:00,4,7859.72,5,7466.73,9,DELIVERED,Card
O04551,C0389,P027,2026-01-08 0:00:00,1,1228.75,10,1105.88,5,Cancelled,Card
O04552,C0050,P040,2024-09-05 0:00:00,1,4722.49,15,4014.12,12,DELIVERED,Wallet
O04553,C0193,P085,2024-07-07 0:00:00,3,8187.52,0,8187.52,10,DELIVERED,Wallet
O04554,C0143,P001,2026-03-22 0:00:00,4,2170.2,10,1953.18,9,delivered,Wallet
O04555,C0438,P030,2025-04-27 0:00:00,4,9441.91,0,9441.91,8,Returned,COD
O04556,C0459,P070,2023-11-16 0:00:00,1,6647.04,0,6647.04,2,DELIVERED,UPI
O04557,C0223,P058,2023-09-25 0:00:00,1,8007.92,5,7607.52,9,Delivered,Wallet
O04558,C0192,P054,2025-05-29 0:00:00,3,6000.99,10,5400.89,12,Delivered,Wallet
O04559,C0496,P012,2024-11-12 0:00:00,4,8157.19,15,6933.61,1,Delivered,COD
O04560,C0095,P051,2025-01-31 0:00:00,2,3085.05,0,3085.05,1,DELIVERED,Wallet
O04561,C0434,P099,2025-03-19 0:00:00,4,7096.66,15,6032.16,11,DELIVERED,Wallet
O04562,C0499,P039,2023-06-21 0:00:00,2,7388.62,20,5910.9,8,Delivered,COD
O04563,C0078,P031,2024-05-14 0:00:00,1,4615.6,10,4154.04,12,Delivered,Wallet
O04564,C0061,P040,2025-09-20 0:00:00,3,8966.4,15,7621.44,3,Delivered,Wallet
O04565,C0113,P002,2024-10-21 0:00:00,1,8458.1,10,7612.29,8,delivered,COD
O04566,C0271,P009,2025-05-05 0:00:00,2,5660.14,0,5660.14,12,delivered,Wallet
O04567,C0058,P046,2023-04-26 0:00:00,2,1092.9,20,874.32,7,Cancelled,UPI
O04568,C0113,P056,2025-07-30 0:00:00,1,4602.39,0,4602.39,1,Delivered,COD
O04569,C0431,P074,2025-08-19 0:00:00,5,1056.74,0,1056.74,11,Cancelled,Wallet
O04570,C0212,P057,2023-03-08 0:00:00,4,6909.96,0,6909.96,5,Returned,Wallet
O04571,C0216,P009,2023-11-01 0:00:00,4,6894.45,20,5515.56,10,delivered,Wallet
O04572,C0278,P067,2024-09-28 0:00:00,5,2580.39,20,2064.31,8,Cancelled,Wallet
O04573,C0234,P045,2025-04-05 0:00:00,5,5622.01,20,4497.61,4,Returned,Wallet
O04574,C0472,P065,2024-01-19 0:00:00,5,7022.31,5,6671.19,5,delivered,UPI
O04575,C0132,P063,2024-11-12 0:00:00,1,5913.86,15,5026.78,6,Returned,COD
O04576,C0197,P058,2023-11-07 0:00:00,1,1598.78,5,1518.84,4,Delivered,UPI
O04577,C0010,P069,2023-11-23 0:00:00,3,4127.65,20,3302.12,5,Returned,Card
O04578,C0329,P016,2024-05-06 0:00:00,3,7647.22,15,6500.14,10,Cancelled,UPI
O04579,C0328,P022,2024-03-19 0:00:00,4,8025.2,0,8025.2,11,Delivered,COD
O04580,C0044,P029,2023-08-30 0:00:00,5,4378.98,5,4160.03,9,Returned,UPI
O04581,C0414,P075,2023-02-17 0:00:00,3,1508.98,0,1508.98,7,Delivered,COD
O04582,C0145,P077,2024-06-20 0:00:00,4,6144.34,10,5529.91,5,Delivered,COD
O04583,C0316,P033,2023-11-15 0:00:00,5,1116.65,0,1116.65,4,Cancelled,Wallet
O04584,C0083,P056,2025-12-31 0:00:00,5,8923.02,0,8923.02,11,Returned,UPI
O04585,C0328,P055,2025-12-06 0:00:00,1,6424.49,15,5460.82,1,Delivered,COD
O04586,C0446,P093,2025-03-07 0:00:00,3,8671.28,15,7370.59,7,Delivered,UPI
O04587,C0084,P001,2025-04-18 0:00:00,4,7712.78,5,7327.14,5,Cancelled,UPI
O04588,C0177,P071,2023-11-11 0:00:00,5,9706.17,10,8735.55,12,DELIVERED,UPI
O04589,C0302,P090,2024-10-22 0:00:00,3,6419.22,15,5456.34,11,Cancelled,Card
O04590,C0043,P047,2023-05-13 0:00:00,3,9985.42,0,9985.42,4,Returned,Wallet
O04591,C0092,P099,2023-11-08 0:00:00,1,4749.57,20,3799.66,7,DELIVERED,Wallet
O04592,C0492,P013,2024-07-07 0:00:00,3,6519.84,15,5541.86,11,Returned,COD
O04593,C0307,P074,2023-03-19 0:00:00,5,9355.93,5,8888.13,2,Delivered,UPI
O04594,C0478,P080,2023-10-02 0:00:00,2,8678.35,15,7376.6,5,delivered,Wallet
O04595,C0296,P040,2023-12-05 0:00:00,4,7124.9,15,6056.16,6,Cancelled,Wallet
O04596,C0102,P089,2024-07-23 0:00:00,2,2730.49,10,2457.44,5,DELIVERED,Wallet
O04597,C0062,P041,2024-11-25 0:00:00,2,1368.33,20,1094.66,2,Cancelled,Wallet
O04598,C0446,P014,2024-03-07 0:00:00,5,3126.41,0,3126.41,6,Returned,Wallet
O04599,C0241,P047,2023-01-29 0:00:00,3,9835.37,5,9343.6,4,Returned,Card
O04600,C0418,P041,2023-11-03 0:00:00,5,5202.23,0,5202.23,3,delivered,Card
O04601,C0292,P045,2025-09-15 0:00:00,3,2729.91,5,2593.41,4,Returned,Wallet
O04602,C0102,P029,2025-02-04 0:00:00,3,9459.83,5,8986.84,8,Delivered,UPI
O04603,C0268,P006,2024-09-16 0:00:00,4,7239.85,10,6515.87,12,Returned,Card
O04604,C0278,P021,2025-11-29 0:00:00,5,8977,0,8977,11,Cancelled,Card
O04605,C0296,P025,2025-07-14 0:00:00,3,7479.38,20,5983.5,3,Delivered,Wallet
O04606,C0371,P028,2025-02-18 0:00:00,2,6485.35,10,5836.82,8,Delivered,Wallet
O04607,C0070,P054,2023-10-22 0:00:00,1,3988.31,20,3190.65,11,delivered,UPI
O04608,C0044,P048,2024-02-10 0:00:00,4,9939.36,10,8945.42,2,delivered,Wallet
O04609,C0425,P037,2025-06-27 0:00:00,1,9887.95,5,9393.55,2,Cancelled,COD
O04610,C0216,P028,2025-09-25 0:00:00,4,8586.25,20,6869,11,Delivered,Card
O04611,C0269,P004,2024-11-12 0:00:00,4,9882.2,20,7905.76,1,delivered,Wallet
O04612,C0409,P023,2023-11-04 0:00:00,2,5626.43,20,4501.14,2,delivered,Wallet
O04613,C0187,P025,2025-09-23 0:00:00,4,8109.99,10,7298.99,12,Cancelled,COD
O04614,C0080,P022,2023-11-10 0:00:00,3,3655.66,5,3472.88,7,Delivered,Wallet
O04615,C0138,P017,2026-03-04 0:00:00,2,7956.8,15,6763.28,11,Cancelled,UPI
O04616,C0452,P049,2023-04-01 0:00:00,2,5419.16,15,4606.29,11,Cancelled,Wallet
O04617,C0175,P010,2023-03-17 0:00:00,5,8075.73,5,7671.94,5,Cancelled,Wallet
O04618,C0196,P019,2026-04-07 0:00:00,2,5427.65,5,5156.27,2,Returned,Wallet
O04619,C0359,P064,2023-08-05 0:00:00,1,3408.22,5,3237.81,6,Delivered,Card
O04620,C0171,P084,2025-04-30 0:00:00,4,6683.82,0,6683.82,10,delivered,COD
O04621,C0072,P028,2024-10-15 0:00:00,1,7022.52,15,5969.14,2,delivered,Wallet
O04622,C0347,P071,2025-11-19 0:00:00,5,5689.84,20,4551.87,1,Returned,Wallet
O04623,C0236,P013,2024-08-01 0:00:00,1,5490.21,0,5490.21,1,Returned,Card
O04624,C0262,P004,2025-11-05 0:00:00,2,7187.91,0,7187.91,7,DELIVERED,Wallet
O04625,C0069,P100,2023-08-20 0:00:00,5,3218.94,10,2897.05,8,delivered,Card
O04626,C0109,P072,2024-04-03 0:00:00,4,8659.39,15,7360.48,7,Delivered,Wallet
O04627,C0120,P066,2024-08-31 0:00:00,1,6997.51,20,5598.01,5,delivered,UPI
O04628,C0491,P099,2025-02-08 0:00:00,5,9842.05,20,7873.64,6,Returned,COD
O04629,C0034,P068,2025-08-25 0:00:00,2,1613.83,0,1613.83,1,DELIVERED,Wallet
O04630,C0494,P050,2024-12-31 0:00:00,2,6184.67,5,5875.44,3,Returned,Wallet
O04631,C0109,P014,2023-09-30 0:00:00,3,4182.66,5,3973.53,11,Delivered,Wallet
O04632,C0126,P018,2025-10-08 0:00:00,5,1576.6,0,1576.6,12,DELIVERED,Wallet
O04633,C0416,P022,2023-02-19 0:00:00,5,5738.36,0,5738.36,10,Cancelled,Card
O04634,C0444,P059,2023-12-09 0:00:00,1,8641.84,0,8641.84,3,Cancelled,UPI
O04635,C0116,P013,2023-03-29 0:00:00,5,8937.83,0,8937.83,3,Delivered,UPI
O04636,C0116,P051,2023-12-14 0:00:00,4,6218.68,5,5907.75,2,delivered,Card
O04637,C0489,P005,2023-12-28 0:00:00,5,6697.26,0,6697.26,8,Delivered,Wallet
O04638,C0003,P010,2024-07-21 0:00:00,5,8932.74,0,8932.74,5,Cancelled,Wallet
O04639,C0480,P060,2025-10-11 0:00:00,4,1282.47,5,1218.35,1,delivered,Wallet
O04640,C0366,P074,2026-02-03 0:00:00,2,845.1,10,760.59,12,Delivered,Wallet
O04641,C0186,P004,2023-08-18 0:00:00,2,7053.99,10,6348.59,4,Cancelled,Card
O04642,C0140,P049,2023-09-02 0:00:00,4,1754.44,0,1754.44,10,Cancelled,Card
O04643,C0486,P044,2023-07-25 0:00:00,1,8845.62,10,7961.06,12,delivered,Card
O04644,C0443,P076,2023-11-03 0:00:00,2,778.52,15,661.74,1,DELIVERED,UPI
O04645,C0349,P054,2025-04-29 0:00:00,4,3439.29,5,3267.33,11,DELIVERED,Card
O04646,C0339,P067,2025-01-11 0:00:00,2,5852.92,5,5560.27,4,Cancelled,COD
O04647,C0010,P090,2023-01-24 0:00:00,2,2602.21,0,2602.21,9,Delivered,Wallet
O04648,C0185,P006,2023-07-09 0:00:00,3,1468.73,5,1395.29,8,DELIVERED,Wallet
O04649,C0003,P003,2024-04-06 0:00:00,5,2791.1,0,2791.1,6,Returned,COD
O04650,C0372,P092,2024-08-17 0:00:00,3,8738.85,10,7864.97,11,Cancelled,COD
O04651,C0469,P077,2023-02-13 0:00:00,2,1057.22,20,845.78,11,delivered,Card
O04652,C0308,P067,2026-01-26 0:00:00,2,520.81,15,442.69,2,Returned,UPI
O04653,C0393,P045,2023-03-08 0:00:00,4,7569.23,20,6055.38,8,Cancelled,COD
O04654,C0418,P060,2025-08-27 0:00:00,1,9231.83,20,7385.46,7,DELIVERED,UPI
O04655,C0075,P087,2025-11-21 0:00:00,3,4311.8,15,3665.03,11,DELIVERED,Card
O04656,C0446,P082,2026-02-16 0:00:00,5,6901.75,10,6211.57,12,Cancelled,Card
O04657,C0249,P011,2023-03-03 0:00:00,1,1850.74,0,1850.74,9,delivered,Wallet
O04658,C0046,P033,2024-08-19 0:00:00,3,2661.08,15,2261.92,5,delivered,Wallet
O04659,C0173,P028,2023-05-12 0:00:00,1,7019.17,20,5615.34,5,DELIVERED,COD
O04660,C0026,P019,2023-02-07 0:00:00,5,3997.93,0,3997.93,1,Cancelled,Wallet
O04661,C0467,P033,2023-10-04 0:00:00,3,3397.6,5,3227.72,7,Cancelled,Card
O04662,C0489,P079,2023-02-20 0:00:00,5,2914.96,15,2477.72,1,Returned,Wallet
O04663,C0136,P091,2025-05-31 0:00:00,2,2980.17,0,2980.17,2,DELIVERED,Wallet
O04664,C0152,P015,2025-10-04 0:00:00,1,1933.25,5,1836.59,8,Delivered,Wallet
O04665,C0465,P026,2023-06-14 0:00:00,1,2090.38,10,1881.34,6,delivered,COD
O04666,C0015,P074,2024-12-10 0:00:00,1,4776.01,5,4537.21,9,DELIVERED,UPI
O04667,C0230,P079,2023-03-16 0:00:00,4,4014.77,0,4014.77,4,DELIVERED,Wallet
O04668,C0315,P027,2024-03-08 0:00:00,3,5767.44,20,4613.95,4,Returned,Wallet
O04669,C0084,P075,2025-05-16 0:00:00,5,6490.55,0,6490.55,9,DELIVERED,Wallet
O04670,C0146,P050,2024-07-22 0:00:00,1,1797.87,0,1797.87,7,Cancelled,Wallet
O04671,C0087,P043,2023-04-08 0:00:00,4,2967.28,20,2373.82,7,Returned,COD
O04672,C0127,P074,2026-04-03 0:00:00,3,1050.7,0,1050.7,5,Returned,Card
O04673,C0453,P022,2025-11-19 0:00:00,3,4950.82,0,4950.82,10,Cancelled,UPI
O04674,C0129,P031,2025-12-18 0:00:00,1,1870.42,10,1683.38,2,delivered,COD
O04675,C0445,P093,2026-01-14 0:00:00,3,1839.07,5,1747.12,11,Cancelled,COD
O04676,C0406,P068,2023-03-14 0:00:00,5,1619.3,0,1619.3,10,DELIVERED,Card
O04677,C0436,P044,2024-02-03 0:00:00,5,8634.37,20,6907.5,1,Delivered,Wallet
O04678,C0116,P007,2024-04-09 0:00:00,4,2583.48,0,2583.48,9,Returned,Wallet
O04679,C0406,P052,2023-10-19 0:00:00,3,676.33,15,574.88,8,Delivered,Wallet
O04680,C0452,P013,2026-03-31 0:00:00,1,7477.32,10,6729.59,8,Cancelled,UPI
O04681,C0179,P091,2024-07-22 0:00:00,5,3862.96,15,3283.52,5,Delivered,Wallet
O04682,C0262,P059,2025-06-07 0:00:00,5,9465.15,0,9465.15,4,Cancelled,Card
O04683,C0474,P082,2024-10-12 0:00:00,5,6613.41,5,6282.74,12,DELIVERED,Wallet
O04684,C0320,P021,2026-02-27 0:00:00,4,4533.8,10,4080.42,8,Cancelled,Card
O04685,C0486,P030,2025-09-28 0:00:00,4,2652.52,15,2254.64,5,Delivered,Card
O04686,C0392,P042,2023-08-12 0:00:00,5,1249.04,0,1249.04,7,DELIVERED,UPI
O04687,C0266,P084,2024-04-17 0:00:00,2,3427.82,0,3427.82,7,delivered,Wallet
O04688,C0384,P056,2023-03-10 0:00:00,5,4717.6,20,3774.08,11,DELIVERED,UPI
O04689,C0096,P031,2025-05-26 0:00:00,5,1481.11,0,1481.11,5,delivered,Wallet
O04690,C0024,P009,2024-03-22 0:00:00,3,7424.42,5,7053.2,9,Delivered,Wallet
O04691,C0247,P092,2023-09-02 0:00:00,3,2331.39,0,2331.39,11,Cancelled,Wallet
O04692,C0237,P049,2023-12-16 0:00:00,2,4433.52,0,4433.52,5,Delivered,Wallet
O04693,C0376,P045,2024-10-01 0:00:00,2,2925.72,20,2340.58,4,Delivered,COD
O04694,C0463,P025,2023-05-12 0:00:00,3,9351.53,15,7948.8,8,Delivered,Wallet
O04695,C0119,P061,2023-02-08 0:00:00,5,5571.02,20,4456.82,7,Delivered,Wallet
O04696,C0024,P016,2024-09-02 0:00:00,5,8936.1,10,8042.49,4,Returned,COD
O04697,C0006,P067,2025-12-20 0:00:00,4,5317.47,0,5317.47,7,Delivered,COD
O04698,C0067,P037,2024-08-05 0:00:00,1,5328.43,20,4262.74,11,Cancelled,Card
O04699,C0106,P034,2025-02-12 0:00:00,5,5505.15,5,5229.89,8,Delivered,Wallet
O04700,C0135,P073,2024-02-04 0:00:00,4,2566.54,15,2181.56,2,Delivered,Wallet
O04701,C0378,P026,2025-12-01 0:00:00,1,2304.86,5,2189.62,10,Delivered,COD
O04702,C0329,P068,2024-04-15 0:00:00,3,564.17,5,535.96,12,DELIVERED,Wallet
O04703,C0131,P075,2024-01-14 0:00:00,1,6718.05,15,5710.34,7,Cancelled,Card
O04704,C0105,P030,2025-08-30 0:00:00,5,7059.16,15,6000.29,2,delivered,Card
O04705,C0187,P045,2024-03-01 0:00:00,4,8193.39,20,6554.71,2,Returned,Card
O04706,C0046,P026,2025-03-25 0:00:00,3,7039.56,20,5631.65,3,Cancelled,UPI
O04707,C0038,P093,2025-08-27 0:00:00,4,987.85,5,938.46,5,Returned,Wallet
O04708,C0008,P061,2023-11-24 0:00:00,4,626.72,20,501.38,10,Cancelled,COD
O04709,C0128,P076,2023-06-30 0:00:00,5,5333.71,0,5333.71,1,Cancelled,Wallet
O04710,C0228,P079,2024-03-29 0:00:00,5,1208.1,20,966.48,4,Returned,Wallet
O04711,C0398,P072,2023-11-14 0:00:00,3,9104.22,20,7283.38,1,delivered,Wallet
O04712,C0304,P041,2024-05-16 0:00:00,5,1415.86,15,1203.48,4,Cancelled,Wallet
O04713,C0022,P057,2023-12-09 0:00:00,5,7426.65,5,7055.32,3,DELIVERED,Wallet
O04714,C0426,P100,2023-11-23 0:00:00,4,1441.76,0,1441.76,11,delivered,UPI
O04715,C0144,P050,2025-10-03 0:00:00,4,5233.83,0,5233.83,10,Delivered,UPI
O04716,C0455,P001,2024-06-06 0:00:00,3,7185.66,0,7185.66,9,DELIVERED,Wallet
O04717,C0104,P097,2025-05-09 0:00:00,1,9922.92,5,9426.77,9,delivered,COD
O04718,C0110,P058,2026-01-20 0:00:00,5,4741.13,20,3792.9,3,Returned,Wallet
O04719,C0409,P058,2025-07-29 0:00:00,1,5056.65,5,4803.82,3,Cancelled,UPI
O04720,C0352,P043,2023-05-16 0:00:00,4,9755.17,5,9267.41,11,delivered,Wallet
O04721,C0396,P061,2024-08-20 0:00:00,5,5905.6,20,4724.48,6,Delivered,Wallet
O04722,C0208,P091,2024-05-14 0:00:00,5,5713.41,5,5427.74,7,delivered,Wallet
O04723,C0140,P046,2024-03-29 0:00:00,3,4456.61,0,4456.61,9,DELIVERED,Wallet
O04724,C0289,P018,2024-07-20 0:00:00,4,5075.77,15,4314.4,6,DELIVERED,Wallet
O04725,C0467,P090,2024-01-28 0:00:00,2,4432.99,20,3546.39,9,Cancelled,COD
O04726,C0389,P080,2025-02-11 0:00:00,3,5642.6,20,4514.08,4,Delivered,COD
O04727,C0427,P050,2025-10-13 0:00:00,2,3052.4,10,2747.16,3,Delivered,Card
O04728,C0405,P076,2026-02-11 0:00:00,1,9867.9,20,7894.32,6,Returned,UPI
O04729,C0370,P053,2024-03-02 0:00:00,4,7710.73,0,7710.73,8,delivered,Wallet
O04730,C0490,P004,2024-09-14 0:00:00,3,524.26,20,419.41,12,delivered,Wallet
O04731,C0481,P002,2025-11-15 0:00:00,3,1355.26,5,1287.5,9,Cancelled,COD
O04732,C0315,P076,2025-08-05 0:00:00,3,8656.54,0,8656.54,2,Delivered,Wallet
O04733,C0066,P080,2024-09-14 0:00:00,5,2466.29,5,2342.98,4,Delivered,Card
O04734,C0462,P006,2023-05-16 0:00:00,4,8046.24,20,6436.99,6,Cancelled,COD
O04735,C0194,P028,2023-11-01 0:00:00,4,3962.19,10,3565.97,9,Returned,UPI
O04736,C0402,P044,2025-03-18 0:00:00,1,7012.12,15,5960.3,1,Delivered,COD
O04737,C0060,P007,2026-03-17 0:00:00,3,5049.03,20,4039.22,5,Cancelled,UPI
O04738,C0450,P087,2023-05-17 0:00:00,1,7590.5,15,6451.93,7,DELIVERED,Card
O04739,C0085,P038,2024-08-20 0:00:00,1,4684.8,15,3982.08,12,DELIVERED,Wallet
O04740,C0151,P028,2024-04-16 0:00:00,5,4898.71,20,3918.97,2,Cancelled,Wallet
O04741,C0135,P051,2023-02-04 0:00:00,4,3617.34,10,3255.61,6,Cancelled,Wallet
O04742,C0100,P031,2025-12-10 0:00:00,2,3049.06,5,2896.61,6,Returned,Card
O04743,C0205,P049,2023-04-13 0:00:00,3,6276.01,20,5020.81,10,Returned,UPI
O04744,C0148,P014,2024-08-15 0:00:00,5,4929.4,10,4436.46,1,Delivered,Card
O04745,C0171,P014,2023-10-10 0:00:00,4,9820.72,10,8838.65,5,Cancelled,UPI
O04746,C0081,P084,2024-03-02 0:00:00,5,8858.43,15,7529.67,3,Delivered,Wallet
O04747,C0406,P026,2024-07-16 0:00:00,3,3295.91,0,3295.91,2,DELIVERED,COD
O04748,C0244,P024,2024-12-02 0:00:00,4,6263.26,20,5010.61,1,Cancelled,Wallet
O04749,C0108,P054,2024-12-14 0:00:00,5,5108.58,5,4853.15,11,Cancelled,Wallet
O04750,C0056,P007,2024-08-06 0:00:00,2,4699.57,0,4699.57,6,Delivered,Card
O04751,C0311,P047,2026-04-02 0:00:00,4,5113.98,15,4346.88,8,delivered,Card
O04752,C0240,P011,2025-05-13 0:00:00,2,3077.44,20,2461.95,4,Cancelled,COD
O04753,C0016,P078,2024-09-18 0:00:00,3,7904.91,20,6323.93,3,DELIVERED,COD
O04754,C0143,P039,2024-02-21 0:00:00,1,9264.52,20,7411.62,12,Returned,Wallet
O04755,C0143,P016,2024-04-27 0:00:00,2,4082.14,20,3265.71,10,Cancelled,Wallet
O04756,C0310,P075,2025-03-11 0:00:00,4,3060.59,20,2448.47,9,Returned,UPI
O04757,C0468,P011,2024-08-31 0:00:00,5,7777.1,20,6221.68,10,Delivered,Wallet
O04758,C0147,P079,2023-04-19 0:00:00,2,3573.75,0,3573.75,10,DELIVERED,COD
O04759,C0071,P047,2024-09-06 0:00:00,3,4931.42,5,4684.85,8,DELIVERED,COD
O04760,C0172,P033,2025-07-31 0:00:00,2,5064.02,15,4304.42,10,delivered,Wallet
O04761,C0447,P079,2024-05-18 0:00:00,4,3134.02,0,3134.02,2,Returned,UPI
O04762,C0087,P072,2023-03-05 0:00:00,3,4127.38,0,4127.38,9,delivered,COD
O04763,C0347,P003,2026-02-20 0:00:00,4,5470.35,20,4376.28,2,DELIVERED,Wallet
O04764,C0184,P004,2023-08-06 0:00:00,4,5062.93,0,5062.93,8,delivered,Wallet
O04765,C0202,P058,2025-09-06 0:00:00,5,2547.18,20,2037.74,6,DELIVERED,Wallet
O04766,C0266,P052,2024-01-07 0:00:00,2,1373.91,15,1167.82,2,Cancelled,Wallet
O04767,C0462,P030,2024-04-08 0:00:00,4,7480.8,20,5984.64,7,Returned,Wallet
O04768,C0073,P096,2025-04-19 0:00:00,2,8015.64,0,8015.64,4,delivered,COD
O04769,C0207,P051,2025-01-20 0:00:00,5,5399.27,10,4859.34,5,DELIVERED,Wallet
O04770,C0138,P032,2024-06-09 0:00:00,4,4798.83,10,4318.95,5,Returned,COD
O04771,C0088,P007,2026-01-12 0:00:00,3,1480.26,0,1480.26,7,Delivered,UPI
O04772,C0470,P065,2023-12-01 0:00:00,2,8708.35,20,6966.68,5,Returned,UPI
O04773,C0182,P032,2025-02-28 0:00:00,1,8003.64,20,6402.91,1,DELIVERED,UPI
O04774,C0215,P077,2023-03-22 0:00:00,3,6513.35,15,5536.35,10,Delivered,UPI
O04775,C0069,P039,2023-01-30 0:00:00,5,2109.37,5,2003.9,6,DELIVERED,UPI
O04776,C0356,P019,2025-08-04 0:00:00,3,6554.01,10,5898.61,5,Cancelled,Wallet
O04777,C0246,P058,2026-03-14 0:00:00,4,9772.57,0,9772.57,3,delivered,Card
O04778,C0160,P020,2023-02-10 0:00:00,2,2770.72,10,2493.65,10,Delivered,Wallet
O04779,C0043,P054,2023-12-25 0:00:00,3,2936.73,10,2643.06,7,Returned,COD
O04780,C0040,P069,2024-09-20 0:00:00,1,7447.9,10,6703.11,4,Delivered,Wallet
O04781,C0109,P033,2025-05-26 0:00:00,2,6849.48,15,5822.06,3,DELIVERED,COD
O04782,C0410,P008,2024-03-27 0:00:00,3,4580.14,0,4580.14,11,Returned,COD
O04783,C0346,P007,2023-06-05 0:00:00,4,4822.13,5,4581.02,5,Returned,Wallet
O04784,C0458,P039,2024-03-06 0:00:00,5,2142.41,20,1713.93,2,DELIVERED,Card
O04785,C0323,P092,2025-05-30 0:00:00,3,8826.63,10,7943.97,6,delivered,Wallet
O04786,C0044,P098,2024-05-23 0:00:00,4,8157.98,0,8157.98,9,Returned,COD
O04787,C0397,P006,2025-08-06 0:00:00,4,8053.35,0,8053.35,5,DELIVERED,Wallet
O04788,C0449,P069,2023-10-11 0:00:00,1,5278.41,10,4750.57,12,DELIVERED,UPI
O04789,C0365,P045,2023-06-09 0:00:00,3,6880.39,10,6192.35,7,delivered,UPI
O04790,C0485,P093,2024-12-15 0:00:00,4,6359.81,15,5405.84,10,Returned,Wallet
O04791,C0119,P016,2024-10-08 0:00:00,2,6572.18,5,6243.57,1,Returned,COD
O04792,C0457,P098,2023-09-19 0:00:00,4,3439.07,20,2751.26,5,Returned,UPI
O04793,C0400,P094,2024-03-07 0:00:00,3,2914.66,0,2914.66,3,Delivered,Wallet
O04794,C0255,P032,2023-01-31 0:00:00,3,9373.84,0,9373.84,9,DELIVERED,Card
O04795,C0325,P094,2024-03-04 0:00:00,5,756.23,0,756.23,5,delivered,Wallet
O04796,C0349,P047,2025-01-23 0:00:00,2,8859.35,5,8416.38,6,DELIVERED,Wallet
O04797,C0197,P045,2025-06-25 0:00:00,2,8937.07,10,8043.36,6,Returned,Card
O04798,C0107,P010,2023-03-02 0:00:00,2,6145.83,20,4916.66,5,Returned,COD
O04799,C0281,P057,2025-12-22 0:00:00,1,9725.38,20,7780.3,8,delivered,Wallet
O04800,C0372,P066,2024-05-11 0:00:00,1,6949.1,20,5559.28,3,Returned,Wallet
O04801,C0222,P047,2025-12-06 0:00:00,5,2386.48,0,2386.48,9,DELIVERED,Wallet
O04802,C0081,P086,2024-10-16 0:00:00,1,8409.49,10,7568.54,7,Cancelled,Wallet
O04803,C0414,P082,2025-11-05 0:00:00,1,9011.6,5,8561.02,9,Cancelled,COD
O04804,C0283,P005,2023-09-28 0:00:00,5,4793.99,10,4314.59,10,Delivered,Wallet
O04805,C0407,P075,2023-04-07 0:00:00,3,8917.66,5,8471.78,7,Cancelled,COD
O04806,C0129,P062,2025-10-10 0:00:00,2,6019.63,15,5116.69,9,delivered,Wallet
O04807,C0423,P100,2024-07-04 0:00:00,2,893.62,10,804.26,5,Delivered,Wallet
O04808,C0335,P080,2023-01-01 0:00:00,2,6536.78,20,5229.42,9,Delivered,UPI
O04809,C0466,P024,2023-05-28 0:00:00,2,1050.28,5,997.77,8,Cancelled,Wallet
O04810,C0398,P051,2025-04-30 0:00:00,3,9314.21,15,7917.08,11,Cancelled,COD
O04811,C0113,P045,2024-01-10 0:00:00,4,1129.67,0,1129.67,10,Cancelled,COD
O04812,C0489,P088,2024-01-30 0:00:00,4,3983.36,0,3983.36,2,Delivered,UPI
O04813,C0114,P023,2023-07-05 0:00:00,1,7496.85,0,7496.85,9,DELIVERED,Card
O04814,C0152,P009,2025-02-23 0:00:00,5,9381.52,0,9381.52,8,Cancelled,COD
O04815,C0076,P072,2024-04-26 0:00:00,2,9519.31,20,7615.45,5,Delivered,Wallet
O04816,C0196,P095,2024-05-31 0:00:00,4,1832.8,5,1741.16,5,DELIVERED,Wallet
O04817,C0221,P059,2024-04-30 0:00:00,1,862.3,0,862.3,1,Cancelled,Wallet
O04818,C0063,P070,2023-08-30 0:00:00,5,5550.52,20,4440.42,5,Delivered,UPI
O04819,C0132,P061,2025-12-27 0:00:00,4,2028.94,20,1623.15,11,Delivered,UPI
O04820,C0239,P082,2025-05-27 0:00:00,1,4832.95,10,4349.65,5,DELIVERED,Wallet
O04821,C0454,P029,2024-04-05 0:00:00,3,4818.16,10,4336.34,1,Cancelled,Wallet
O04822,C0043,P003,2026-04-09 0:00:00,3,6515.69,10,5864.12,10,Returned,Wallet
O04823,C0271,P037,2026-01-10 0:00:00,5,8464.61,5,8041.38,8,Cancelled,COD
O04824,C0162,P028,2024-02-01 0:00:00,2,2563.52,0,2563.52,5,DELIVERED,Card
O04825,C0435,P005,2023-01-05 0:00:00,1,3005.51,20,2404.41,8,Delivered,Card
O04826,C0229,P045,2024-02-19 0:00:00,4,9553.13,15,8120.16,5,Returned,Wallet
O04827,C0271,P018,2024-11-30 0:00:00,3,8004.07,0,8004.07,4,Delivered,UPI
O04828,C0104,P007,2024-01-30 0:00:00,4,8610.85,5,8180.31,11,DELIVERED,Wallet
O04829,C0351,P032,2023-03-01 0:00:00,2,1352.45,5,1284.83,4,Returned,UPI
O04830,C0264,P092,2025-05-29 0:00:00,3,5757.2,0,5757.2,12,Delivered,UPI
O04831,C0360,P030,2023-05-04 0:00:00,2,7831.84,20,6265.47,5,Cancelled,COD
O04832,C0228,P014,2025-04-08 0:00:00,4,9264.63,5,8801.4,3,Returned,UPI
O04833,C0447,P059,2025-05-01 0:00:00,1,5864.33,0,5864.33,11,Cancelled,Card
O04834,C0248,P026,2025-07-13 0:00:00,3,1722.61,10,1550.35,7,Delivered,UPI
O04835,C0211,P068,2025-06-06 0:00:00,1,4794,0,4794,9,DELIVERED,Wallet
O04836,C0448,P078,2024-09-28 0:00:00,3,1458.07,15,1239.36,6,Cancelled,Wallet
O04837,C0176,P023,2024-10-12 0:00:00,5,3688.99,15,3135.64,3,Cancelled,Wallet
O04838,C0368,P062,2024-03-28 0:00:00,4,5614.5,20,4491.6,8,Returned,COD
O04839,C0083,P086,2024-05-25 0:00:00,1,4186.28,15,3558.34,12,Cancelled,UPI
O04840,C0365,P083,2023-05-07 0:00:00,1,3017.87,0,3017.87,6,Cancelled,UPI
O04841,C0373,P086,2024-03-31 0:00:00,3,6619.27,0,6619.27,7,delivered,Card
O04842,C0173,P092,2025-05-07 0:00:00,1,6679.75,15,5677.79,3,Delivered,UPI
O04843,C0352,P088,2024-04-15 0:00:00,3,6567.01,20,5253.61,6,delivered,Wallet
O04844,C0418,P075,2023-02-05 0:00:00,3,1370.45,5,1301.93,11,Cancelled,Card
O04845,C0357,P094,2025-04-16 0:00:00,5,7483.55,20,5986.84,12,Cancelled,UPI
O04846,C0483,P011,2025-12-05 0:00:00,2,753.77,20,603.02,6,delivered,COD
O04847,C0165,P056,2025-12-16 0:00:00,2,3104.06,20,2483.25,4,Delivered,Wallet
O04848,C0151,P090,2024-06-17 0:00:00,4,4707.8,5,4472.41,3,Delivered,Wallet
O04849,C0382,P038,2024-05-09 0:00:00,4,4182.58,0,4182.58,8,Delivered,Wallet
O04850,C0103,P018,2025-03-11 0:00:00,4,3217.47,10,2895.72,11,Returned,Card
O04851,C0089,P075,2024-11-18 0:00:00,3,5463.67,0,5463.67,11,Delivered,Wallet
O04852,C0179,P034,2025-12-13 0:00:00,2,5821.43,20,4657.14,5,delivered,Wallet
O04853,C0173,P067,2023-07-16 0:00:00,2,4661.74,5,4428.65,3,delivered,Wallet
O04854,C0132,P014,2025-06-24 0:00:00,4,4236.82,15,3601.3,1,DELIVERED,COD
O04855,C0156,P052,2025-04-01 0:00:00,4,4540.59,5,4313.56,3,Returned,COD
O04856,C0037,P060,2023-08-02 0:00:00,1,4416.12,5,4195.31,6,delivered,COD
O04857,C0233,P004,2024-10-31 0:00:00,2,6475.34,10,5827.81,11,Delivered,UPI
O04858,C0364,P068,2023-03-31 0:00:00,3,8152.98,15,6930.03,6,Cancelled,Wallet
O04859,C0116,P070,2024-05-26 0:00:00,4,3467.83,15,2947.66,2,Delivered,Card
O04860,C0101,P045,2024-08-09 0:00:00,4,4639.22,15,3943.34,4,Returned,Card
O04861,C0275,P016,2025-03-03 0:00:00,2,9241.58,10,8317.42,9,Delivered,Card
O04862,C0359,P046,2024-09-29 0:00:00,3,8165.79,10,7349.21,7,Cancelled,UPI
O04863,C0335,P013,2024-08-22 0:00:00,3,1437.71,20,1150.17,1,Cancelled,Card
O04864,C0260,P084,2024-04-26 0:00:00,5,6588.35,0,6588.35,10,DELIVERED,Wallet
O04865,C0235,P061,2023-05-31 0:00:00,3,3176.44,0,3176.44,3,delivered,Wallet
O04866,C0174,P025,2023-01-10 0:00:00,4,7124.42,10,6411.98,9,Returned,UPI
O04867,C0008,P068,2023-01-05 0:00:00,4,3176.95,15,2700.41,5,delivered,UPI
O04868,C0023,P052,2024-06-19 0:00:00,5,6153.46,5,5845.79,11,Delivered,Wallet
O04869,C0017,P020,2026-03-03 0:00:00,5,7756.52,10,6980.87,5,delivered,Wallet
O04870,C0164,P072,2025-07-16 0:00:00,4,2892.39,5,2747.77,11,delivered,Wallet
O04871,C0164,P054,2024-01-01 0:00:00,1,9323.58,5,8857.4,7,Cancelled,UPI
O04872,C0343,P016,2025-12-12 0:00:00,1,5767.02,10,5190.32,1,Returned,Wallet
O04873,C0476,P025,2025-07-23 0:00:00,1,565.81,5,537.52,3,Returned,Card
O04874,C0083,P093,2023-11-13 0:00:00,5,9734.72,20,7787.78,11,Delivered,Card
O04875,C0033,P098,2025-05-18 0:00:00,1,4815.88,0,4815.88,9,Returned,Card
O04876,C0201,P022,2023-08-20 0:00:00,2,2448.15,20,1958.52,11,DELIVERED,COD
O04877,C0031,P058,2023-01-06 0:00:00,1,3809.77,0,3809.77,9,delivered,Wallet
O04878,C0305,P040,2023-11-13 0:00:00,2,6386.68,5,6067.35,12,Returned,Wallet
O04879,C0361,P050,2024-02-15 0:00:00,2,3655.26,5,3472.5,3,Returned,Wallet
O04880,C0312,P012,2023-04-19 0:00:00,5,5129.61,10,4616.65,6,Returned,Card
O04881,C0259,P045,2025-07-21 0:00:00,2,9431.39,10,8488.25,9,delivered,Wallet
O04882,C0050,P056,2023-06-17 0:00:00,2,2994.17,5,2844.46,10,Returned,UPI
O04883,C0010,P090,2023-11-03 0:00:00,3,3551.21,20,2840.97,4,Returned,Wallet
O04884,C0405,P087,2024-09-01 0:00:00,1,3082.8,20,2466.24,1,Delivered,Wallet
O04885,C0238,P077,2025-11-06 0:00:00,4,5879.87,5,5585.88,3,Returned,UPI
O04886,C0415,P010,2026-02-25 0:00:00,3,3618.84,10,3256.96,2,Returned,UPI
O04887,C0155,P069,2025-09-17 0:00:00,4,6450.18,20,5160.14,9,DELIVERED,Wallet
O04888,C0216,P024,2026-02-05 0:00:00,3,907.8,0,907.8,3,Returned,Wallet
O04889,C0337,P024,2023-02-13 0:00:00,3,7482.68,0,7482.68,8,Delivered,Wallet
O04890,C0147,P027,2024-10-21 0:00:00,1,3877.18,0,3877.18,8,Cancelled,COD
O04891,C0420,P090,2025-02-04 0:00:00,2,6747.16,20,5397.73,6,Cancelled,Wallet
O04892,C0374,P002,2023-01-03 0:00:00,1,7170.92,20,5736.74,10,Delivered,COD
O04893,C0140,P091,2024-01-19 0:00:00,5,1556.59,5,1478.76,3,DELIVERED,Wallet
O04894,C0177,P015,2026-03-17 0:00:00,3,7954.86,0,7954.86,12,Delivered,Wallet
O04895,C0026,P080,2025-01-06 0:00:00,4,9089.4,10,8180.46,7,Cancelled,Wallet
O04896,C0235,P050,2024-05-12 0:00:00,2,8457.56,20,6766.05,5,Delivered,Wallet
O04897,C0016,P080,2023-07-13 0:00:00,2,3666.36,5,3483.04,10,Delivered,UPI
O04898,C0042,P065,2023-01-30 0:00:00,4,2873.54,15,2442.51,11,DELIVERED,Card
O04899,C0400,P073,2025-09-03 0:00:00,1,6940.59,5,6593.56,6,DELIVERED,Wallet
O04900,C0385,P024,2025-10-23 0:00:00,2,2540.59,15,2159.5,11,Cancelled,Wallet
O04901,C0072,P043,2025-11-08 0:00:00,3,9596.72,10,8637.05,6,Cancelled,Wallet
O04902,C0490,P055,2025-02-26 0:00:00,3,9436.92,20,7549.54,12,DELIVERED,Wallet
O04903,C0243,P015,2024-04-04 0:00:00,4,5488.86,15,4665.53,9,Delivered,UPI
O04904,C0136,P044,2024-05-25 0:00:00,1,2169.65,10,1952.69,11,delivered,COD
O04905,C0326,P081,2025-11-07 0:00:00,4,6406.19,10,5765.57,5,DELIVERED,COD
O04906,C0191,P005,2024-11-04 0:00:00,4,557.5,0,557.5,5,Cancelled,Card
O04907,C0333,P014,2023-05-15 0:00:00,2,5082.63,15,4320.24,6,Returned,UPI
O04908,C0226,P047,2024-12-14 0:00:00,5,4242.06,0,4242.06,11,DELIVERED,Wallet
O04909,C0341,P025,2024-05-19 0:00:00,3,2053.55,20,1642.84,2,delivered,COD
O04910,C0369,P012,2023-06-15 0:00:00,1,6351.99,20,5081.59,8,Returned,UPI
O04911,C0151,P025,2025-02-15 0:00:00,1,7281.37,15,6189.16,8,Delivered,COD
O04912,C0170,P078,2023-11-14 0:00:00,5,6425.34,0,6425.34,9,Cancelled,UPI
O04913,C0241,P033,2024-02-25 0:00:00,3,2621.84,15,2228.56,5,DELIVERED,Wallet
O04914,C0367,P065,2025-05-05 0:00:00,4,7123.8,20,5699.04,4,Delivered,Wallet
O04915,C0197,P040,2024-10-09 0:00:00,1,7155.8,20,5724.64,8,Returned,UPI
O04916,C0325,P041,2023-11-29 0:00:00,5,3282.69,0,3282.69,7,Delivered,Wallet
O04917,C0340,P009,2023-10-02 0:00:00,5,7492.53,0,7492.53,4,Cancelled,UPI
O04918,C0465,P081,2025-12-24 0:00:00,3,3526.27,15,2997.33,3,DELIVERED,COD
O04919,C0192,P073,2023-07-12 0:00:00,5,3989.85,15,3391.37,6,delivered,Wallet
O04920,C0231,P027,2023-08-12 0:00:00,5,1359.44,0,1359.44,4,Returned,Card
O04921,C0121,P098,2024-06-19 0:00:00,3,6024.45,10,5422.01,12,DELIVERED,Wallet
O04922,C0494,P096,2024-01-06 0:00:00,2,2417.3,10,2175.57,1,DELIVERED,COD
O04923,C0092,P090,2025-08-10 0:00:00,3,8448.6,0,8448.6,7,DELIVERED,Card
O04924,C0421,P053,2024-02-16 0:00:00,3,1475.5,10,1327.95,9,delivered,Wallet
O04925,C0463,P005,2023-09-23 0:00:00,1,1961.66,0,1961.66,11,Returned,UPI
O04926,C0199,P030,2024-08-30 0:00:00,1,9641.76,0,9641.76,8,DELIVERED,Card
O04927,C0495,P096,2025-02-07 0:00:00,2,3158.43,15,2684.67,8,delivered,Card
O04928,C0092,P076,2026-01-25 0:00:00,3,4281.75,0,4281.75,11,Cancelled,UPI
O04929,C0449,P012,2024-07-04 0:00:00,2,3642.35,0,3642.35,12,delivered,COD
O04930,C0188,P006,2024-06-23 0:00:00,1,5011.05,5,4760.5,9,DELIVERED,Wallet
O04931,C0421,P093,2024-05-18 0:00:00,3,2109.99,0,2109.99,3,DELIVERED,COD
O04932,C0475,P093,2025-01-07 0:00:00,4,1960.77,5,1862.73,6,delivered,UPI
O04933,C0009,P001,2024-06-29 0:00:00,4,9001.26,0,9001.26,10,DELIVERED,Wallet
O04934,C0101,P035,2023-04-16 0:00:00,5,1784.44,10,1606,3,Returned,Wallet
O04935,C0116,P029,2024-11-15 0:00:00,1,7644.09,15,6497.48,11,DELIVERED,COD
O04936,C0270,P099,2023-11-12 0:00:00,4,2778.68,10,2500.81,2,Returned,COD
O04937,C0297,P072,2023-03-28 0:00:00,2,6318.98,15,5371.13,7,Delivered,COD
O04938,C0465,P068,2023-01-07 0:00:00,3,5139.15,5,4882.19,4,Cancelled,Wallet
O04939,C0148,P002,2024-09-14 0:00:00,2,4357.53,15,3703.9,8,DELIVERED,Wallet
O04940,C0171,P053,2025-03-13 0:00:00,3,749.15,15,636.78,1,DELIVERED,COD
O04941,C0020,P083,2025-03-25 0:00:00,5,6154.91,20,4923.93,12,DELIVERED,Wallet
O04942,C0365,P092,2023-09-30 0:00:00,4,8741.41,15,7430.2,12,delivered,Card
O04943,C0032,P052,2024-05-04 0:00:00,2,3250,0,3250,1,Delivered,Wallet
O04944,C0430,P013,2024-05-19 0:00:00,1,8740.33,15,7429.28,8,Cancelled,Card
O04945,C0076,P007,2023-11-12 0:00:00,3,6121.48,0,6121.48,12,Returned,Wallet
O04946,C0211,P087,2023-09-05 0:00:00,1,1768.98,5,1680.53,9,DELIVERED,UPI
O04947,C0134,P095,2023-11-16 0:00:00,2,6542.15,10,5887.93,3,delivered,COD
O04948,C0029,P002,2023-02-25 0:00:00,2,712.41,5,676.79,12,Delivered,Card
O04949,C0345,P021,2024-06-26 0:00:00,2,4752.11,20,3801.69,11,delivered,COD
O04950,C0478,P030,2024-11-18 0:00:00,1,6586.59,15,5598.6,12,delivered,Card
O04951,C0211,P024,2024-07-28 0:00:00,5,3565.78,15,3030.91,8,Returned,COD
O04952,C0386,P077,2025-07-19 0:00:00,4,7484.9,15,6362.16,9,Cancelled,Wallet
O04953,C0283,P025,2023-01-01 0:00:00,3,2547.54,0,2547.54,1,Cancelled,UPI
O04954,C0193,P008,2023-09-21 0:00:00,5,1010.66,5,960.13,4,Cancelled,Card
O04955,C0084,P054,2023-05-22 0:00:00,1,7352.55,10,6617.3,12,Cancelled,Card
O04956,C0343,P070,2026-03-17 0:00:00,4,2276.68,5,2162.85,10,Cancelled,Wallet
O04957,C0485,P065,2023-11-16 0:00:00,4,2357.08,5,2239.23,4,Delivered,COD
O04958,C0485,P068,2024-04-01 0:00:00,4,2078.68,5,1974.75,3,delivered,Wallet
O04959,C0112,P044,2023-02-27 0:00:00,1,2370.06,10,2133.05,3,Cancelled,Card
O04960,C0471,P006,2023-07-16 0:00:00,4,6975.52,20,5580.42,5,DELIVERED,COD
O04961,C0303,P020,2024-05-30 0:00:00,1,2131.82,10,1918.64,3,DELIVERED,Wallet
O04962,C0291,P029,2026-03-24 0:00:00,4,6915.83,20,5532.66,11,delivered,COD
O04963,C0355,P025,2024-02-07 0:00:00,1,3155.65,5,2997.87,10,Cancelled,COD
O04964,C0420,P094,2024-04-24 0:00:00,1,3847.94,5,3655.54,9,delivered,Wallet
O04965,C0041,P094,2023-02-14 0:00:00,4,5330.41,20,4264.33,10,DELIVERED,Card
O04966,C0186,P074,2024-12-08 0:00:00,1,6003.4,10,5403.06,8,Delivered,Wallet
O04967,C0380,P090,2024-01-27 0:00:00,2,3780.95,15,3213.81,3,Delivered,UPI
O04968,C0286,P056,2024-09-13 0:00:00,4,542.55,15,461.17,2,Returned,COD
O04969,C0386,P045,2023-12-11 0:00:00,4,6972.08,10,6274.87,11,Returned,UPI
O04970,C0446,P047,2023-03-26 0:00:00,3,5703.27,10,5132.94,7,Returned,Wallet
O04971,C0001,P096,2023-12-20 0:00:00,5,1795.6,5,1705.82,11,DELIVERED,Card
O04972,C0408,P015,2023-05-08 0:00:00,3,8127.06,10,7314.35,2,DELIVERED,COD
O04973,C0217,P085,2025-04-15 0:00:00,4,2190.42,10,1971.38,3,Cancelled,Wallet
O04974,C0379,P041,2026-03-10 0:00:00,5,748.62,20,598.9,1,Cancelled,COD
O04975,C0088,P037,2024-10-27 0:00:00,4,836.32,5,794.5,5,delivered,Card
O04976,C0116,P018,2025-04-15 0:00:00,1,4586.67,10,4128,12,Delivered,COD
O04977,C0245,P010,2024-12-08 0:00:00,2,3334.53,0,3334.53,4,delivered,COD
O04978,C0347,P053,2025-12-28 0:00:00,2,8051.37,0,8051.37,6,delivered,UPI
O04979,C0383,P024,2023-12-01 0:00:00,5,9180,10,8262,2,DELIVERED,Card
O04980,C0238,P008,2025-06-09 0:00:00,4,3118.53,15,2650.75,9,Cancelled,Wallet
O04981,C0019,P060,2023-03-03 0:00:00,3,3177.2,20,2541.76,4,Cancelled,Wallet
O04982,C0070,P038,2024-08-16 0:00:00,1,7478.14,0,7478.14,2,Returned,UPI
O04983,C0058,P095,2025-11-08 0:00:00,3,4221.42,10,3799.28,2,Cancelled,COD
O04984,C0036,P007,2023-05-07 0:00:00,5,6702.66,0,6702.66,10,Cancelled,Card
O04985,C0016,P037,2026-03-10 0:00:00,2,7033.28,10,6329.95,3,Returned,Card
O04986,C0044,P017,2023-05-31 0:00:00,1,7272.94,15,6182,5,Delivered,Wallet
O04987,C0039,P004,2024-12-13 0:00:00,1,6876.83,10,6189.15,4,DELIVERED,UPI
O04988,C0163,P005,2025-03-03 0:00:00,2,1337.56,20,1070.05,9,Cancelled,UPI
O04989,C0060,P034,2025-12-05 0:00:00,4,4726.29,10,4253.66,5,delivered,COD
O04990,C0137,P093,2023-09-27 0:00:00,1,3655.25,0,3655.25,2,Cancelled,Wallet
O04991,C0277,P050,2023-08-24 0:00:00,1,7010.34,0,7010.34,4,Delivered,COD
O04992,C0242,P013,2024-06-08 0:00:00,1,1616.08,15,1373.67,12,delivered,COD
O04993,C0332,P054,2024-10-28 0:00:00,5,2331.68,0,2331.68,2,Delivered,COD
O04994,C0435,P090,2023-03-15 0:00:00,4,2274.36,10,2046.92,2,Cancelled,Card
O04995,C0075,P042,2023-03-07 0:00:00,4,9018.54,5,8567.61,8,Returned,COD
O04996,C0281,P067,2025-06-13 0:00:00,3,8230,5,7818.5,1,Delivered,Wallet
O04997,C0417,P031,2025-04-14 0:00:00,4,6905.41,5,6560.14,4,Delivered,UPI
O04998,C0295,P031,2023-06-02 0:00:00,1,9266.18,20,7412.94,10,Returned,UPI
O04999,C0350,P065,2023-08-23 0:00:00,3,7839.63,0,7839.63,10,delivered,Wallet
O05000,C0070,P085,2024-01-14 0:00:00,4,9444.18,0,9444.18,10,Returned,Wallet
O05001,C0364,P076,2024-06-10 0:00:00,4,8647.39,10,7782.65,6,Returned,Card
O05002,C0421,P006,2023-11-01 0:00:00,3,3014.54,5,2863.81,6,Cancelled,Wallet
O05003,C0222,P081,2025-03-17 0:00:00,3,6625.37,15,5631.56,12,Cancelled,COD
O05004,C0488,P099,2023-12-17 0:00:00,5,1094.24,0,1094.24,2,Returned,Card
O05005,C0219,P064,2025-08-22 0:00:00,4,1909.93,10,1718.94,12,Cancelled,Wallet
O05006,C0035,P002,2025-10-07 0:00:00,5,2719.01,15,2311.16,9,Delivered,Wallet
O05007,C0325,P046,2023-06-20 0:00:00,2,2888.72,0,2888.72,4,delivered,Card
O05008,C0288,P024,2024-05-24 0:00:00,1,9936.97,15,8446.42,1,Cancelled,Wallet
O05009,C0043,P058,2023-11-06 0:00:00,1,8371.97,15,7116.17,1,Returned,COD
O05010,C0030,P088,2026-02-25 0:00:00,1,6952.49,15,5909.62,7,Cancelled,Wallet
O05011,C0284,P035,2023-01-04 0:00:00,4,7870.91,0,7870.91,1,delivered,Wallet
O05012,C0485,P062,2025-03-11 0:00:00,1,7551.7,5,7174.11,11,Cancelled,Card
O05013,C0112,P075,2024-12-10 0:00:00,4,696.07,20,556.86,4,Delivered,Wallet
O05014,C0175,P046,2023-02-10 0:00:00,4,7170.99,15,6095.34,12,Returned,UPI
O05015,C0281,P028,2023-03-30 0:00:00,1,3727.71,0,3727.71,1,Cancelled,Wallet
O05016,C0180,P048,2025-06-01 0:00:00,2,3926.72,20,3141.38,1,DELIVERED,COD
O05017,C0134,P028,2025-05-05 0:00:00,1,6057.87,10,5452.08,3,Delivered,Wallet
O05018,C0313,P006,2025-06-20 0:00:00,1,4032.12,5,3830.51,10,Cancelled,UPI
O05019,C0313,P069,2024-03-07 0:00:00,5,1617.68,20,1294.14,5,Cancelled,Wallet
O05020,C0231,P057,2024-07-25 0:00:00,5,3003.51,0,3003.51,2,Returned,UPI
O05021,C0012,P089,2023-03-25 0:00:00,1,7784.83,15,6617.11,6,DELIVERED,Card
O05022,C0171,P058,2024-12-26 0:00:00,4,3720.41,5,3534.39,2,delivered,Card
O05023,C0202,P005,2024-02-10 0:00:00,5,3561.3,20,2849.04,9,Returned,UPI
O05024,C0436,P047,2025-03-21 0:00:00,2,4532.75,10,4079.47,8,Cancelled,COD
O05025,C0128,P034,2025-10-08 0:00:00,2,7834.21,10,7050.79,6,DELIVERED,Card
O05026,C0088,P008,2025-07-27 0:00:00,5,9373.79,15,7967.72,-1,Returned,UPI
O05027,C0060,P001,2024-05-25 0:00:00,1,2471.14,20,1976.91,1,delivered,UPI
O05028,C0417,P099,2025-04-09 0:00:00,5,1946.15,5,1848.84,2,Delivered,Wallet
O05029,C0267,P069,2024-12-25 0:00:00,5,733.58,15,623.54,12,Delivered,Wallet
O05030,C0134,P040,2024-06-28 0:00:00,4,1301.49,0,1301.49,7,Returned,UPI
O05031,C0362,P052,2023-06-03 0:00:00,3,2622.16,20,2097.73,11,Cancelled,Card
O05032,C0068,P056,2023-08-03 0:00:00,2,7049.9,15,5992.41,8,Delivered,COD
O05033,C0010,P096,2024-01-04 0:00:00,3,7914.96,0,7914.96,7,Returned,COD
O05034,C0363,P068,2024-10-11 0:00:00,4,3879.16,10,3491.24,2,Cancelled,Wallet
O05035,C0295,P028,2024-01-29 0:00:00,5,8178.86,10,7360.97,10,Returned,Wallet
O05036,C0022,P023,2024-04-22 0:00:00,3,3846.63,20,3077.3,9,Returned,COD
O05037,C0156,P033,2024-04-03 0:00:00,5,4688.5,0,4688.5,5,delivered,Wallet
O05038,C0263,P043,2025-06-16 0:00:00,2,4088.55,0,4088.55,1,DELIVERED,Card
O05039,C0054,P068,2024-03-22 0:00:00,4,6227.08,15,5293.02,4,DELIVERED,Card
O05040,C0085,P083,2025-09-24 0:00:00,5,652.36,5,619.74,10,Returned,COD
O05041,C0041,P041,2023-05-23 0:00:00,2,8546.02,10,7691.42,11,delivered,UPI
O05042,C0210,P006,2023-07-01 0:00:00,4,5173.42,0,5173.42,10,Delivered,Wallet
O05043,C0258,P087,2023-11-24 0:00:00,4,8800.19,20,7040.15,8,DELIVERED,Card
O05044,C0112,P072,2024-11-06 0:00:00,3,8551.55,10,7696.39,10,DELIVERED,UPI
O05045,C0452,P074,2026-02-01 0:00:00,3,7358.04,10,6622.24,4,Cancelled,Card
O05046,C0486,P050,2023-02-16 0:00:00,5,8894.01,5,8449.31,7,Returned,UPI
O05047,C0071,P078,2025-04-08 0:00:00,3,3295.03,20,2636.02,1,DELIVERED,Card
O05048,C0340,P026,2023-02-15 0:00:00,2,7029.65,5,6678.17,6,Cancelled,UPI
O05049,C0362,P068,2025-10-13 0:00:00,4,8974.28,0,8974.28,5,Returned,Wallet
O05050,C0411,P029,2024-05-03 0:00:00,1,1219.18,0,1219.18,11,DELIVERED,COD
O05051,C0381,P033,2024-12-11 0:00:00,1,2203.81,20,1763.05,11,DELIVERED,UPI
O05052,C0156,P084,2025-10-03 0:00:00,5,2482.99,15,2110.54,2,DELIVERED,Card
O05053,C0024,P026,2024-12-29 0:00:00,3,724.53,10,652.08,3,Delivered,UPI
O05054,C0172,P001,2023-03-12 0:00:00,4,5329.44,15,4530.02,6,DELIVERED,Card
O05055,C0113,P051,2025-07-15 0:00:00,3,5099.54,15,4334.61,11,delivered,Card
O05056,C0144,P011,2024-12-30 0:00:00,4,1145.64,5,1088.36,8,Delivered,Wallet
O05057,C0033,P083,2024-07-17 0:00:00,2,1923.4,10,1731.06,12,Returned,Card
O05058,C0039,P057,2025-12-16 0:00:00,3,6699.54,15,5694.61,6,delivered,Wallet
O05059,C0035,P034,2025-03-11 0:00:00,3,7573.51,15,6437.48,7,Delivered,UPI
O05060,C0014,P093,2023-05-04 0:00:00,4,6862.14,0,6862.14,5,Delivered,Wallet
O05061,C0169,P077,2025-05-23 0:00:00,2,3610.34,20,2888.27,11,delivered,Wallet
O05062,C0196,P043,2024-06-17 0:00:00,5,2869.36,20,2295.49,8,Delivered,Card
O05063,C0177,P015,2024-01-31 0:00:00,2,3327.78,15,2828.61,5,Cancelled,COD
O05064,C0215,P046,2025-06-02 0:00:00,1,7905.78,20,6324.62,3,DELIVERED,Card
O05065,C0092,P059,2025-01-27 0:00:00,5,2616.14,15,2223.72,7,DELIVERED,COD
O05066,C0388,P074,2024-05-20 0:00:00,3,631.82,10,568.64,9,Returned,Wallet
O05067,C0153,P081,2023-12-14 0:00:00,3,6391.66,10,5752.49,11,delivered,UPI
O05068,C0254,P051,2025-01-03 0:00:00,5,2989.04,0,2989.04,5,Returned,Card
O05069,C0374,P084,2025-08-17 0:00:00,5,6784.9,0,6784.9,9,Cancelled,Wallet
O05070,C0262,P070,2024-11-09 0:00:00,2,8430.8,0,8430.8,4,delivered,Wallet
O05071,C0120,P035,2024-06-29 0:00:00,4,1096.39,10,986.75,9,delivered,UPI
O05072,C0461,P092,2024-05-06 0:00:00,2,8318.21,20,6654.57,8,Returned,COD
O05073,C0080,P079,2024-06-15 0:00:00,3,3068.01,5,2914.61,1,Returned,UPI
O05074,C0371,P081,2026-02-16 0:00:00,3,7139.36,20,5711.49,12,Returned,UPI
O05075,C0481,P085,2023-12-23 0:00:00,5,7265.66,15,6175.81,5,Cancelled,Card
O05076,C0229,P071,2025-07-23 0:00:00,3,4672.36,15,3971.51,6,delivered,Wallet
O05077,C0081,P009,2025-09-28 0:00:00,5,1308.23,15,1112,7,delivered,Wallet
O05078,C0254,P026,2023-05-10 0:00:00,4,8525.07,5,8098.82,12,DELIVERED,UPI
O05079,C0204,P055,2025-04-30 0:00:00,2,9105.14,20,7284.11,2,Delivered,Wallet
O05080,C0268,P093,2026-03-28 0:00:00,2,3451.79,15,2934.02,9,Cancelled,Wallet
O05081,C0160,P060,2026-03-12 0:00:00,4,2136.78,0,2136.78,3,delivered,Card
O05082,C0352,P059,2023-07-29 0:00:00,3,5193.33,20,4154.66,1,Cancelled,Wallet
O05083,C0236,P079,2023-10-16 0:00:00,1,6559.72,20,5247.78,6,DELIVERED,Wallet
O05084,C0078,P077,2025-10-26 0:00:00,5,4020.72,5,3819.68,6,Delivered,UPI
O05085,C0123,P033,2024-11-29 0:00:00,5,2296.53,0,2296.53,8,DELIVERED,Card
O05086,C0449,P041,2025-11-26 0:00:00,3,5044.16,0,5044.16,6,delivered,Card
O05087,C0048,P078,2023-01-04 0:00:00,1,5795.03,20,4636.02,8,Cancelled,UPI
O05088,C0102,P015,2024-03-05 0:00:00,4,4834,15,4108.9,10,Delivered,Wallet
O05089,C0456,P038,2023-11-27 0:00:00,3,3470.78,20,2776.62,7,DELIVERED,COD
O05090,C0471,P095,2023-12-25 0:00:00,1,8624.87,10,7762.38,12,Delivered,UPI
O05091,C0168,P099,2023-05-22 0:00:00,1,2024.71,10,1822.24,8,DELIVERED,Wallet
O05092,C0242,P006,2024-04-21 0:00:00,5,6850.99,10,6165.89,8,Delivered,Wallet
O05093,C0190,P071,2024-02-06 0:00:00,1,3923.57,20,3138.86,3,delivered,UPI
O05094,C0199,P025,2025-03-22 0:00:00,1,9040.22,5,8588.21,6,Cancelled,Wallet
O05095,C0121,P054,2024-09-07 0:00:00,5,5398.36,5,5128.44,7,DELIVERED,COD
O05096,C0477,P025,2023-09-28 0:00:00,5,5323.71,0,5323.71,7,Cancelled,Wallet
O05097,C0402,P003,2024-07-16 0:00:00,2,5863.1,0,5863.1,12,delivered,Wallet
O05098,C0046,P079,2023-12-25 0:00:00,3,1894.8,20,1515.84,2,DELIVERED,Wallet
O05099,C0340,P062,2026-01-13 0:00:00,3,9591.58,10,8632.42,10,delivered,UPI
O05100,C0448,P016,2023-07-13 0:00:00,5,6000.75,5,5700.71,3,delivered,UPI
O05101,C0301,P097,2023-03-25 0:00:00,2,5360.21,20,4288.17,4,Delivered,COD
O05102,C0251,P055,2023-06-11 0:00:00,1,7919.55,10,7127.6,5,Cancelled,Wallet
O05103,C0020,P040,2023-03-05 0:00:00,1,7369.53,15,6264.1,4,Delivered,COD
O05104,C0394,P026,2023-08-31 0:00:00,3,8766.63,20,7013.3,12,DELIVERED,Card
O05105,C0096,P014,2023-08-09 0:00:00,2,4454.73,10,4009.26,4,Delivered,COD
O05106,C0332,P080,2023-09-24 0:00:00,3,5956.01,20,4764.81,11,Returned,UPI
O05107,C0410,P085,2023-04-07 0:00:00,4,6154.73,0,6154.73,10,Returned,UPI
O05108,C0163,P090,2026-03-11 0:00:00,2,4103.12,0,4103.12,7,delivered,UPI
O05109,C0403,P051,2023-02-21 0:00:00,3,9793.57,10,8814.21,4,Returned,UPI
O05110,C0175,P085,2024-03-19 0:00:00,1,4495.18,20,3596.14,2,Cancelled,UPI
O05111,C0324,P026,2024-06-30 0:00:00,5,4157.51,5,3949.63,6,Returned,Wallet
O05112,C0018,P015,2025-01-31 0:00:00,2,1697.94,0,1697.94,7,delivered,COD
O05113,C0407,P099,2024-12-05 0:00:00,2,8138.9,0,8138.9,3,Cancelled,Card
O05114,C0332,P089,2026-01-09 0:00:00,3,6933.01,20,5546.41,9,Delivered,COD
O05115,C0453,P090,2024-11-07 0:00:00,5,5206.83,10,4686.15,9,DELIVERED,COD
O05116,C0368,P037,2023-03-06 0:00:00,1,6989.97,20,5591.98,3,DELIVERED,Wallet
O05117,C0291,P013,2023-01-04 0:00:00,3,1447.55,20,1158.04,4,delivered,Wallet
O05118,C0255,P057,2023-02-24 0:00:00,5,1199.14,15,1019.27,7,Returned,COD
O05119,C0347,P065,2025-02-14 0:00:00,2,1188.8,20,951.04,6,Returned,UPI
O05120,C0303,P002,2023-03-08 0:00:00,3,7102.88,5,6747.74,3,Returned,Wallet
O05121,C0425,P082,2024-10-26 0:00:00,5,9877.36,10,8889.62,9,Cancelled,Wallet
O05122,C0013,P028,2025-07-15 0:00:00,2,6283.02,20,5026.42,8,Cancelled,Card
O05123,C0210,P073,2024-09-18 0:00:00,1,1957.34,10,1761.61,9,Returned,COD
O05124,C0486,P071,2023-06-09 0:00:00,2,7073.1,15,6012.14,8,delivered,COD
O05125,C0474,P036,2023-01-30 0:00:00,1,7366.66,10,6629.99,2,DELIVERED,UPI
O05126,C0198,P010,2025-10-09 0:00:00,1,5758.75,5,5470.81,12,Delivered,UPI
O05127,C0373,P085,2023-08-12 0:00:00,1,9699.24,20,7759.39,5,delivered,Card
O05128,C0299,P037,2024-10-28 0:00:00,3,5310.2,0,5310.2,9,delivered,COD
O05129,C0432,P047,2025-06-02 0:00:00,3,8898.82,20,7119.06,6,Delivered,COD
O05130,C0391,P089,2026-03-01 0:00:00,3,1460.72,5,1387.68,12,Returned,Wallet
O05131,C0067,P016,2024-11-13 0:00:00,1,1095.29,0,1095.29,11,delivered,Wallet
O05132,C0454,P040,2025-11-20 0:00:00,3,1524.78,15,1296.06,2,delivered,Card
O05133,C0176,P097,2023-10-05 0:00:00,3,7626.28,0,7626.28,12,Cancelled,UPI
O05134,C0153,P067,2023-06-30 0:00:00,2,1672.77,15,1421.85,10,Delivered,UPI
O05135,C0012,P016,2025-05-09 0:00:00,1,1110.67,5,1055.14,12,Cancelled,Wallet
O05136,C0334,P060,2024-05-18 0:00:00,4,3703.97,10,3333.57,7,delivered,Card
O05137,C0051,P038,2024-05-08 0:00:00,5,7406.31,5,7035.99,5,DELIVERED,COD
O05138,C0384,P063,2024-06-24 0:00:00,4,8963.82,5,8515.63,1,Returned,UPI
O05139,C0293,P100,2023-01-28 0:00:00,3,9823.34,20,7858.67,12,DELIVERED,Wallet
O05140,C0036,P056,2026-01-17 0:00:00,3,570.38,10,513.34,11,delivered,Wallet
O05141,C0014,P090,2025-10-24 0:00:00,2,3647.91,15,3100.72,2,Cancelled,Card
O05142,C0299,P011,2024-12-17 0:00:00,4,3223.52,0,3223.52,6,Cancelled,Wallet
O05143,C0047,P071,2024-09-30 0:00:00,5,7603.28,0,7603.28,6,Returned,COD
O05144,C0163,P018,2023-10-10 0:00:00,3,2090.93,15,1777.29,11,Delivered,Wallet
O05145,C0246,P083,2023-12-18 0:00:00,2,1718.04,10,1546.24,9,Returned,Wallet
O05146,C0039,P083,2025-07-28 0:00:00,1,6799.97,0,6799.97,10,delivered,Wallet
O05147,C0017,P040,2024-11-18 0:00:00,3,7861.86,5,7468.77,3,Cancelled,Wallet
O05148,C0491,P098,2025-02-16 0:00:00,1,9881.61,5,9387.53,6,delivered,COD
O05149,C0436,P009,2024-03-25 0:00:00,2,1075.29,0,1075.29,5,Delivered,UPI
O05150,C0427,P040,2024-01-14 0:00:00,1,1574.65,0,1574.65,5,Delivered,COD
O05151,C0015,P048,2024-11-18 0:00:00,2,4917.24,15,4179.65,11,Returned,Card
O05152,C0065,P055,2023-04-19 0:00:00,2,8969.86,15,7624.38,11,DELIVERED,Wallet
O05153,C0495,P067,2025-07-10 0:00:00,4,4295.26,15,3650.97,12,delivered,COD
O05154,C0040,P009,2024-03-09 0:00:00,4,6882.63,15,5850.24,5,DELIVERED,UPI
O05155,C0232,P022,2025-07-04 0:00:00,4,7064.44,10,6358,7,Cancelled,Card
O05156,C0227,P015,2023-08-06 0:00:00,2,5865,20,4692,1,Returned,COD
O05157,C0024,P013,2023-05-16 0:00:00,4,3484.69,10,3136.22,3,delivered,Wallet
O05158,C0190,P073,2024-04-02 0:00:00,1,7456.11,5,7083.3,12,delivered,Card
O05159,C0109,P015,2025-04-12 0:00:00,2,7757.6,0,7757.6,4,Delivered,Wallet
O05160,C0158,P087,2024-09-21 0:00:00,4,7517.16,20,6013.73,8,Cancelled,Wallet
O05161,C0414,P092,2026-04-02 0:00:00,4,876.85,0,876.85,9,DELIVERED,UPI
O05162,C0066,P031,2026-04-08 0:00:00,1,1618.19,15,1375.46,8,Delivered,Card
O05163,C0206,P002,2024-01-08 0:00:00,4,1615.61,10,1454.05,9,Cancelled,COD
O05164,C0174,P066,2026-01-06 0:00:00,2,2497.22,5,2372.36,5,DELIVERED,Wallet
O05165,C0237,P083,2026-02-03 0:00:00,5,8581.42,15,7294.21,5,Cancelled,COD
O05166,C0236,P081,2023-05-15 0:00:00,1,5432.02,0,5432.02,12,Delivered,Wallet
O05167,C0080,P094,2025-09-25 0:00:00,5,2952.61,10,2657.35,1,DELIVERED,Wallet
O05168,C0227,P078,2024-02-24 0:00:00,5,2927.14,10,2634.43,4,Cancelled,Wallet
O05169,C0403,P095,2025-07-28 0:00:00,4,9590.4,10,8631.36,7,Delivered,UPI
O05170,C0379,P063,2025-06-21 0:00:00,5,5478.24,15,4656.5,3,delivered,COD
O05171,C0380,P038,2025-02-06 0:00:00,4,4904.68,20,3923.74,9,delivered,Wallet
O05172,C0053,P082,2025-11-23 0:00:00,2,7070.32,5,6716.8,11,Returned,UPI
O05173,C0420,P028,2024-11-17 0:00:00,3,4446.25,10,4001.62,2,DELIVERED,COD
O05174,C0371,P059,2023-05-05 0:00:00,3,6787.82,20,5430.26,1,Cancelled,Wallet
O05175,C0014,P003,2023-05-26 0:00:00,1,8408.03,10,7567.23,4,Cancelled,Card
O05176,C0089,P045,2023-12-26 0:00:00,1,7874.12,10,7086.71,8,Delivered,Card
O05177,C0066,P034,2023-04-18 0:00:00,5,6450.39,10,5805.35,12,DELIVERED,COD
O05178,C0256,P061,2024-08-14 0:00:00,3,7987.13,5,7587.77,2,Returned,COD
O05179,C0389,P096,2024-07-06 0:00:00,4,3546.81,15,3014.79,3,delivered,Wallet
O05180,C0095,P017,2023-04-16 0:00:00,3,1967.31,5,1868.94,1,DELIVERED,UPI
O05181,C0083,P049,2024-11-28 0:00:00,1,4474.69,20,3579.75,8,delivered,UPI
O05182,C0319,P053,2025-07-13 0:00:00,1,7379.71,20,5903.77,1,delivered,Wallet
O05183,C0499,P016,2026-03-19 0:00:00,2,4052.36,0,4052.36,3,DELIVERED,Wallet
O05184,C0001,P055,2024-12-12 0:00:00,5,2353.71,5,2236.02,12,Delivered,Wallet
O05185,C0469,P070,2025-11-30 0:00:00,5,4188.54,0,4188.54,6,DELIVERED,COD
O05186,C0037,P014,2023-02-25 0:00:00,3,1702.76,15,1447.35,5,Delivered,Card
O05187,C0018,P039,2023-04-30 0:00:00,1,5608.8,15,4767.48,12,Cancelled,Card
O05188,C0357,P060,2024-10-07 0:00:00,2,9483.04,0,9483.04,2,Delivered,Wallet
O05189,C0015,P044,2025-12-07 0:00:00,4,4991.38,5,4741.81,7,Cancelled,COD
O05190,C0139,P023,2024-01-03 0:00:00,2,1265.84,10,1139.26,4,Delivered,Wallet
O05191,C0024,P059,2025-07-25 0:00:00,1,9069.79,5,8616.3,11,delivered,Card
O05192,C0446,P043,2025-11-03 0:00:00,2,5832.9,10,5249.61,10,Returned,Card
O05193,C0204,P005,2023-06-18 0:00:00,4,5123.06,10,4610.75,12,Cancelled,Wallet
O05194,C0464,P065,2025-11-22 0:00:00,4,6842.96,20,5474.37,4,Delivered,UPI
O05195,C0089,P088,2026-04-03 0:00:00,1,1105.53,5,1050.25,6,delivered,Card
O05196,C0253,P043,2023-04-01 0:00:00,5,2613.95,5,2483.25,8,DELIVERED,COD
O05197,C0096,P034,2024-07-24 0:00:00,5,8117.94,15,6900.25,11,Returned,Wallet
O05198,C0475,P092,2023-12-13 0:00:00,4,5714.44,15,4857.27,2,Cancelled,UPI
O05199,C0067,P060,2026-04-14 0:00:00,4,7377.64,10,6639.88,5,delivered,Card
O05200,C0344,P049,2023-06-08 0:00:00,5,5922.65,0,5922.65,5,Cancelled,Wallet
O05201,C0495,P079,2025-05-25 0:00:00,1,3462.76,15,2943.35,3,DELIVERED,COD
O05202,C0102,P063,2025-08-10 0:00:00,3,1284.16,0,1284.16,5,Delivered,Card
O05203,C0170,P002,2024-02-26 0:00:00,5,6772.23,15,5756.4,1,DELIVERED,Wallet
O05204,C0204,P086,2024-07-03 0:00:00,2,2757.8,15,2344.13,5,DELIVERED,Wallet
O05205,C0300,P076,2023-03-06 0:00:00,1,3294.01,10,2964.61,2,Cancelled,COD
O05206,C0207,P063,2023-05-26 0:00:00,4,7454.46,5,7081.74,11,Delivered,UPI
O05207,C0365,P022,2025-07-19 0:00:00,4,5332.46,0,5332.46,10,delivered,Wallet
O05208,C0067,P078,2023-10-18 0:00:00,1,4351.5,10,3916.35,3,DELIVERED,Card
O05209,C0495,P050,2023-06-27 0:00:00,5,2943.85,20,2355.08,8,Cancelled,Wallet
O05210,C0442,P047,2025-12-02 0:00:00,3,6956.54,5,6608.71,5,Returned,Card
O05211,C0121,P085,2024-08-01 0:00:00,4,4612.45,15,3920.58,4,Delivered,Wallet
O05212,C0201,P082,2023-08-19 0:00:00,2,7464.25,5,7091.04,4,DELIVERED,Wallet
O05213,C0330,P067,2023-02-18 0:00:00,2,8593.05,15,7304.09,7,Returned,UPI
O05214,C0013,P007,2024-01-17 0:00:00,4,6093.99,15,5179.89,1,delivered,Wallet
O05215,C0417,P003,2024-07-29 0:00:00,3,628.44,5,597.02,11,Cancelled,UPI
O05216,C0232,P012,2024-06-26 0:00:00,5,1976.19,0,1976.19,4,delivered,UPI
O05217,C0256,P073,2024-04-11 0:00:00,2,8142.52,10,7328.27,3,Returned,Card
O05218,C0168,P034,2023-11-20 0:00:00,2,7009.77,20,5607.82,10,Cancelled,Wallet
O05219,C0294,P066,2024-03-14 0:00:00,2,6302.07,5,5986.97,12,delivered,COD
O05220,C0044,P079,2024-12-08 0:00:00,1,6950.94,5,6603.39,9,Returned,Wallet
O05221,C0257,P004,2025-11-02 0:00:00,1,6490.94,15,5517.3,11,Delivered,Wallet
O05222,C0107,P030,2025-03-17 0:00:00,5,5832.42,0,5832.42,10,delivered,Wallet
O05223,C0096,P062,2025-01-06 0:00:00,2,9955.14,10,8959.63,3,Returned,COD
O05224,C0361,P091,2025-09-18 0:00:00,2,4202.23,5,3992.12,12,delivered,Card
O05225,C0075,P041,2023-04-13 0:00:00,2,1468.13,10,1321.32,4,Delivered,Wallet
O05226,C0291,P057,2024-06-03 0:00:00,5,8718.36,5,8282.44,3,DELIVERED,UPI
O05227,C0400,P009,2025-05-14 0:00:00,1,7193.9,15,6114.81,12,Delivered,Wallet
O05228,C0450,P014,2024-04-05 0:00:00,4,2148.16,10,1933.34,6,delivered,Wallet
O05229,C0424,P060,2024-10-24 0:00:00,4,4547.91,0,4547.91,6,delivered,Wallet
O05230,C0034,P088,2023-07-11 0:00:00,4,4253.6,10,3828.24,8,Returned,UPI
O05231,C0080,P025,2026-03-20 0:00:00,2,9169.39,5,8710.92,8,Delivered,Wallet
O05232,C0441,P007,2025-04-21 0:00:00,1,5604.71,15,4764,6,delivered,Wallet
O05233,C0497,P049,2025-07-27 0:00:00,5,7103.07,20,5682.46,2,Cancelled,COD
O05234,C0195,P053,2026-04-13 0:00:00,3,6390.49,20,5112.39,10,Cancelled,Wallet
O05235,C0157,P074,2026-03-20 0:00:00,1,7536.08,5,7159.28,5,DELIVERED,UPI
O05236,C0455,P088,2024-05-30 0:00:00,3,2727.72,0,2727.72,4,delivered,COD
O05237,C0062,P064,2025-08-16 0:00:00,5,1484.08,15,1261.47,4,Cancelled,COD
O05238,C0349,P039,2023-09-26 0:00:00,3,1905.19,5,1809.93,3,Delivered,Wallet
O05239,C0448,P088,2026-03-26 0:00:00,4,2322.09,20,1857.67,12,Delivered,Card
O05240,C0017,P085,2023-12-28 0:00:00,3,4715.69,0,4715.69,2,Returned,COD
O05241,C0377,P027,2024-04-26 0:00:00,5,2745.9,20,2196.72,9,delivered,Wallet
O05242,C0045,P028,2024-10-12 0:00:00,1,731.76,10,658.58,6,Cancelled,Card
O05243,C0310,P087,2023-05-13 0:00:00,3,9964.15,0,9964.15,2,Cancelled,Card
O05244,C0360,P046,2024-06-17 0:00:00,2,7717.15,10,6945.43,2,delivered,Card
O05245,C0249,P053,2026-01-20 0:00:00,5,9477.63,5,9003.75,2,Returned,Card
O05246,C0304,P093,2024-06-05 0:00:00,2,809.75,20,647.8,11,DELIVERED,Wallet
O05247,C0236,P016,2026-02-14 0:00:00,1,2150.38,20,1720.3,6,Cancelled,Wallet
O05248,C0381,P023,2025-01-26 0:00:00,1,7687.01,20,6149.61,7,DELIVERED,Wallet
O05249,C0215,P044,2023-07-24 0:00:00,5,2357,10,2121.3,12,delivered,Card
O05250,C0239,P089,2024-08-18 0:00:00,5,9680.33,0,9680.33,7,Cancelled,UPI
O05251,C0116,P058,2023-02-10 0:00:00,4,1454.44,0,1454.44,4,Cancelled,Card
O05252,C0248,P001,2025-05-05 0:00:00,4,4961.39,5,4713.32,5,Returned,COD
O05253,C0418,P099,2024-09-11 0:00:00,2,8143.58,5,7736.4,9,Delivered,Wallet
O05254,C0229,P019,2023-04-18 0:00:00,5,7811.33,5,7420.76,7,DELIVERED,UPI
O05255,C0388,P014,2025-02-11 0:00:00,5,4585.31,20,3668.25,10,Cancelled,Wallet
O05256,C0252,P034,2023-01-30 0:00:00,4,3478.46,20,2782.77,5,Delivered,Wallet
O05257,C0232,P043,2024-10-30 0:00:00,2,6562.78,10,5906.5,2,Delivered,COD
O05258,C0120,P070,2024-07-10 0:00:00,4,8460.31,15,7191.26,12,Delivered,Card
O05259,C0173,P037,2024-12-08 0:00:00,5,8793.94,5,8354.24,8,Cancelled,Wallet
O05260,C0067,P046,2023-05-07 0:00:00,5,6506.43,20,5205.14,5,Returned,COD
O05261,C0331,P042,2023-11-25 0:00:00,4,2367.9,0,2367.9,6,Returned,Wallet
O05262,C0219,P063,2025-11-14 0:00:00,2,2303.38,5,2188.21,10,delivered,COD
O05263,C0187,P080,2026-03-31 0:00:00,2,9368.03,20,7494.42,11,Delivered,Wallet
O05264,C0186,P066,2025-03-13 0:00:00,4,8879.4,15,7547.49,9,Returned,Card
O05265,C0209,P026,2025-05-12 0:00:00,2,3673.99,10,3306.59,12,Cancelled,Card
O05266,C0495,P056,2025-01-29 0:00:00,5,5224.58,0,5224.58,2,delivered,COD
O05267,C0138,P048,2023-04-08 0:00:00,5,7695.14,10,6925.63,10,Cancelled,Wallet
O05268,C0311,P034,2026-01-07 0:00:00,5,6345.69,20,5076.55,3,Cancelled,Card
O05269,C0171,P042,2024-07-20 0:00:00,1,6264.03,15,5324.43,9,Delivered,Wallet
O05270,C0044,P040,2026-03-05 0:00:00,5,2441.57,20,1953.26,4,Delivered,COD
O05271,C0448,P005,2026-04-02 0:00:00,2,9151.41,10,8236.27,12,Cancelled,Wallet
O05272,C0254,P034,2023-03-09 0:00:00,4,1896.81,5,1801.97,6,DELIVERED,UPI
O05273,C0476,P003,2024-02-16 0:00:00,3,2009.4,15,1707.99,8,DELIVERED,COD
O05274,C0405,P085,2025-06-23 0:00:00,4,4594.56,5,4364.83,8,Returned,Wallet
O05275,C0361,P084,2024-12-25 0:00:00,4,3544.48,0,3544.48,7,Delivered,Wallet
O05276,C0144,P053,2023-07-30 0:00:00,3,719.58,5,683.6,4,DELIVERED,UPI
O05277,C0079,P073,2023-11-07 0:00:00,3,1624.26,0,1624.26,9,delivered,UPI
O05278,C0108,P080,2023-02-28 0:00:00,5,1863.61,10,1677.25,12,Delivered,Card
O05279,C0048,P039,2025-06-22 0:00:00,5,7038.43,0,7038.43,12,DELIVERED,Wallet
O05280,C0165,P017,2024-05-07 0:00:00,2,6360.56,0,6360.56,6,Cancelled,Wallet
O05281,C0177,P062,2024-08-22 0:00:00,2,7095.14,0,7095.14,8,DELIVERED,Wallet
O05282,C0101,P027,2024-05-18 0:00:00,5,3190.38,5,3030.86,4,Returned,Wallet
O05283,C0471,P006,2024-02-29 0:00:00,3,8901,15,7565.85,10,DELIVERED,Wallet
O05284,C0107,P006,2023-08-29 0:00:00,2,8023.84,20,6419.07,2,Cancelled,UPI
O05285,C0135,P075,2023-03-26 0:00:00,4,6787.34,10,6108.61,12,delivered,COD
O05286,C0495,P063,2025-09-18 0:00:00,5,2809.32,10,2528.39,2,delivered,Card
O05287,C0323,P006,2025-07-18 0:00:00,3,7323.79,5,6957.6,12,Delivered,Wallet
O05288,C0082,P012,2025-02-23 0:00:00,2,8403.69,0,8403.69,9,Delivered,Wallet
O05289,C0237,P082,2025-12-03 0:00:00,2,5905.28,5,5610.02,7,Delivered,UPI
O05290,C0471,P070,2026-02-14 0:00:00,1,5668.26,0,5668.26,4,delivered,Wallet
O05291,C0409,P086,2024-12-29 0:00:00,5,6959.28,0,6959.28,3,Cancelled,Wallet
O05292,C0338,P009,2023-05-23 0:00:00,3,2777.82,10,2500.04,5,Returned,Card
O05293,C0201,P032,2026-03-04 0:00:00,3,3273.82,15,2782.75,9,Cancelled,Card
O05294,C0135,P080,2023-10-22 0:00:00,3,8168.9,5,7760.45,12,Delivered,Card
O05295,C0165,P002,2023-04-01 0:00:00,1,5011.4,10,4510.26,5,Returned,UPI
O05296,C0267,P049,2024-05-09 0:00:00,2,6409.95,10,5768.95,3,Returned,COD
O05297,C0247,P029,2024-03-26 0:00:00,2,5975.02,0,5975.02,12,delivered,Wallet
O05298,C0277,P086,2023-04-18 0:00:00,2,4724.12,10,4251.71,5,delivered,COD
O05299,C0088,P031,2026-02-15 0:00:00,5,4197.43,20,3357.94,12,DELIVERED,Wallet
O05300,C0349,P015,2025-01-15 0:00:00,3,7383.26,5,7014.1,1,DELIVERED,COD
O05301,C0003,P058,2024-07-09 0:00:00,3,5730.4,10,5157.36,3,Delivered,COD
O05302,C0008,P025,2023-10-03 0:00:00,1,8086.11,20,6468.89,8,delivered,UPI
O05303,C0177,P100,2024-05-29 0:00:00,4,4834.5,20,3867.6,3,Returned,Wallet
O05304,C0091,P001,2024-07-15 0:00:00,2,5954.62,0,5954.62,4,Delivered,UPI
O05305,C0029,P020,2025-07-18 0:00:00,2,6579.09,5,6250.14,2,delivered,Wallet
O05306,C0453,P015,2023-11-15 0:00:00,3,8266.7,15,7026.7,6,Cancelled,Card
O05307,C0219,P099,2024-03-09 0:00:00,4,1030.47,0,1030.47,10,delivered,UPI
O05308,C0224,P069,2023-12-23 0:00:00,2,2004.43,0,2004.43,7,Delivered,Card
O05309,C0110,P039,2025-01-16 0:00:00,4,3213.88,5,3053.19,4,Returned,COD
O05310,C0480,P045,2025-03-25 0:00:00,5,2182.3,20,1745.84,7,delivered,UPI
O05311,C0433,P077,2023-03-09 0:00:00,5,9566.67,20,7653.34,6,Returned,Wallet
O05312,C0187,P027,2025-06-18 0:00:00,3,8810.69,0,8810.69,8,Cancelled,Card
O05313,C0479,P038,2025-11-06 0:00:00,4,7728.02,5,7341.62,7,DELIVERED,Wallet
O05314,C0184,P085,2024-10-24 0:00:00,4,9142.59,15,7771.2,10,Cancelled,Wallet
O05315,C0482,P007,2025-03-22 0:00:00,1,3554.79,20,2843.83,6,Cancelled,Wallet
O05316,C0051,P048,2026-04-14 0:00:00,5,4428.8,10,3985.92,2,Delivered,COD
O05317,C0002,P040,2023-12-06 0:00:00,5,1804.81,10,1624.33,8,Cancelled,COD
O05318,C0435,P094,2026-01-22 0:00:00,4,9595.56,15,8156.23,1,Delivered,COD
O05319,C0200,P029,2025-11-04 0:00:00,4,4368.7,0,4368.7,11,delivered,Wallet
O05320,C0391,P060,2024-11-07 0:00:00,3,800.8,10,720.72,3,Delivered,Card
O05321,C0057,P024,2024-04-04 0:00:00,1,6574.28,5,6245.57,3,Returned,UPI
O05322,C0450,P018,2025-10-05 0:00:00,2,6018.08,10,5416.27,7,Cancelled,Card
O05323,C0262,P060,2024-06-23 0:00:00,3,9585.19,0,9585.19,5,Returned,Wallet
O05324,C0486,P043,2024-07-18 0:00:00,1,3493.59,0,3493.59,10,DELIVERED,Wallet
O05325,C0444,P030,2024-11-09 0:00:00,5,2783.79,20,2227.03,11,Returned,COD
O05326,C0222,P076,2024-12-12 0:00:00,5,6286.5,20,5029.2,2,delivered,COD
O05327,C0243,P084,2024-10-20 0:00:00,5,7266.92,5,6903.57,12,Delivered,Card
O05328,C0255,P086,2024-09-10 0:00:00,1,5927.75,0,5927.75,2,Returned,Wallet
O05329,C0217,P031,2024-03-05 0:00:00,2,7778.39,0,7778.39,10,Cancelled,UPI
O05330,C0162,P086,2023-01-06 0:00:00,5,5656.45,0,5656.45,1,DELIVERED,COD
O05331,C0461,P084,2024-07-05 0:00:00,5,7643.21,0,7643.21,8,Delivered,UPI
O05332,C0135,P087,2024-08-18 0:00:00,3,6361.57,10,5725.41,4,DELIVERED,Wallet
O05333,C0009,P087,2025-11-08 0:00:00,3,2096.28,0,2096.28,3,DELIVERED,UPI
O05334,C0019,P060,2026-01-25 0:00:00,5,2276.19,15,1934.76,10,Cancelled,Card
O05335,C0455,P016,2023-04-09 0:00:00,3,3625.03,10,3262.53,6,Returned,Card
O05336,C0429,P057,2026-04-01 0:00:00,4,4011.87,15,3410.09,1,Cancelled,UPI
O05337,C0109,P098,2025-01-17 0:00:00,4,1380.42,15,1173.36,2,Delivered,Card
O05338,C0161,P100,2025-01-07 0:00:00,5,2994.27,20,2395.42,10,Returned,COD
O05339,C0355,P053,2026-04-09 0:00:00,5,9709.31,15,8252.91,1,Returned,Card
O05340,C0289,P087,2024-05-30 0:00:00,2,4450.65,0,4450.65,7,Returned,UPI
O05341,C0218,P016,2023-02-09 0:00:00,4,8920.97,20,7136.78,8,Delivered,Card
O05342,C0473,P080,2024-06-14 0:00:00,2,3864.12,0,3864.12,1,DELIVERED,Wallet
O05343,C0106,P091,2024-06-18 0:00:00,4,6043.61,10,5439.25,8,Returned,COD
O05344,C0184,P073,2025-11-14 0:00:00,2,5843.46,15,4966.94,8,DELIVERED,Wallet
O05345,C0271,P064,2023-01-06 0:00:00,1,2806.05,20,2244.84,12,Delivered,Wallet
O05346,C0120,P061,2024-10-29 0:00:00,5,1341.39,0,1341.39,4,delivered,Card
O05347,C0323,P057,2023-01-26 0:00:00,2,1390.74,5,1321.2,2,Cancelled,UPI
O05348,C0123,P032,2025-11-10 0:00:00,2,5151.88,15,4379.1,7,Cancelled,Wallet
O05349,C0089,P095,2023-04-14 0:00:00,1,8495.96,0,8495.96,3,Returned,Card
O05350,C0338,P092,2024-05-04 0:00:00,2,8852.3,10,7967.07,5,DELIVERED,UPI
O05351,C0301,P046,2025-09-01 0:00:00,5,5162.68,20,4130.14,5,Delivered,UPI
O05352,C0009,P002,2024-01-17 0:00:00,3,9737.7,10,8763.93,10,Returned,COD
O05353,C0064,P070,2024-04-02 0:00:00,2,1764.56,0,1764.56,12,Delivered,Card
O05354,C0115,P008,2024-11-30 0:00:00,4,5175.85,10,4658.27,1,Cancelled,Wallet
O05355,C0126,P045,2025-12-02 0:00:00,2,3654.89,0,3654.89,4,Delivered,Card
O05356,C0450,P043,2023-11-16 0:00:00,4,5257.92,5,4995.02,11,Returned,Wallet
O05357,C0090,P011,2023-07-09 0:00:00,5,4475.33,10,4027.8,7,Cancelled,Wallet
O05358,C0071,P014,2023-09-29 0:00:00,1,6521.79,15,5543.52,9,DELIVERED,UPI
O05359,C0326,P082,2024-11-22 0:00:00,4,8477.81,15,7206.14,12,delivered,Wallet
O05360,C0126,P093,2024-11-12 0:00:00,2,8367.24,5,7948.88,12,Delivered,UPI
O05361,C0278,P089,2026-04-02 0:00:00,1,2778.3,10,2500.47,7,DELIVERED,UPI
O05362,C0147,P066,2026-04-14 0:00:00,5,1759.55,20,1407.64,9,Returned,COD
O05363,C0225,P019,2024-12-21 0:00:00,3,3079.97,20,2463.98,10,DELIVERED,Wallet
O05364,C0403,P040,2023-09-15 0:00:00,2,6757.78,0,6757.78,5,Delivered,Wallet
O05365,C0482,P034,2025-02-25 0:00:00,3,4413.3,20,3530.64,1,DELIVERED,UPI
O05366,C0249,P040,2025-11-24 0:00:00,3,3360.04,10,3024.04,6,Delivered,COD
O05367,C0388,P066,2025-12-29 0:00:00,3,2020.49,5,1919.47,9,Cancelled,COD
O05368,C0118,P004,2024-05-27 0:00:00,4,3521.02,0,3521.02,10,delivered,UPI
O05369,C0481,P077,2023-07-20 0:00:00,4,9320.12,10,8388.11,4,delivered,Wallet
O05370,C0113,P079,2024-03-15 0:00:00,5,6365.81,15,5410.94,9,Cancelled,Wallet
O05371,C0378,P016,2025-01-11 0:00:00,4,9006.85,5,8556.51,8,DELIVERED,Card
O05372,C0367,P027,2025-12-15 0:00:00,2,2945.16,5,2797.9,1,delivered,COD
O05373,C0500,P059,2023-10-27 0:00:00,1,2267.36,15,1927.26,4,Delivered,Wallet
O05374,C0422,P062,2023-04-11 0:00:00,3,9183.01,20,7346.41,4,Delivered,Wallet
O05375,C0286,P085,2026-02-11 0:00:00,2,2031.35,20,1625.08,10,Cancelled,Wallet
O05376,C0272,P044,2025-12-20 0:00:00,2,2648.08,10,2383.27,1,delivered,Wallet
O05377,C0497,P054,2024-04-08 0:00:00,3,3885.59,20,3108.47,3,delivered,UPI
O05378,C0032,P072,2025-12-07 0:00:00,5,6234.37,10,5610.93,12,DELIVERED,Wallet
O05379,C0343,P012,2025-12-16 0:00:00,5,7205.39,20,5764.31,12,Delivered,UPI
O05380,C0419,P091,2026-02-21 0:00:00,5,6393.37,5,6073.7,8,delivered,COD
O05381,C0103,P085,2024-10-15 0:00:00,2,7910.26,0,7910.26,4,DELIVERED,Card
O05382,C0365,P013,2025-06-29 0:00:00,3,2356.93,10,2121.24,8,delivered,UPI
O05383,C0095,P038,2023-10-31 0:00:00,3,979.62,20,783.7,4,DELIVERED,Card
O05384,C0380,P098,2025-07-30 0:00:00,1,8726.11,20,6980.89,11,delivered,UPI
O05385,C0002,P085,2025-11-22 0:00:00,4,2330.8,5,2214.26,4,Cancelled,Card
O05386,C0378,P004,2025-09-22 0:00:00,3,2917.68,20,2334.14,10,Delivered,Card
O05387,C0416,P070,2025-06-03 0:00:00,1,9151.78,5,8694.19,10,Returned,UPI
O05388,C0429,P085,2024-01-02 0:00:00,1,1891.65,0,1891.65,9,Cancelled,Card
O05389,C0226,P050,2026-03-14 0:00:00,3,3263.35,20,2610.68,1,Returned,UPI
O05390,C0479,P100,2026-03-04 0:00:00,3,1861.78,20,1489.42,2,Cancelled,Wallet
O05391,C0438,P008,2023-08-07 0:00:00,5,5974.5,0,5974.5,6,Returned,UPI
O05392,C0239,P057,2025-03-09 0:00:00,1,4038.13,10,3634.32,3,Delivered,UPI
O05393,C0189,P012,2023-02-20 0:00:00,2,2611.58,15,2219.84,8,Delivered,UPI
O05394,C0242,P040,2024-05-04 0:00:00,2,4166.39,15,3541.43,6,Returned,Wallet
O05395,C0382,P089,2026-01-24 0:00:00,2,5712.56,15,4855.68,2,DELIVERED,COD
O05396,C0475,P023,2023-08-08 0:00:00,5,1208.05,15,1026.84,1,delivered,Wallet
O05397,C0498,P018,2024-11-07 0:00:00,1,5591.57,5,5311.99,8,Delivered,UPI
O05398,C0446,P027,2023-06-27 0:00:00,2,6159.66,20,4927.73,12,Delivered,Card
O05399,C0197,P059,2024-08-26 0:00:00,4,1952.41,15,1659.55,1,Returned,Card
O05400,C0145,P051,2024-11-20 0:00:00,3,2020.66,5,1919.63,6,DELIVERED,Wallet
O05401,C0153,P048,2024-12-25 0:00:00,4,2614.12,0,2614.12,2,Returned,UPI
O05402,C0474,P037,2023-11-21 0:00:00,2,4156.34,5,3948.52,12,delivered,Wallet
O05403,C0444,P050,2023-09-15 0:00:00,2,9887.61,10,8898.85,8,delivered,Wallet
O05404,C0302,P002,2024-07-22 0:00:00,4,4203.49,15,3572.97,8,DELIVERED,COD
O05405,C0355,P006,2025-01-07 0:00:00,2,7683.22,10,6914.9,3,Returned,Wallet
O05406,C0231,P069,2023-04-18 0:00:00,3,9715.85,5,9230.06,10,Cancelled,COD
O05407,C0475,P051,2023-03-23 0:00:00,2,5081.72,20,4065.38,11,delivered,COD
O05408,C0024,P016,2024-12-13 0:00:00,5,6412.48,5,6091.86,7,Cancelled,COD
O05409,C0475,P012,2023-07-16 0:00:00,2,8935.85,20,7148.68,3,DELIVERED,COD
O05410,C0380,P034,2024-03-13 0:00:00,2,2923.14,0,2923.14,11,Cancelled,Wallet
O05411,C0272,P066,2024-05-08 0:00:00,1,7185.6,15,6107.76,1,DELIVERED,Wallet
O05412,C0219,P034,2024-10-18 0:00:00,3,8977.93,20,7182.34,4,DELIVERED,Wallet
O05413,C0396,P098,2025-09-16 0:00:00,4,4044.04,20,3235.23,10,DELIVERED,Card
O05414,C0030,P094,2024-09-13 0:00:00,3,7469.68,5,7096.2,11,delivered,Wallet
O05415,C0131,P075,2025-10-10 0:00:00,5,2091.97,15,1778.17,9,Returned,COD
O05416,C0448,P056,2025-09-12 0:00:00,1,8164.59,15,6939.9,11,delivered,COD
O05417,C0003,P070,2025-04-07 0:00:00,2,1038.91,20,831.13,9,Cancelled,Wallet
O05418,C0463,P029,2023-11-22 0:00:00,5,2984.62,0,2984.62,10,DELIVERED,Wallet
O05419,C0238,P044,2023-12-17 0:00:00,4,1174.76,20,939.81,3,delivered,Wallet
O05420,C0408,P080,2025-01-23 0:00:00,1,692.59,0,692.59,12,Returned,Wallet
O05421,C0232,P008,2025-01-20 0:00:00,2,3522.6,20,2818.08,6,delivered,Card
O05422,C0351,P081,2023-02-11 0:00:00,1,5845.78,5,5553.49,4,Delivered,COD
O05423,C0319,P062,2023-11-19 0:00:00,3,8166.48,10,7349.83,2,Returned,COD
O05424,C0272,P002,2025-03-04 0:00:00,1,6748.85,5,6411.41,6,Returned,Card
O05425,C0021,P010,2023-07-07 0:00:00,2,7237.02,20,5789.62,5,Cancelled,UPI
O05426,C0015,P080,2025-07-30 0:00:00,2,8904.17,5,8458.96,8,Delivered,Wallet
O05427,C0239,P061,2024-04-24 0:00:00,3,4415.03,15,3752.78,9,Cancelled,Card
O05428,C0177,P079,2023-12-13 0:00:00,1,9759.67,20,7807.74,8,Cancelled,COD
O05429,C0327,P078,2025-06-25 0:00:00,4,9301.53,0,9301.53,7,Cancelled,COD
O05430,C0111,P017,2025-01-28 0:00:00,1,515.38,15,438.07,9,Cancelled,Wallet
O05431,C0467,P044,2024-05-14 0:00:00,1,5669.7,15,4819.24,9,Cancelled,UPI
O05432,C0385,P018,2023-09-29 0:00:00,1,5246.46,0,5246.46,3,Delivered,Card
O05433,C0022,P041,2023-07-16 0:00:00,4,5816.23,5,5525.42,10,Delivered,UPI
O05434,C0194,P073,2024-02-06 0:00:00,1,7733.01,20,6186.41,12,DELIVERED,Wallet
O05435,C0316,P067,2025-09-03 0:00:00,1,549.32,15,466.92,7,Delivered,UPI
O05436,C0118,P023,2026-02-18 0:00:00,1,3175.32,10,2857.79,7,delivered,Card
O05437,C0467,P076,2024-11-05 0:00:00,3,1564.7,15,1329.99,3,Returned,Wallet
O05438,C0011,P020,2024-10-31 0:00:00,1,4610.05,5,4379.55,8,DELIVERED,COD
O05439,C0362,P036,2023-11-17 0:00:00,5,4209.51,10,3788.56,3,Delivered,Wallet
O05440,C0170,P090,2025-08-13 0:00:00,2,9201.37,10,8281.23,1,DELIVERED,Wallet
O05441,C0334,P099,2023-10-11 0:00:00,3,518.75,5,492.81,5,Cancelled,Card
O05442,C0238,P081,2024-10-18 0:00:00,2,9666.11,5,9182.8,11,DELIVERED,Wallet
O05443,C0079,P001,2023-11-13 0:00:00,4,5228.5,0,5228.5,4,Delivered,Wallet
O05444,C0008,P031,2023-08-05 0:00:00,1,7056.95,20,5645.56,3,Returned,Wallet
O05445,C0453,P022,2023-12-31 0:00:00,4,4540.46,15,3859.39,9,Returned,Wallet
O05446,C0472,P039,2025-06-04 0:00:00,5,603.34,5,573.17,1,delivered,UPI
O05447,C0388,P056,2023-12-24 0:00:00,5,9187.77,15,7809.6,8,Returned,Wallet
O05448,C0160,P079,2023-05-24 0:00:00,1,6511.29,20,5209.03,11,Delivered,COD
O05449,C0168,P033,2024-10-18 0:00:00,4,1668.58,15,1418.29,10,Returned,COD
O05450,C0485,P016,2024-05-17 0:00:00,3,9138.22,10,8224.4,12,Cancelled,UPI
O05451,C0298,P028,2023-12-24 0:00:00,3,2376.45,5,2257.63,12,Returned,Wallet
O05452,C0219,P042,2024-06-10 0:00:00,2,1887.21,5,1792.85,7,Returned,COD
O05453,C0220,P089,2024-09-17 0:00:00,2,5246.38,10,4721.74,5,DELIVERED,COD
O05454,C0330,P013,2024-09-06 0:00:00,1,2296.5,0,2296.5,3,delivered,Wallet
O05455,C0284,P071,2023-12-19 0:00:00,4,3600.4,20,2880.32,4,delivered,Card
O05456,C0179,P050,2025-05-04 0:00:00,2,3403.75,10,3063.38,4,Returned,Card
O05457,C0392,P054,2025-01-17 0:00:00,2,7854.83,20,6283.86,12,Cancelled,COD
O05458,C0431,P090,2026-01-25 0:00:00,3,6245.52,5,5933.24,4,Delivered,UPI
O05459,C0406,P079,2023-06-09 0:00:00,2,2711.22,15,2304.54,2,DELIVERED,Wallet
O05460,C0059,P011,2024-12-30 0:00:00,4,9722.75,0,9722.75,2,Returned,UPI
O05461,C0313,P035,2023-11-25 0:00:00,4,8458.42,5,8035.5,4,Returned,UPI
O05462,C0173,P005,2026-03-27 0:00:00,1,3902.8,15,3317.38,7,Delivered,Wallet
O05463,C0012,P048,2025-06-18 0:00:00,2,9034.43,15,7679.27,6,Returned,Card
O05464,C0481,P078,2026-02-14 0:00:00,1,8781.66,10,7903.49,11,Delivered,UPI
O05465,C0019,P018,2025-07-29 0:00:00,1,6622.39,10,5960.15,1,Cancelled,Card
O05466,C0149,P019,2025-07-03 0:00:00,2,7625.14,15,6481.37,10,Cancelled,Card
O05467,C0479,P022,2025-03-17 0:00:00,5,580.95,20,464.76,4,Cancelled,Wallet
O05468,C0041,P096,2023-05-06 0:00:00,2,7102.27,0,7102.27,4,Cancelled,COD
O05469,C0041,P036,2023-08-11 0:00:00,2,8665.69,20,6932.55,8,DELIVERED,Card
O05470,C0016,P049,2024-06-10 0:00:00,4,7351.47,10,6616.32,4,Cancelled,UPI
O05471,C0260,P096,2023-05-10 0:00:00,3,9434.75,20,7547.8,12,Cancelled,Wallet
O05472,C0305,P041,2024-09-28 0:00:00,3,7232.44,5,6870.82,12,Delivered,COD
O05473,C0405,P075,2024-08-22 0:00:00,5,3201.67,15,2721.42,9,Cancelled,COD
O05474,C0334,P040,2024-11-14 0:00:00,2,8066.39,20,6453.11,3,Returned,Wallet
O05475,C0474,P037,2024-11-27 0:00:00,5,5780.6,20,4624.48,3,DELIVERED,COD
O05476,C0005,P015,2024-09-06 0:00:00,1,7416.8,10,6675.12,1,Returned,Wallet
O05477,C0410,P036,2025-01-31 0:00:00,4,1625.3,15,1381.5,6,delivered,Wallet
O05478,C0195,P050,2023-09-20 0:00:00,1,7352.34,15,6249.49,9,Cancelled,Wallet
O05479,C0411,P031,2023-01-18 0:00:00,2,8571.08,5,8142.53,6,Delivered,Card
O05480,C0094,P082,2025-01-26 0:00:00,3,7513.22,5,7137.56,11,Cancelled,Card
O05481,C0055,P023,2025-01-04 0:00:00,4,8505.37,15,7229.56,4,delivered,COD
O05482,C0114,P013,2023-08-28 0:00:00,3,5542.93,15,4711.49,2,Delivered,Wallet
O05483,C0286,P026,2025-04-22 0:00:00,3,1658.26,5,1575.35,6,delivered,COD
O05484,C0220,P075,2024-09-24 0:00:00,5,6503.8,0,6503.8,6,DELIVERED,Card
O05485,C0478,P009,2024-04-18 0:00:00,5,5206.98,20,4165.58,8,DELIVERED,Wallet
O05486,C0468,P008,2024-12-17 0:00:00,2,3811.13,20,3048.9,2,DELIVERED,Wallet
O05487,C0110,P079,2025-05-19 0:00:00,2,3642.57,5,3460.44,8,DELIVERED,Card
O05488,C0001,P083,2023-10-17 0:00:00,2,8628.51,15,7334.23,3,Returned,Wallet
O05489,C0342,P089,2025-08-24 0:00:00,5,6781.53,15,5764.3,3,Cancelled,COD
O05490,C0025,P089,2025-06-19 0:00:00,1,3487.66,15,2964.51,3,DELIVERED,UPI
O05491,C0066,P094,2026-01-24 0:00:00,4,4067.26,20,3253.81,11,DELIVERED,Wallet
O05492,C0147,P074,2024-04-29 0:00:00,5,3631.49,10,3268.34,7,delivered,UPI
O05493,C0278,P041,2024-10-01 0:00:00,1,1327.93,15,1128.74,12,Delivered,Card
O05494,C0202,P092,2023-01-21 0:00:00,4,7610.92,5,7230.37,1,delivered,Wallet
O05495,C0167,P022,2023-10-24 0:00:00,2,2112.92,10,1901.63,9,Returned,UPI
O05496,C0459,P008,2025-06-20 0:00:00,4,8281.95,15,7039.66,12,delivered,Wallet
O05497,C0262,P038,2024-10-20 0:00:00,5,9570.19,0,9570.19,5,DELIVERED,COD
O05498,C0418,P087,2025-07-12 0:00:00,2,781.72,15,664.46,6,Cancelled,Wallet
O05499,C0423,P045,2023-07-25 0:00:00,3,1650.51,10,1485.46,12,Returned,Card
O05500,C0114,P032,2025-06-06 0:00:00,1,4313.07,5,4097.42,6,delivered,UPI
O05501,C0417,P049,2025-04-07 0:00:00,3,4839.21,10,4355.29,9,Delivered,Wallet
O05502,C0196,P055,2025-05-23 0:00:00,1,2274.97,10,2047.47,12,Delivered,Wallet
O05503,C0365,P019,2025-05-23 0:00:00,5,6587,10,5928.3,6,Delivered,UPI
O05504,C0108,P018,2025-02-28 0:00:00,4,5372.52,15,4566.64,12,DELIVERED,Wallet
O05505,C0140,P002,2024-06-16 0:00:00,3,8723.64,10,7851.28,11,delivered,Wallet
O05506,C0299,P099,2025-03-05 0:00:00,4,5443.67,20,4354.94,6,Delivered,UPI
O05507,C0004,P066,2025-09-26 0:00:00,1,8877.73,20,7102.18,3,Delivered,Wallet
O05508,C0364,P087,2026-04-06 0:00:00,2,5546.05,20,4436.84,4,delivered,Wallet
O05509,C0287,P014,2025-12-30 0:00:00,1,5880.66,20,4704.53,4,Cancelled,Wallet
O05510,C0269,P010,2025-08-11 0:00:00,2,1415.08,10,1273.57,11,DELIVERED,Wallet
O05511,C0221,P092,2025-06-19 0:00:00,4,7572.44,0,7572.44,9,DELIVERED,Card
O05512,C0171,P017,2025-11-27 0:00:00,2,4409.22,10,3968.3,2,Returned,Card
O05513,C0407,P096,2023-06-14 0:00:00,2,5348.47,15,4546.2,6,Cancelled,Wallet
O05514,C0462,P038,2026-03-12 0:00:00,2,1238.11,0,1238.11,8,delivered,UPI
O05515,C0410,P024,2024-12-06 0:00:00,2,3598.48,15,3058.71,7,DELIVERED,Wallet
O05516,C0048,P067,2023-09-19 0:00:00,2,9548.29,15,8116.05,2,DELIVERED,Wallet
O05517,C0306,P015,2025-07-22 0:00:00,4,6447.4,10,5802.66,4,delivered,Wallet
O05518,C0212,P023,2025-12-31 0:00:00,1,7789.04,10,7010.14,4,Delivered,Card
O05519,C0146,P052,2023-01-26 0:00:00,3,1654.1,10,1488.69,4,Cancelled,COD
O05520,C0155,P083,2024-08-28 0:00:00,5,4450.27,20,3560.22,8,Cancelled,COD
O05521,C0434,P063,2024-03-21 0:00:00,3,7234.17,20,5787.34,9,Returned,Wallet
O05522,C0262,P070,2025-09-29 0:00:00,2,1504.46,5,1429.24,6,Cancelled,COD
O05523,C0175,P009,2024-03-01 0:00:00,1,9048.73,10,8143.86,2,DELIVERED,Wallet
O05524,C0318,P073,2025-05-28 0:00:00,3,1011.92,15,860.13,7,delivered,Wallet
O05525,C0041,P030,2024-09-22 0:00:00,4,7997.43,10,7197.69,8,Delivered,Card
O05526,C0128,P034,2023-06-28 0:00:00,3,7570.53,20,6056.42,11,Delivered,Wallet
O05527,C0499,P080,2025-07-01 0:00:00,3,7877.09,5,7483.24,12,Cancelled,Wallet
O05528,C0449,P054,2025-10-18 0:00:00,3,4507.16,5,4281.8,1,Delivered,Card
O05529,C0250,P059,2024-06-08 0:00:00,5,2714.42,15,2307.26,11,DELIVERED,UPI
O05530,C0241,P016,2023-08-18 0:00:00,1,8692.19,20,6953.75,10,Returned,Card
O05531,C0019,P080,2024-05-17 0:00:00,1,9070.02,5,8616.52,5,DELIVERED,Wallet
O05532,C0102,P088,2023-10-04 0:00:00,2,5034.87,0,5034.87,8,Delivered,Card
O05533,C0462,P056,2025-01-06 0:00:00,1,6810.96,15,5789.32,5,Delivered,Wallet
O05534,C0319,P060,2025-12-13 0:00:00,3,5011.45,20,4009.16,11,Returned,Wallet
O05535,C0252,P080,2024-12-29 0:00:00,3,3821.73,20,3057.38,12,Cancelled,Wallet
O05536,C0235,P078,2024-08-24 0:00:00,4,1310.37,10,1179.33,2,Cancelled,UPI
O05537,C0410,P029,2026-03-15 0:00:00,5,1014.53,15,862.35,3,DELIVERED,UPI
O05538,C0344,P067,2025-03-25 0:00:00,1,5619.64,5,5338.66,8,Cancelled,Wallet
O05539,C0075,P003,2023-02-12 0:00:00,4,5648.99,20,4519.19,5,delivered,Card
O05540,C0026,P041,2023-10-14 0:00:00,4,9423.54,10,8481.19,4,DELIVERED,UPI
O05541,C0209,P048,2023-07-14 0:00:00,1,3089.52,5,2935.04,8,delivered,Card
O05542,C0244,P056,2023-04-19 0:00:00,3,2188.92,20,1751.14,6,delivered,Wallet
O05543,C0139,P081,2026-03-07 0:00:00,4,8697.38,0,8697.38,9,delivered,Wallet
O05544,C0278,P057,2025-03-26 0:00:00,4,1010.5,10,909.45,7,Delivered,Card
O05545,C0487,P082,2024-02-06 0:00:00,5,4762.12,15,4047.8,2,DELIVERED,COD
O05546,C0117,P016,2024-12-06 0:00:00,3,4338.25,0,4338.25,12,delivered,Wallet
O05547,C0296,P076,2025-01-12 0:00:00,2,6997.58,10,6297.82,11,delivered,UPI
O05548,C0296,P006,2024-09-30 0:00:00,2,8766.36,0,8766.36,6,Delivered,UPI
O05549,C0367,P033,2024-01-11 0:00:00,2,3156.84,15,2683.31,7,delivered,Wallet
O05550,C0077,P040,2023-05-09 0:00:00,2,2568.43,5,2440.01,11,DELIVERED,Wallet
O05551,C0084,P010,2025-09-10 0:00:00,1,8117.84,20,6494.27,7,Cancelled,Wallet
O05552,C0418,P014,2025-10-10 0:00:00,3,7411.98,20,5929.58,1,delivered,Wallet
O05553,C0458,P012,2025-09-10 0:00:00,3,5648.83,5,5366.39,6,DELIVERED,UPI
O05554,C0074,P036,2023-05-04 0:00:00,4,6996.64,15,5947.14,4,DELIVERED,Wallet
O05555,C0330,P082,2024-10-15 0:00:00,4,8256.46,20,6605.17,12,Delivered,Wallet
O05556,C0248,P007,2025-05-18 0:00:00,4,4225.61,15,3591.77,6,DELIVERED,Wallet
O05557,C0227,P066,2025-01-31 0:00:00,4,7899.24,15,6714.35,4,Cancelled,Wallet
O05558,C0295,P076,2026-03-14 0:00:00,1,6922.89,15,5884.46,2,delivered,Wallet
O05559,C0386,P063,2023-01-24 0:00:00,1,5180.22,15,4403.19,11,Delivered,Card
O05560,C0378,P036,2024-09-18 0:00:00,2,6643.49,20,5314.79,3,DELIVERED,Card
O05561,C0359,P002,2024-03-25 0:00:00,4,5304.83,10,4774.35,1,Returned,Wallet
O05562,C0217,P044,2026-03-01 0:00:00,4,5256.76,0,5256.76,5,DELIVERED,Wallet
O05563,C0376,P039,2025-11-12 0:00:00,1,6757.53,20,5406.02,11,Cancelled,COD
O05564,C0298,P019,2023-12-08 0:00:00,5,7248.03,5,6885.63,9,Cancelled,Wallet
O05565,C0241,P047,2025-02-01 0:00:00,4,5261.47,0,5261.47,4,Cancelled,Wallet
O05566,C0356,P050,2024-10-26 0:00:00,3,7968.24,10,7171.42,12,delivered,UPI
O05567,C0467,P065,2023-08-17 0:00:00,5,1861.46,15,1582.24,1,delivered,Card
O05568,C0039,P018,2023-12-02 0:00:00,2,2146.39,15,1824.43,5,Cancelled,Wallet
O05569,C0293,P036,2024-10-07 0:00:00,3,7648.41,10,6883.57,1,DELIVERED,Wallet
O05570,C0217,P023,2023-10-25 0:00:00,2,1431.43,20,1145.14,7,DELIVERED,Wallet
O05571,C0413,P088,2025-10-25 0:00:00,4,4570.47,5,4341.95,3,Delivered,Wallet
O05572,C0396,P092,2025-12-17 0:00:00,1,1078.19,5,1024.28,9,Cancelled,COD
O05573,C0430,P050,2025-09-06 0:00:00,1,6475.13,20,5180.1,10,Returned,Card
O05574,C0259,P026,2024-02-06 0:00:00,2,7680.61,20,6144.49,4,Returned,Wallet
O05575,C0268,P075,2025-12-20 0:00:00,4,5762.2,5,5474.09,7,delivered,COD
O05576,C0223,P069,2023-07-29 0:00:00,5,1666.22,15,1416.29,12,Cancelled,COD
O05577,C0414,P082,2024-04-27 0:00:00,2,7556.39,5,7178.57,8,Cancelled,Wallet
O05578,C0310,P067,2023-02-21 0:00:00,4,2712.02,10,2440.82,10,Cancelled,Wallet
O05579,C0101,P027,2024-08-15 0:00:00,3,9274.03,20,7419.22,11,delivered,Wallet
O05580,C0079,P093,2023-11-12 0:00:00,5,7384.64,0,7384.64,8,Cancelled,Wallet
O05581,C0234,P095,2025-06-28 0:00:00,2,5578.76,0,5578.76,8,Returned,Wallet
O05582,C0039,P069,2023-05-19 0:00:00,4,6871.54,5,6527.96,8,Returned,UPI
O05583,C0257,P074,2026-03-10 0:00:00,3,6694.58,15,5690.39,7,delivered,Card
O05584,C0218,P021,2024-06-08 0:00:00,1,3934.73,15,3344.52,11,delivered,Wallet
O05585,C0285,P089,2025-08-25 0:00:00,1,1025.66,5,974.38,5,Cancelled,Card
O05586,C0057,P079,2026-01-03 0:00:00,4,3826.75,20,3061.4,10,Cancelled,Wallet
O05587,C0122,P047,2025-08-25 0:00:00,1,2509.01,20,2007.21,7,delivered,COD
O05588,C0244,P098,2023-10-29 0:00:00,4,4328.08,5,4111.68,6,Cancelled,Wallet
O05589,C0362,P039,2024-04-09 0:00:00,3,827.94,15,703.75,11,Returned,COD
O05590,C0416,P076,2025-11-12 0:00:00,5,7860.4,0,7860.4,10,Cancelled,Wallet
O05591,C0354,P003,2024-10-31 0:00:00,5,2029.94,10,1826.95,6,Delivered,COD
O05592,C0115,P045,2025-09-25 0:00:00,5,772.68,20,618.14,12,DELIVERED,COD
O05593,C0431,P038,2026-03-03 0:00:00,2,8445.27,10,7600.74,7,Cancelled,UPI
O05594,C0234,P019,2023-11-03 0:00:00,1,5129.56,20,4103.65,8,delivered,Card
O05595,C0388,P042,2024-05-10 0:00:00,4,3421.02,15,2907.87,2,delivered,UPI
O05596,C0380,P008,2025-09-02 0:00:00,1,1903.72,0,1903.72,6,Cancelled,Wallet
O05597,C0439,P069,2023-03-21 0:00:00,4,7757.85,15,6594.17,4,DELIVERED,UPI
O05598,C0347,P002,2023-08-28 0:00:00,3,3904.28,20,3123.42,10,Cancelled,Wallet
O05599,C0028,P004,2025-04-04 0:00:00,1,1971.97,0,1971.97,1,Returned,Wallet
O05600,C0476,P073,2024-03-24 0:00:00,1,9533.81,10,8580.43,6,Returned,Card
O05601,C0174,P024,2024-03-10 0:00:00,2,8732.99,10,7859.69,7,delivered,Card
O05602,C0144,P099,2023-06-21 0:00:00,1,3385.22,20,2708.18,5,delivered,Wallet
O05603,C0289,P077,2024-02-12 0:00:00,5,5958.63,0,5958.63,7,delivered,UPI
O05604,C0301,P006,2025-09-13 0:00:00,2,5740.51,10,5166.46,6,Delivered,COD
O05605,C0421,P027,2025-04-22 0:00:00,4,6178.5,0,6178.5,7,Delivered,UPI
O05606,C0414,P065,2023-08-20 0:00:00,2,5429.51,15,4615.08,12,Delivered,Wallet
O05607,C0118,P068,2023-10-25 0:00:00,2,9824.27,15,8350.63,10,Delivered,COD
O05608,C0299,P078,2026-04-03 0:00:00,3,1757.19,15,1493.61,9,Returned,Wallet
O05609,C0096,P071,2024-08-10 0:00:00,2,5300.48,5,5035.46,8,Delivered,COD
O05610,C0443,P007,2026-02-20 0:00:00,2,1209.82,10,1088.84,7,delivered,UPI
O05611,C0374,P070,2024-12-25 0:00:00,5,1411.5,15,1199.77,12,Returned,Wallet
O05612,C0281,P035,2024-07-11 0:00:00,4,3596.51,20,2877.21,2,Delivered,Wallet
O05613,C0236,P009,2024-01-18 0:00:00,2,5664.33,15,4814.68,5,Cancelled,UPI
O05614,C0019,P044,2025-03-28 0:00:00,3,2908.13,15,2471.91,8,Cancelled,Card
O05615,C0004,P075,2024-09-24 0:00:00,2,760.76,0,760.76,7,DELIVERED,Wallet
O05616,C0399,P093,2024-03-28 0:00:00,1,3926.76,0,3926.76,11,DELIVERED,UPI
O05617,C0429,P008,2025-01-07 0:00:00,4,4249.96,10,3824.96,7,Delivered,COD
O05618,C0191,P090,2025-07-26 0:00:00,5,697.79,20,558.23,11,Cancelled,COD
O05619,C0294,P090,2024-05-24 0:00:00,4,5609.35,20,4487.48,8,Returned,UPI
O05620,C0449,P073,2023-03-27 0:00:00,5,3429.64,10,3086.68,3,delivered,COD
O05621,C0414,P003,2023-09-13 0:00:00,2,1285.17,20,1028.14,7,Delivered,Card
O05622,C0096,P033,2024-04-11 0:00:00,4,4514.58,10,4063.12,5,delivered,UPI
O05623,C0332,P054,2023-10-01 0:00:00,1,1205.56,20,964.45,7,delivered,Wallet
O05624,C0486,P032,2023-01-16 0:00:00,4,2325.39,20,1860.31,4,Returned,Wallet
O05625,C0128,P063,2025-12-29 0:00:00,2,1428.52,10,1285.67,3,Delivered,Card
O05626,C0264,P057,2024-06-25 0:00:00,3,4165.83,5,3957.54,3,delivered,COD
O05627,C0018,P096,2024-11-14 0:00:00,4,3538.96,20,2831.17,9,Returned,UPI
O05628,C0337,P045,2024-03-16 0:00:00,1,971.4,10,874.26,10,Returned,UPI
O05629,C0468,P012,2024-10-05 0:00:00,3,4956.64,10,4460.98,1,DELIVERED,Card
O05630,C0287,P082,2023-04-12 0:00:00,5,9881.03,10,8892.93,2,Cancelled,Wallet
O05631,C0471,P014,2024-07-31 0:00:00,5,9682.99,10,8714.69,12,Returned,Wallet
O05632,C0219,P053,2023-07-09 0:00:00,1,3801.75,0,3801.75,5,Returned,Wallet
O05633,C0445,P053,2025-01-14 0:00:00,3,2899.1,15,2464.23,1,Cancelled,Card
O05634,C0439,P041,2024-11-12 0:00:00,4,4213.44,20,3370.75,5,delivered,Wallet
O05635,C0310,P080,2024-12-22 0:00:00,2,5227.44,15,4443.32,6,Returned,Wallet
O05636,C0120,P072,2023-07-29 0:00:00,1,2102.5,5,1997.38,3,Cancelled,Card
O05637,C0315,P083,2023-08-09 0:00:00,2,4121.38,10,3709.24,5,Returned,Wallet
O05638,C0207,P028,2024-11-17 0:00:00,1,3464.51,5,3291.28,4,Returned,UPI
O05639,C0043,P081,2024-02-13 0:00:00,3,7642.73,5,7260.59,6,Delivered,Card
O05640,C0084,P063,2025-11-03 0:00:00,3,4594.25,0,4594.25,1,DELIVERED,Wallet
O05641,C0404,P025,2025-07-01 0:00:00,2,3322.49,15,2824.12,10,delivered,Card
O05642,C0039,P079,2025-04-14 0:00:00,2,7813.27,0,7813.27,7,Returned,Card
O05643,C0486,P035,2024-02-08 0:00:00,2,3789.32,20,3031.46,9,Delivered,Card
O05644,C0230,P040,2025-07-04 0:00:00,3,7114.07,15,6046.96,9,DELIVERED,UPI
O05645,C0215,P014,2025-09-24 0:00:00,4,2355.41,15,2002.1,11,DELIVERED,Wallet
O05646,C0198,P016,2025-11-03 0:00:00,3,4673.24,20,3738.59,1,delivered,COD
O05647,C0306,P041,2024-06-17 0:00:00,3,1918.66,0,1918.66,1,DELIVERED,COD
O05648,C0473,P017,2025-11-18 0:00:00,1,6057.76,5,5754.87,6,Cancelled,Card
O05649,C0433,P099,2023-06-28 0:00:00,3,5697.94,0,5697.94,7,Cancelled,UPI
O05650,C0109,P032,2025-10-05 0:00:00,4,2893.24,0,2893.24,6,DELIVERED,Card
O05651,C0142,P056,2023-08-12 0:00:00,1,1415.55,10,1273.99,2,Cancelled,COD
O05652,C0218,P067,2024-07-07 0:00:00,1,3831.68,15,3256.93,8,Delivered,Wallet
O05653,C0036,P002,2023-01-12 0:00:00,1,2415.27,0,2415.27,9,Cancelled,UPI
O05654,C0463,P045,2023-07-28 0:00:00,5,4056.22,0,4056.22,5,DELIVERED,Wallet
O05655,C0184,P042,2025-12-25 0:00:00,3,1437.06,20,1149.65,11,delivered,Wallet
O05656,C0090,P077,2025-03-18 0:00:00,4,8646.03,15,7349.13,8,Cancelled,UPI
O05657,C0266,P009,2025-02-22 0:00:00,5,971.33,10,874.2,9,Returned,COD
O05658,C0334,P003,2023-03-06 0:00:00,5,1829.25,15,1554.86,4,Cancelled,UPI
O05659,C0002,P031,2023-02-14 0:00:00,3,7372.9,15,6266.96,6,Delivered,Wallet
O05660,C0025,P066,2023-06-21 0:00:00,1,2986.3,0,2986.3,10,Returned,Wallet
O05661,C0422,P049,2024-05-04 0:00:00,2,2504.53,0,2504.53,11,delivered,Wallet
O05662,C0314,P042,2023-05-02 0:00:00,2,2080.11,15,1768.09,7,DELIVERED,Card
O05663,C0300,P007,2024-06-17 0:00:00,2,9209.6,15,7828.16,6,Cancelled,Card
O05664,C0467,P047,2024-06-16 0:00:00,3,2503.02,5,2377.87,11,Returned,Card
O05665,C0240,P025,2024-09-17 0:00:00,1,9670.66,10,8703.59,10,DELIVERED,UPI
O05666,C0223,P038,2023-10-25 0:00:00,2,6931.94,10,6238.75,10,Cancelled,UPI
O05667,C0362,P059,2023-11-17 0:00:00,4,8327.7,0,8327.7,10,Cancelled,COD
O05668,C0125,P015,2025-03-03 0:00:00,1,7156.24,0,7156.24,12,DELIVERED,UPI
O05669,C0188,P054,2024-09-27 0:00:00,1,6276.1,0,6276.1,7,Delivered,Card
O05670,C0212,P017,2026-01-10 0:00:00,3,9279.98,5,8815.98,1,Returned,Card
O05671,C0312,P079,2024-01-20 0:00:00,2,2298.72,10,2068.85,8,Returned,Wallet
O05672,C0290,P022,2023-11-15 0:00:00,3,9276.05,10,8348.44,9,DELIVERED,UPI
O05673,C0139,P080,2025-06-30 0:00:00,4,3147.94,15,2675.75,10,Cancelled,COD
O05674,C0345,P080,2024-11-13 0:00:00,4,3979.07,0,3979.07,9,Cancelled,Card
O05675,C0396,P059,2023-04-30 0:00:00,5,2287.3,15,1944.21,6,delivered,UPI
O05676,C0115,P083,2025-11-22 0:00:00,1,1243.63,5,1181.45,4,Cancelled,COD
O05677,C0148,P095,2025-11-13 0:00:00,2,6589.55,10,5930.6,5,delivered,COD
O05678,C0148,P073,2025-11-03 0:00:00,3,6921.03,10,6228.93,8,Returned,Card
O05679,C0355,P017,2025-01-11 0:00:00,5,4537.02,20,3629.62,9,delivered,COD
O05680,C0353,P032,2024-11-26 0:00:00,3,2543.74,20,2034.99,6,delivered,UPI
O05681,C0405,P049,2025-05-10 0:00:00,3,1100.13,5,1045.12,5,Delivered,Wallet
O05682,C0078,P096,2024-06-07 0:00:00,5,7375.69,20,5900.55,12,Cancelled,UPI
O05683,C0009,P070,2023-04-06 0:00:00,3,5020.33,10,4518.3,2,Delivered,UPI
O05684,C0367,P018,2024-03-05 0:00:00,2,8282.9,5,7868.75,2,Returned,COD
O05685,C0306,P066,2024-04-04 0:00:00,3,1512.79,0,1512.79,7,delivered,Card
O05686,C0479,P022,2025-04-18 0:00:00,2,5777.13,10,5199.42,3,delivered,Card
O05687,C0164,P026,2025-08-30 0:00:00,4,7566.29,5,7187.98,5,Delivered,COD
O05688,C0251,P070,2025-06-21 0:00:00,1,3033.38,0,3033.38,7,Cancelled,Wallet
O05689,C0181,P098,2023-07-25 0:00:00,5,8193.1,0,8193.1,11,delivered,Card
O05690,C0362,P088,2025-03-16 0:00:00,4,5598.96,5,5319.01,3,delivered,COD
O05691,C0107,P025,2025-03-03 0:00:00,3,8034.42,15,6829.26,1,Returned,Card
O05692,C0233,P032,2023-12-27 0:00:00,1,833.43,10,750.09,10,delivered,Wallet
O05693,C0496,P072,2025-08-19 0:00:00,1,3863.07,10,3476.76,8,Cancelled,Card
O05694,C0220,P037,2023-02-14 0:00:00,4,562.67,5,534.54,6,Returned,Card
O05695,C0311,P011,2025-02-03 0:00:00,1,6414.07,20,5131.26,9,Delivered,Wallet
O05696,C0293,P078,2026-03-05 0:00:00,5,4647.95,20,3718.36,10,delivered,Wallet
O05697,C0291,P038,2026-02-24 0:00:00,1,9986.51,0,9986.51,11,Cancelled,COD
O05698,C0307,P090,2023-01-18 0:00:00,4,1618.24,5,1537.33,2,Delivered,Card
O05699,C0267,P098,2025-03-22 0:00:00,3,1364.92,10,1228.43,6,delivered,Wallet
O05700,C0018,P017,2025-10-30 0:00:00,2,3665.75,5,3482.46,8,Returned,Wallet
O05701,C0189,P070,2024-07-04 0:00:00,4,4379.81,15,3722.84,9,delivered,UPI
O05702,C0356,P052,2024-12-27 0:00:00,1,4159.49,0,4159.49,11,Delivered,COD
O05703,C0479,P052,2025-01-14 0:00:00,5,2904.06,15,2468.45,10,DELIVERED,Card
O05704,C0340,P006,2024-02-24 0:00:00,1,672.95,10,605.66,2,Delivered,Card
O05705,C0280,P075,2024-11-08 0:00:00,4,3640.09,15,3094.08,11,Returned,Wallet
O05706,C0154,P027,2024-06-07 0:00:00,5,4787.97,5,4548.57,9,delivered,Card
O05707,C0380,P013,2023-12-12 0:00:00,1,2986.57,10,2687.91,3,DELIVERED,Wallet
O05708,C0388,P080,2025-11-14 0:00:00,4,931.05,5,884.5,1,Delivered,Wallet
O05709,C0374,P094,2026-04-12 0:00:00,1,6980.22,0,6980.22,12,Delivered,COD
O05710,C0002,P046,2023-05-03 0:00:00,1,8082.7,10,7274.43,5,Returned,COD
O05711,C0323,P035,2023-11-27 0:00:00,1,6819.72,5,6478.73,8,Returned,Wallet
O05712,C0088,P053,2024-09-12 0:00:00,2,7944.18,10,7149.76,3,Cancelled,Card
O05713,C0442,P023,2024-08-07 0:00:00,3,7074.85,5,6721.11,12,DELIVERED,Card
O05714,C0065,P033,2023-02-23 0:00:00,5,9317.78,15,7920.11,5,Returned,UPI
O05715,C0122,P074,2025-03-30 0:00:00,4,3190.17,10,2871.15,11,Returned,COD
O05716,C0010,P073,2023-07-20 0:00:00,2,4795.94,15,4076.55,3,Returned,Wallet
O05717,C0200,P016,2024-06-15 0:00:00,1,2071.9,10,1864.71,7,delivered,Wallet
O05718,C0312,P098,2025-08-16 0:00:00,1,6251.71,15,5313.95,-2,Returned,UPI
O05719,C0426,P088,2024-10-13 0:00:00,5,4635.56,5,4403.78,2,Returned,UPI
O05720,C0029,P018,2024-12-18 0:00:00,1,4957.22,5,4709.36,8,delivered,Card
O05721,C0158,P083,2024-04-27 0:00:00,4,6186.3,0,6186.3,1,Cancelled,Wallet
O05722,C0240,P012,2025-10-05 0:00:00,3,5728.24,5,5441.83,4,delivered,UPI
O05723,C0103,P024,2024-11-20 0:00:00,1,3571.64,5,3393.06,1,Cancelled,Wallet
O05724,C0098,P031,2023-05-24 0:00:00,4,3080.27,10,2772.24,2,Delivered,COD
O05725,C0277,P097,2024-09-08 0:00:00,1,6151.05,20,4920.84,5,delivered,Card
O05726,C0453,P028,2023-02-06 0:00:00,4,6732.07,5,6395.47,5,Returned,Wallet
O05727,C0127,P010,2024-12-29 0:00:00,1,9969.68,10,8972.71,2,Cancelled,COD
O05728,C0107,P052,2024-09-18 0:00:00,2,8659.23,15,7360.35,2,Cancelled,Card
O05729,C0264,P097,2023-10-05 0:00:00,3,1292.96,10,1163.66,3,delivered,Card
O05730,C0372,P024,2025-07-04 0:00:00,3,7025.93,10,6323.34,6,Returned,Wallet
O05731,C0499,P057,2025-07-23 0:00:00,2,7264.32,20,5811.46,6,DELIVERED,Wallet
O05732,C0343,P078,2025-10-13 0:00:00,2,9985.97,5,9486.67,2,Delivered,Wallet
O05733,C0101,P089,2023-06-06 0:00:00,3,561.9,15,477.61,3,DELIVERED,COD
O05734,C0105,P002,2025-07-15 0:00:00,1,1977.86,10,1780.07,9,DELIVERED,UPI
O05735,C0491,P025,2024-07-05 0:00:00,1,4298.86,5,4083.92,1,Returned,UPI
O05736,C0195,P078,2025-03-23 0:00:00,3,1470.94,0,1470.94,3,delivered,Wallet
O05737,C0467,P052,2024-06-19 0:00:00,3,2087.75,5,1983.36,3,DELIVERED,COD
O05738,C0313,P056,2025-09-07 0:00:00,2,4181.44,15,3554.22,8,DELIVERED,Wallet
O05739,C0210,P091,2024-02-03 0:00:00,4,6480.98,5,6156.93,9,Delivered,UPI
O05740,C0378,P093,2026-01-31 0:00:00,2,2458.17,5,2335.26,9,delivered,UPI
O05741,C0062,P078,2026-03-06 0:00:00,4,511.09,15,434.43,8,Cancelled,UPI
O05742,C0181,P016,2024-09-23 0:00:00,3,8638.9,10,7775.01,9,Cancelled,COD
O05743,C0279,P037,2026-04-09 0:00:00,4,9533.37,15,8103.36,4,DELIVERED,Card
O05744,C0431,P021,2025-10-24 0:00:00,4,777.87,15,661.19,3,Cancelled,Wallet
O05745,C0386,P002,2026-03-04 0:00:00,3,7251.59,0,7251.59,2,Cancelled,Wallet
O05746,C0451,P025,2023-11-20 0:00:00,1,6887.94,10,6199.15,10,DELIVERED,Wallet
O05747,C0217,P073,2023-01-31 0:00:00,5,6191.4,20,4953.12,1,delivered,UPI
O05748,C0492,P098,2023-05-26 0:00:00,2,3213.23,15,2731.25,12,Delivered,Card
O05749,C0072,P030,2025-12-17 0:00:00,1,1804.53,5,1714.3,11,DELIVERED,Wallet
O05750,C0304,P081,2023-11-12 0:00:00,3,7171.19,0,7171.19,3,Delivered,Wallet
O05751,C0191,P095,2026-02-07 0:00:00,2,1898.09,0,1898.09,4,delivered,Card
O05752,C0055,P090,2023-09-03 0:00:00,2,5975.27,20,4780.22,2,delivered,Wallet
O05753,C0278,P085,2025-07-26 0:00:00,5,5222.68,15,4439.28,4,Returned,Card
O05754,C0483,P069,2023-11-17 0:00:00,4,5737.3,15,4876.7,8,delivered,Wallet
O05755,C0395,P050,2025-04-15 0:00:00,1,6530.75,10,5877.68,10,DELIVERED,UPI
O05756,C0174,P059,2024-07-08 0:00:00,3,2929.46,10,2636.51,7,delivered,UPI
O05757,C0159,P087,2026-02-14 0:00:00,4,1974.64,0,1974.64,2,DELIVERED,Wallet
O05758,C0073,P007,2023-12-21 0:00:00,5,6449.29,20,5159.43,8,Returned,Wallet
O05759,C0140,P031,2024-03-23 0:00:00,1,1098.04,0,1098.04,9,Returned,UPI
O05760,C0387,P010,2025-06-16 0:00:00,3,9035.07,20,7228.06,2,Returned,Wallet
O05761,C0233,P097,2024-07-26 0:00:00,2,8981.82,0,8981.82,1,Returned,COD
O05762,C0226,P013,2023-12-07 0:00:00,1,8746.08,10,7871.47,3,Returned,Wallet
O05763,C0136,P098,2023-08-17 0:00:00,1,1849.79,20,1479.83,11,Cancelled,UPI
O05764,C0426,P008,2025-11-30 0:00:00,4,6123.08,15,5204.62,5,Returned,COD
O05765,C0260,P014,2024-02-06 0:00:00,1,9472.21,15,8051.38,4,Cancelled,UPI
O05766,C0244,P053,2023-11-22 0:00:00,3,5086.39,10,4577.75,4,delivered,Wallet
O05767,C0185,P069,2024-03-06 0:00:00,3,6209.31,0,6209.31,3,Returned,COD
O05768,C0038,P016,2025-04-22 0:00:00,1,8123.51,5,7717.33,9,DELIVERED,COD
O05769,C0055,P025,2023-12-16 0:00:00,4,4400.15,20,3520.12,8,Returned,UPI
O05770,C0052,P044,2025-12-03 0:00:00,1,7872.48,5,7478.86,11,DELIVERED,UPI
O05771,C0424,P007,2023-07-12 0:00:00,1,5733.68,20,4586.94,2,DELIVERED,Wallet
O05772,C0325,P076,2025-03-24 0:00:00,1,1750.61,10,1575.55,6,Returned,Card
O05773,C0276,P015,2023-10-15 0:00:00,5,6125.74,0,6125.74,1,delivered,COD
O05774,C0203,P007,2023-10-20 0:00:00,4,2664.16,0,2664.16,7,Cancelled,UPI
O05775,C0285,P072,2024-07-16 0:00:00,4,5829.31,5,5537.84,11,Cancelled,Wallet
O05776,C0102,P069,2024-04-15 0:00:00,4,9604.12,20,7683.3,10,DELIVERED,Wallet
O05777,C0332,P098,2024-06-07 0:00:00,4,7598.13,10,6838.32,1,Cancelled,Card
O05778,C0085,P013,2024-03-17 0:00:00,1,9903.66,20,7922.93,9,Delivered,UPI
O05779,C0426,P095,2024-09-08 0:00:00,3,8466.55,5,8043.22,2,delivered,UPI
O05780,C0273,P081,2024-08-30 0:00:00,3,7722.33,10,6950.1,8,delivered,COD
O05781,C0390,P003,2023-07-07 0:00:00,5,4420.64,10,3978.58,1,Returned,Wallet
O05782,C0185,P001,2023-05-06 0:00:00,4,5496.57,20,4397.26,5,DELIVERED,UPI
O05783,C0110,P004,2025-06-26 0:00:00,5,3958.29,0,3958.29,1,Cancelled,Wallet
O05784,C0199,P088,2025-04-03 0:00:00,1,5028.73,15,4274.42,2,Returned,COD
O05785,C0408,P083,2023-03-05 0:00:00,4,3452.67,20,2762.14,3,Returned,Wallet
O05786,C0263,P014,2025-12-30 0:00:00,4,1701.54,10,1531.39,2,Cancelled,Wallet
O05787,C0460,P033,2023-04-25 0:00:00,4,6241.49,5,5929.42,5,DELIVERED,COD
O05788,C0088,P011,2024-03-31 0:00:00,4,1850.75,10,1665.67,8,Returned,Wallet
O05789,C0498,P075,2023-06-02 0:00:00,2,6676.2,15,5674.77,12,Cancelled,UPI
O05790,C0377,P090,2023-11-19 0:00:00,3,6050.03,10,5445.03,8,delivered,UPI
O05791,C0217,P068,2025-02-08 0:00:00,5,771.49,15,655.77,7,delivered,Wallet
O05792,C0295,P028,2024-12-09 0:00:00,2,1448.77,20,1159.02,9,Returned,COD
O05793,C0356,P059,2023-06-30 0:00:00,1,8163.52,10,7347.17,6,delivered,Wallet
O05794,C0143,P013,2025-05-27 0:00:00,3,4188.61,10,3769.75,12,DELIVERED,Wallet
O05795,C0498,P011,2023-09-01 0:00:00,4,4486.14,0,4486.14,2,delivered,UPI
O05796,C0355,P044,2025-12-14 0:00:00,4,670.52,20,536.42,1,Returned,Card
O05797,C0412,P053,2024-01-09 0:00:00,3,5911.94,15,5025.15,3,DELIVERED,COD
O05798,C0365,P092,2024-05-01 0:00:00,2,3779.35,15,3212.45,1,delivered,COD
O05799,C0025,P067,2025-05-05 0:00:00,5,8081.93,20,6465.54,9,Delivered,Wallet
O05800,C0385,P002,2024-06-01 0:00:00,4,6886.81,20,5509.45,4,delivered,COD
O05801,C0277,P048,2024-03-20 0:00:00,2,2029.99,20,1623.99,8,delivered,UPI
O05802,C0279,P073,2024-03-20 0:00:00,1,1113.2,5,1057.54,10,Delivered,Wallet
O05803,C0177,P071,2024-09-25 0:00:00,1,3165.4,0,3165.4,7,Returned,UPI
O05804,C0171,P095,2023-01-01 0:00:00,1,8971.23,0,8971.23,7,delivered,COD
O05805,C0024,P079,2024-10-27 0:00:00,4,5708.54,0,5708.54,10,Returned,UPI
O05806,C0004,P035,2025-03-11 0:00:00,2,6980.86,15,5933.73,10,delivered,Wallet
O05807,C0265,P098,2024-01-31 0:00:00,5,8658.06,20,6926.45,2,Returned,Wallet
O05808,C0210,P076,2025-04-29 0:00:00,3,5540.99,20,4432.79,3,Delivered,Wallet
O05809,C0454,P009,2025-07-21 0:00:00,2,4194.1,15,3564.99,8,Cancelled,COD
O05810,C0404,P024,2025-02-26 0:00:00,2,6178.4,20,4942.72,11,Returned,UPI
O05811,C0474,P070,2026-01-19 0:00:00,3,8618.78,20,6895.02,8,Delivered,COD
O05812,C0408,P057,2025-08-25 0:00:00,1,7056.5,10,6350.85,3,Delivered,COD
O05813,C0021,P042,2025-05-30 0:00:00,1,8029.6,15,6825.16,6,delivered,COD
O05814,C0488,P096,2026-01-04 0:00:00,3,8504.65,20,6803.72,12,Returned,Wallet
O05815,C0052,P029,2026-03-21 0:00:00,4,5407.65,20,4326.12,1,Delivered,Wallet
O05816,C0430,P092,2023-06-15 0:00:00,2,5492.8,0,5492.8,5,DELIVERED,Card
O05817,C0405,P069,2024-09-26 0:00:00,1,1461.71,10,1315.54,11,delivered,Wallet
O05818,C0009,P038,2025-03-10 0:00:00,2,5685.37,0,5685.37,5,delivered,COD
O05819,C0475,P097,2024-01-14 0:00:00,4,5563.01,5,5284.86,8,delivered,Wallet
O05820,C0339,P074,2023-01-24 0:00:00,2,5074.46,5,4820.74,9,delivered,COD
O05821,C0146,P032,2024-01-01 0:00:00,3,7877.4,10,7089.66,9,Delivered,UPI
O05822,C0053,P063,2025-08-01 0:00:00,5,3557.85,20,2846.28,7,delivered,UPI
O05823,C0356,P093,2026-03-15 0:00:00,4,5879.61,0,5879.61,2,Returned,Wallet
O05824,C0306,P074,2025-02-01 0:00:00,3,4269.55,15,3629.12,1,Delivered,UPI
O05825,C0164,P062,2025-03-25 0:00:00,1,2546.17,10,2291.55,3,delivered,UPI
O05826,C0014,P045,2025-07-18 0:00:00,1,9803.34,20,7842.67,9,Returned,COD
O05827,C0141,P010,2024-12-06 0:00:00,3,721.4,0,721.4,5,Cancelled,Wallet
O05828,C0255,P048,2025-06-07 0:00:00,2,892,10,802.8,3,delivered,Card
O05829,C0092,P072,2024-03-10 0:00:00,1,2055.76,15,1747.4,10,Returned,UPI
O05830,C0329,P062,2025-03-14 0:00:00,3,2341.9,0,2341.9,4,Delivered,Wallet
O05831,C0143,P067,2024-01-31 0:00:00,2,545.69,5,518.41,12,delivered,Card
O05832,C0252,P061,2024-07-08 0:00:00,4,8966.09,15,7621.18,7,Cancelled,Wallet
O05833,C0259,P037,2023-11-16 0:00:00,5,3589.27,5,3409.81,5,Cancelled,Wallet
O05834,C0226,P046,2025-09-02 0:00:00,5,5328.77,20,4263.02,8,DELIVERED,Wallet
O05835,C0421,P039,2025-01-20 0:00:00,3,5531.73,15,4701.97,7,Delivered,Wallet
O05836,C0198,P069,2023-09-18 0:00:00,2,3131.86,15,2662.08,5,Returned,Wallet
O05837,C0267,P063,2024-03-01 0:00:00,3,1366.41,10,1229.77,11,DELIVERED,UPI
O05838,C0133,P081,2023-05-20 0:00:00,1,5732.29,15,4872.45,4,DELIVERED,COD
O05839,C0482,P053,2024-02-08 0:00:00,5,9071.68,15,7710.93,8,Returned,Wallet
O05840,C0275,P057,2024-01-02 0:00:00,1,9563.18,0,9563.18,9,Cancelled,Wallet
O05841,C0277,P065,2025-12-04 0:00:00,5,9515.08,0,9515.08,11,Cancelled,Wallet
O05842,C0352,P090,2023-03-04 0:00:00,3,7439.05,5,7067.1,6,DELIVERED,Wallet
O05843,C0208,P027,2024-06-20 0:00:00,5,9695.1,15,8240.84,2,Cancelled,COD
O05844,C0178,P030,2023-06-25 0:00:00,1,5547.08,15,4715.02,2,delivered,UPI
O05845,C0322,P079,2025-10-24 0:00:00,3,8975.6,5,8526.82,3,Cancelled,Wallet
O05846,C0162,P014,2024-06-03 0:00:00,1,5550.64,15,4718.04,7,Cancelled,Wallet
O05847,C0180,P073,2024-04-30 0:00:00,1,7941.68,0,7941.68,12,Returned,Wallet
O05848,C0095,P050,2024-09-23 0:00:00,4,851.44,10,766.3,3,Delivered,Card
O05849,C0337,P095,2025-01-09 0:00:00,3,9951.46,10,8956.31,12,Cancelled,Wallet
O05850,C0195,P070,2024-05-03 0:00:00,4,9676.98,5,9193.13,2,delivered,UPI
O05851,C0110,P084,2023-06-15 0:00:00,2,2011.54,15,1709.81,2,Returned,UPI
O05852,C0017,P093,2025-12-28 0:00:00,1,1859.69,10,1673.72,1,DELIVERED,Wallet
O05853,C0249,P032,2024-08-17 0:00:00,3,8247.64,10,7422.88,11,delivered,Card
O05854,C0340,P091,2023-05-16 0:00:00,5,2214.48,20,1771.58,3,Returned,Card
O05855,C0184,P076,2025-11-16 0:00:00,4,4207.16,10,3786.44,4,Delivered,Wallet
O05856,C0106,P018,2026-03-28 0:00:00,3,4205.4,20,3364.32,8,Cancelled,COD
O05857,C0055,P083,2024-01-24 0:00:00,5,3092.33,10,2783.1,8,Cancelled,UPI
O05858,C0269,P036,2024-12-13 0:00:00,2,2964.5,10,2668.05,10,Returned,Wallet
O05859,C0477,P004,2026-03-20 0:00:00,5,7399.58,20,5919.66,7,DELIVERED,Wallet
O05860,C0473,P055,2024-08-18 0:00:00,5,2385.15,0,2385.15,3,Cancelled,COD
O05861,C0091,P035,2024-07-02 0:00:00,5,9009.23,20,7207.38,8,DELIVERED,Wallet
O05862,C0352,P006,2026-04-01 0:00:00,2,1280.01,20,1024.01,3,delivered,Wallet
O05863,C0265,P012,2023-06-13 0:00:00,3,6066.14,20,4852.91,10,delivered,Card
O05864,C0071,P083,2025-11-05 0:00:00,1,2225.86,0,2225.86,2,DELIVERED,UPI
O05865,C0431,P014,2025-03-05 0:00:00,2,4141.18,10,3727.06,5,DELIVERED,Card
O05866,C0256,P061,2025-01-31 0:00:00,2,5141.27,0,5141.27,8,Delivered,Wallet
O05867,C0221,P004,2025-09-01 0:00:00,1,7633.58,5,7251.9,12,delivered,COD
O05868,C0240,P033,2025-12-25 0:00:00,4,5340.03,10,4806.03,7,DELIVERED,Wallet
O05869,C0419,P027,2023-10-15 0:00:00,3,9967.13,5,9468.77,1,delivered,Card
O05870,C0229,P092,2025-06-09 0:00:00,5,9351.09,10,8415.98,4,Cancelled,Card
O05871,C0040,P080,2025-05-15 0:00:00,1,7596.4,20,6077.12,3,DELIVERED,COD
O05872,C0139,P027,2023-07-10 0:00:00,5,9617.76,15,8175.1,3,delivered,UPI
O05873,C0315,P067,2024-02-05 0:00:00,2,3879.28,10,3491.35,9,Returned,Card
O05874,C0066,P100,2024-11-06 0:00:00,2,699.12,20,559.3,2,Cancelled,UPI
O05875,C0361,P087,2024-01-17 0:00:00,4,4780.06,0,4780.06,10,DELIVERED,COD
O05876,C0494,P057,2023-05-23 0:00:00,3,3354.22,15,2851.09,10,Delivered,Card
O05877,C0108,P015,2023-03-26 0:00:00,1,4051.7,15,3443.94,8,delivered,COD
O05878,C0411,P055,2024-04-17 0:00:00,2,4178.44,10,3760.6,12,Returned,COD
O05879,C0051,P002,2026-03-18 0:00:00,4,5519.05,10,4967.15,12,Delivered,Card
O05880,C0070,P049,2024-01-25 0:00:00,3,5770.5,10,5193.45,8,delivered,Wallet
O05881,C0311,P020,2025-03-07 0:00:00,3,827.42,5,786.05,2,DELIVERED,Card
O05882,C0417,P021,2025-11-23 0:00:00,1,7586.06,5,7206.76,8,Returned,UPI
O05883,C0327,P040,2026-03-11 0:00:00,4,2869.47,15,2439.05,12,Cancelled,UPI
O05884,C0002,P094,2023-08-28 0:00:00,4,6662.25,10,5996.03,10,Returned,Wallet
O05885,C0097,P075,2024-11-13 0:00:00,3,2595.98,5,2466.18,3,Delivered,Card
O05886,C0242,P001,2023-04-01 0:00:00,1,8952.21,0,8952.21,9,Delivered,UPI
O05887,C0184,P031,2023-09-26 0:00:00,5,8784.15,5,8344.94,1,delivered,UPI
O05888,C0393,P007,2025-12-19 0:00:00,5,6071.15,20,4856.92,7,Returned,Wallet
O05889,C0060,P002,2023-07-08 0:00:00,1,3268.93,15,2778.59,8,DELIVERED,Wallet
O05890,C0315,P093,2023-07-24 0:00:00,5,2222.84,15,1889.41,10,Delivered,Wallet
O05891,C0377,P052,2025-11-20 0:00:00,2,5893.42,15,5009.41,1,Returned,Wallet
O05892,C0239,P026,2023-09-06 0:00:00,3,4889.46,15,4156.04,3,Cancelled,UPI
O05893,C0157,P044,2023-02-01 0:00:00,2,8376.95,10,7539.26,12,Cancelled,Card
O05894,C0345,P045,2023-11-13 0:00:00,2,7548.92,0,7548.92,12,DELIVERED,UPI
O05895,C0381,P041,2025-06-02 0:00:00,4,6279.96,10,5651.96,11,DELIVERED,Wallet
O05896,C0478,P085,2024-06-04 0:00:00,5,4448.99,15,3781.64,11,Cancelled,Wallet
O05897,C0003,P002,2023-08-13 0:00:00,1,3141.5,20,2513.2,1,delivered,Wallet
O05898,C0050,P003,2025-08-30 0:00:00,3,2317.97,20,1854.38,12,delivered,Wallet
O05899,C0483,P085,2026-01-15 0:00:00,2,2309.53,5,2194.05,12,delivered,Card
O05900,C0446,P027,2024-04-26 0:00:00,4,4561.24,5,4333.18,3,DELIVERED,COD
O05901,C0208,P048,2025-08-03 0:00:00,1,1598.26,10,1438.43,8,Returned,Wallet
O05902,C0307,P012,2023-09-09 0:00:00,4,1245.82,0,1245.82,6,Returned,Wallet
O05903,C0320,P028,2024-02-27 0:00:00,2,6619.15,10,5957.23,4,DELIVERED,Wallet
O05904,C0329,P087,2025-03-07 0:00:00,5,1309.8,0,1309.8,10,delivered,UPI
O05905,C0270,P007,2023-02-08 0:00:00,3,9716.35,10,8744.72,11,Returned,Wallet
O05906,C0485,P089,2024-03-10 0:00:00,3,5233.62,10,4710.26,2,Delivered,Wallet
O05907,C0252,P007,2026-01-05 0:00:00,2,7486.28,20,5989.02,4,DELIVERED,COD
O05908,C0102,P081,2026-01-14 0:00:00,3,4187.54,10,3768.79,11,Delivered,Card
O05909,C0482,P040,2023-12-29 0:00:00,5,3985.26,10,3586.73,9,Returned,Card
O05910,C0024,P009,2025-08-20 0:00:00,2,9535.44,10,8581.9,8,Cancelled,Card
O05911,C0025,P055,2025-01-10 0:00:00,2,8489.21,15,7215.83,2,delivered,Wallet
O05912,C0243,P074,2024-04-22 0:00:00,1,3786.99,20,3029.59,3,Delivered,UPI
O05913,C0247,P060,2024-10-04 0:00:00,5,1980.04,15,1683.03,11,Cancelled,Wallet
O05914,C0154,P015,2025-11-01 0:00:00,5,7184.41,0,7184.41,1,Cancelled,Wallet
O05915,C0044,P095,2026-02-12 0:00:00,4,601.51,10,541.36,2,delivered,Wallet
O05916,C0161,P065,2025-06-01 0:00:00,5,1731.8,0,1731.8,8,DELIVERED,Card
O05917,C0165,P029,2024-02-10 0:00:00,3,5839.85,5,5547.86,8,Cancelled,Card
O05918,C0257,P081,2025-04-15 0:00:00,1,9598.8,20,7679.04,3,Returned,UPI
O05919,C0332,P051,2026-01-22 0:00:00,5,7017.41,0,7017.41,6,Cancelled,Card
O05920,C0480,P036,2023-12-14 0:00:00,3,9063.09,10,8156.78,7,delivered,UPI
O05921,C0341,P020,2024-11-23 0:00:00,4,8187.54,20,6550.03,10,DELIVERED,Wallet
O05922,C0274,P008,2026-02-04 0:00:00,2,1017.47,5,966.6,6,Cancelled,COD
O05923,C0316,P013,2023-03-22 0:00:00,4,6450.72,5,6128.18,5,Returned,Wallet
O05924,C0123,P011,2024-01-17 0:00:00,3,8506.72,10,7656.05,9,Cancelled,Card
O05925,C0148,P007,2025-10-14 0:00:00,4,8533.8,15,7253.73,4,Returned,Card
O05926,C0046,P050,2025-08-28 0:00:00,2,9427.57,20,7542.06,9,Delivered,Wallet
O05927,C0023,P023,2023-04-20 0:00:00,4,6821.96,0,6821.96,2,Cancelled,Card
O05928,C0055,P061,2023-05-16 0:00:00,4,1127.47,10,1014.72,5,Returned,COD
O05929,C0449,P012,2024-04-11 0:00:00,5,554.77,0,554.77,1,delivered,UPI
O05930,C0010,P033,2023-01-17 0:00:00,2,7353.65,10,6618.28,10,Delivered,UPI
O05931,C0339,P082,2026-02-17 0:00:00,2,8429.28,20,6743.42,6,Delivered,Wallet
O05932,C0148,P032,2025-07-07 0:00:00,2,4927.67,15,4188.52,5,Cancelled,COD
O05933,C0452,P040,2025-05-23 0:00:00,3,4085.47,20,3268.38,12,Returned,Wallet
O05934,C0106,P051,2024-11-03 0:00:00,1,4046.39,20,3237.11,4,Returned,Wallet
O05935,C0493,P076,2023-08-02 0:00:00,3,5130.18,0,5130.18,11,DELIVERED,Wallet
O05936,C0345,P078,2023-01-31 0:00:00,4,7550.24,0,7550.24,12,Returned,Card
O05937,C0178,P055,2023-09-06 0:00:00,2,9459.58,5,8986.6,7,Returned,Wallet
O05938,C0070,P049,2025-04-05 0:00:00,5,6533.04,20,5226.43,2,Cancelled,Wallet
O05939,C0374,P092,2025-07-26 0:00:00,5,1622.71,20,1298.17,3,Cancelled,UPI
O05940,C0182,P059,2024-08-30 0:00:00,5,8212.34,15,6980.49,7,Returned,Wallet
O05941,C0308,P060,2025-10-01 0:00:00,3,8478.8,15,7206.98,6,Cancelled,Wallet
O05942,C0163,P005,2025-04-22 0:00:00,2,7072.73,20,5658.18,8,Returned,Card
O05943,C0429,P029,2026-03-05 0:00:00,2,6728.73,5,6392.29,4,delivered,COD
O05944,C0090,P056,2025-10-18 0:00:00,4,7837.12,0,7837.12,12,Returned,Wallet
O05945,C0331,P070,2025-01-23 0:00:00,4,8251.26,15,7013.57,4,DELIVERED,Wallet
O05946,C0450,P027,2023-10-05 0:00:00,1,7566.86,10,6810.17,8,Delivered,Card
O05947,C0349,P072,2026-04-10 0:00:00,2,528.8,10,475.92,8,delivered,Wallet
O05948,C0483,P021,2024-12-10 0:00:00,5,8929.01,5,8482.56,11,DELIVERED,Wallet
O05949,C0276,P028,2025-10-17 0:00:00,4,6375.72,5,6056.93,9,Delivered,Wallet
O05950,C0308,P093,2023-01-21 0:00:00,5,7453.22,0,7453.22,11,Cancelled,Card
O05951,C0116,P099,2024-09-19 0:00:00,2,7007.39,0,7007.39,5,DELIVERED,Wallet
O05952,C0002,P082,2026-01-23 0:00:00,1,5848.13,15,4970.91,8,DELIVERED,Wallet
O05953,C0151,P079,2025-12-18 0:00:00,4,5135.91,0,5135.91,3,DELIVERED,Wallet
O05954,C0440,P007,2024-05-28 0:00:00,4,2776.28,5,2637.47,12,Delivered,Wallet
O05955,C0137,P002,2025-11-01 0:00:00,2,6495.83,15,5521.46,3,Returned,Wallet
O05956,C0127,P019,2023-07-26 0:00:00,2,5816.61,15,4944.12,12,DELIVERED,Wallet
O05957,C0040,P066,2025-08-10 0:00:00,4,4763.8,0,4763.8,10,Delivered,Wallet
O05958,C0411,P077,2023-11-22 0:00:00,1,568.95,10,512.06,10,Delivered,Wallet
O05959,C0012,P020,2023-12-20 0:00:00,1,9145.53,20,7316.42,11,Delivered,Card
O05960,C0161,P005,2024-01-26 0:00:00,1,9927.61,20,7942.09,1,DELIVERED,Wallet
O05961,C0047,P062,2024-06-09 0:00:00,1,8746.42,0,8746.42,5,Delivered,COD
O05962,C0044,P024,2024-05-21 0:00:00,4,8436.45,10,7592.81,6,delivered,COD
O05963,C0382,P080,2023-06-28 0:00:00,3,6076.56,15,5165.08,5,DELIVERED,Wallet
O05964,C0263,P053,2024-09-22 0:00:00,4,2337.16,5,2220.3,4,Returned,Wallet
O05965,C0107,P042,2024-01-03 0:00:00,3,681.22,15,579.04,5,DELIVERED,UPI
O05966,C0204,P034,2025-08-02 0:00:00,1,9834.87,0,9834.87,4,Delivered,Wallet
O05967,C0051,P027,2024-06-26 0:00:00,4,6326.64,15,5377.64,11,Delivered,COD
O05968,C0141,P099,2026-04-10 0:00:00,3,1922.19,10,1729.97,7,Delivered,COD
O05969,C0136,P026,2024-12-20 0:00:00,2,3787.95,0,3787.95,11,Delivered,Wallet
O05970,C0079,P077,2024-06-11 0:00:00,3,873.13,15,742.16,10,Cancelled,COD
O05971,C0044,P007,2023-03-12 0:00:00,1,7906.78,5,7511.44,8,DELIVERED,Wallet
O05972,C0386,P031,2025-11-23 0:00:00,5,1485.23,5,1410.97,5,DELIVERED,Wallet
O05973,C0332,P003,2025-01-12 0:00:00,1,7462.4,20,5969.92,3,Delivered,Wallet
O05974,C0377,P020,2024-05-14 0:00:00,1,9941.29,5,9444.23,11,Cancelled,Card
O05975,C0220,P047,2025-09-29 0:00:00,3,6034.06,5,5732.36,9,Delivered,UPI
O05976,C0056,P018,2025-11-12 0:00:00,5,2103.9,10,1893.51,12,delivered,UPI
O05977,C0263,P028,2023-12-15 0:00:00,1,4562.28,5,4334.17,2,DELIVERED,COD
O05978,C0205,P016,2026-03-19 0:00:00,1,4437.15,20,3549.72,8,Cancelled,UPI
O05979,C0314,P020,2024-04-30 0:00:00,4,6391.61,0,6391.61,3,delivered,COD
O05980,C0464,P048,2024-05-21 0:00:00,5,1667.27,5,1583.91,2,DELIVERED,Wallet
O05981,C0071,P092,2024-09-29 0:00:00,2,7262.56,20,5810.05,12,DELIVERED,UPI
O05982,C0137,P058,2025-10-13 0:00:00,3,7328.07,0,7328.07,2,Delivered,Wallet
O05983,C0275,P084,2023-09-21 0:00:00,5,2075.02,20,1660.02,2,DELIVERED,COD
O05984,C0067,P077,2025-09-26 0:00:00,4,5700.3,0,5700.3,7,Delivered,Card
O05985,C0492,P085,2025-06-18 0:00:00,5,4597.78,10,4138,12,delivered,Card
O05986,C0082,P056,2024-02-14 0:00:00,2,2568.18,5,2439.77,5,Cancelled,Wallet
O05987,C0054,P038,2024-12-02 0:00:00,2,4231.06,0,4231.06,5,delivered,Wallet
O05988,C0313,P001,2024-07-22 0:00:00,4,9443.28,20,7554.62,6,DELIVERED,Wallet
O05989,C0140,P035,2023-06-09 0:00:00,3,7117.65,15,6050,4,Delivered,COD
O05990,C0094,P097,2024-12-17 0:00:00,4,6069.1,0,6069.1,6,delivered,Card
O05991,C0340,P069,2024-04-20 0:00:00,5,2843.87,5,2701.68,5,DELIVERED,COD
O05992,C0386,P071,2025-07-09 0:00:00,1,5979.19,20,4783.35,1,Cancelled,COD
O05993,C0165,P086,2025-07-11 0:00:00,3,5193.95,20,4155.16,12,Delivered,Wallet
O05994,C0481,P023,2024-01-19 0:00:00,4,2190.31,0,2190.31,7,Delivered,COD
O05995,C0133,P079,2024-08-07 0:00:00,2,6764.09,15,5749.48,2,Returned,Wallet
O05996,C0220,P015,2024-12-14 0:00:00,2,3176.64,10,2858.98,3,delivered,Wallet
O05997,C0027,P072,2023-04-07 0:00:00,2,555.16,15,471.89,12,Returned,Card
O05998,C0257,P066,2024-01-09 0:00:00,1,7383.39,20,5906.71,10,delivered,UPI
O05999,C0003,P083,2024-07-14 0:00:00,5,8358.25,10,7522.43,2,delivered,Card
O06000,C0026,P094,2023-11-18 0:00:00,3,6947.99,15,5905.79,4,Cancelled,Wallet
O06001,C0045,P003,2023-02-01 0:00:00,2,6081.06,20,4864.85,6,delivered,Card
O06002,C0293,P074,2025-11-15 0:00:00,4,6178.01,5,5869.11,8,Returned,Card
O06003,C0221,P005,2024-04-20 0:00:00,3,7993.83,10,7194.45,3,delivered,Card
O06004,C0243,P083,2023-03-07 0:00:00,3,967.07,0,967.07,8,Delivered,Card
O06005,C0026,P049,2026-01-15 0:00:00,4,7835.86,0,7835.86,6,DELIVERED,Card
O06006,C0408,P075,2025-01-26 0:00:00,3,4121.65,20,3297.32,9,Returned,Card
O06007,C0400,P024,2023-10-15 0:00:00,1,5642.87,0,5642.87,2,Returned,Wallet
O06008,C0320,P092,2025-07-24 0:00:00,4,9642.32,0,9642.32,10,DELIVERED,Wallet
O06009,C0192,P075,2023-05-08 0:00:00,3,9224.11,0,9224.11,2,delivered,Wallet
O06010,C0242,P017,2024-12-05 0:00:00,3,8411.83,20,6729.46,4,Returned,UPI
O06011,C0143,P067,2024-02-22 0:00:00,1,1886.91,20,1509.53,9,DELIVERED,Card
O06012,C0219,P081,2025-10-01 0:00:00,2,9865.27,15,8385.48,11,Delivered,COD
O06013,C0421,P073,2024-11-26 0:00:00,3,9789.54,5,9300.06,12,Returned,Wallet
O06014,C0225,P086,2025-10-14 0:00:00,3,8130.38,0,8130.38,5,Delivered,UPI
O06015,C0330,P091,2023-04-07 0:00:00,4,9856.41,20,7885.13,12,delivered,COD
O06016,C0077,P015,2025-08-20 0:00:00,2,2579.99,5,2450.99,10,delivered,Card
O06017,C0191,P042,2025-12-27 0:00:00,3,604.55,10,544.1,2,Returned,Wallet
O06018,C0140,P086,2024-03-29 0:00:00,4,2852.23,0,2852.23,11,Returned,Wallet
O06019,C0440,P015,2023-08-19 0:00:00,1,4066.14,0,4066.14,3,Returned,Wallet
O06020,C0458,P015,2023-10-30 0:00:00,5,8155.92,20,6524.74,12,Cancelled,COD
O06021,C0335,P050,2025-05-16 0:00:00,5,3690.12,15,3136.6,7,DELIVERED,Wallet
O06022,C0462,P034,2023-02-17 0:00:00,1,3146.67,0,3146.67,8,Delivered,UPI
O06023,C0460,P053,2024-05-22 0:00:00,5,5694.77,0,5694.77,1,Returned,Card
O06024,C0178,P099,2024-06-27 0:00:00,2,3100.18,10,2790.16,7,Returned,COD
O06025,C0062,P083,2026-04-01 0:00:00,1,6827.26,20,5461.81,9,Cancelled,Wallet
O06026,C0058,P045,2024-08-06 0:00:00,3,8657.78,0,8657.78,10,delivered,Wallet
O06027,C0139,P047,2024-06-09 0:00:00,5,5801.48,0,5801.48,4,Returned,Wallet
O06028,C0269,P006,2023-05-23 0:00:00,2,771.88,10,694.69,1,Delivered,UPI
O06029,C0309,P069,2024-03-18 0:00:00,4,6072.3,15,5161.45,2,delivered,Card
O06030,C0200,P050,2024-08-12 0:00:00,1,4276.89,20,3421.51,3,Delivered,Card
O06031,C0291,P004,2025-05-31 0:00:00,1,4746.08,0,4746.08,10,DELIVERED,UPI
O06032,C0295,P014,2025-06-23 0:00:00,5,1595.63,15,1356.29,1,Returned,Wallet
O06033,C0277,P049,2024-11-03 0:00:00,3,1430.53,10,1287.48,1,delivered,Wallet
O06034,C0273,P026,2024-01-21 0:00:00,3,6002.58,10,5402.32,12,Delivered,Wallet
O06035,C0171,P033,2026-03-02 0:00:00,3,8743.27,15,7431.78,12,delivered,COD
O06036,C0265,P071,2025-11-18 0:00:00,4,9576.86,0,9576.86,7,Delivered,UPI
O06037,C0322,P086,2024-05-03 0:00:00,4,6463.4,20,5170.72,12,delivered,UPI
O06038,C0012,P063,2025-12-11 0:00:00,1,6183.11,0,6183.11,4,Delivered,Wallet
O06039,C0279,P015,2023-06-23 0:00:00,4,1721.51,5,1635.43,9,Returned,UPI
O06040,C0436,P013,2026-01-22 0:00:00,2,7508.39,15,6382.13,6,Delivered,Wallet
O06041,C0240,P056,2023-02-09 0:00:00,5,8666.77,10,7800.09,7,Delivered,COD
O06042,C0162,P064,2023-07-09 0:00:00,2,8142.52,10,7328.27,7,delivered,COD
O06043,C0291,P086,2024-12-23 0:00:00,3,3333.46,10,3000.11,8,Delivered,Wallet
O06044,C0010,P009,2024-06-25 0:00:00,4,1105.78,20,884.62,10,Delivered,Wallet
O06045,C0217,P022,2025-02-05 0:00:00,1,3679.93,10,3311.94,10,delivered,UPI
O06046,C0234,P100,2024-03-20 0:00:00,4,3818.96,20,3055.17,10,Returned,UPI
O06047,C0183,P090,2023-11-07 0:00:00,4,9056.45,15,7697.98,8,DELIVERED,COD
O06048,C0247,P076,2025-10-08 0:00:00,2,634,5,602.3,6,Delivered,Wallet
O06049,C0143,P048,2023-04-30 0:00:00,3,7944.16,0,7944.16,3,Cancelled,Wallet
O06050,C0409,P080,2025-05-13 0:00:00,5,2720.95,5,2584.9,11,Returned,UPI
O06051,C0213,P022,2024-02-27 0:00:00,1,5903.79,5,5608.6,7,Returned,Card
O06052,C0323,P058,2023-12-22 0:00:00,3,2212,15,1880.2,5,Cancelled,COD
O06053,C0051,P025,2024-11-18 0:00:00,3,5296.88,5,5032.04,7,DELIVERED,Card
O06054,C0066,P028,2024-02-19 0:00:00,4,9244.02,0,9244.02,9,delivered,UPI
O06055,C0205,P061,2024-09-24 0:00:00,1,2077.68,5,1973.8,12,Delivered,Wallet
O06056,C0390,P010,2024-11-27 0:00:00,1,5673.16,10,5105.84,2,Cancelled,COD
O06057,C0285,P059,2024-11-26 0:00:00,5,2589.25,15,2200.86,12,delivered,UPI
O06058,C0289,P020,2023-08-15 0:00:00,5,2957.08,5,2809.23,5,DELIVERED,Card
O06059,C0385,P009,2025-02-13 0:00:00,5,4442.1,10,3997.89,8,Cancelled,Card
O06060,C0083,P013,2025-06-07 0:00:00,5,2487.77,0,2487.77,3,Returned,Wallet
O06061,C0426,P090,2024-11-15 0:00:00,1,4930.34,0,4930.34,2,DELIVERED,Wallet
O06062,C0052,P023,2023-08-01 0:00:00,3,9704.49,0,9704.49,6,Returned,Wallet
O06063,C0040,P061,2026-03-23 0:00:00,2,9645.27,5,9163.01,11,Delivered,Wallet
O06064,C0459,P056,2025-03-06 0:00:00,3,3028.45,10,2725.61,8,Returned,Wallet
O06065,C0053,P063,2023-09-09 0:00:00,2,3766.32,15,3201.37,2,delivered,UPI
O06066,C0355,P035,2023-09-08 0:00:00,2,3398.17,10,3058.35,8,Cancelled,COD
O06067,C0107,P001,2023-04-07 0:00:00,4,3772.84,20,3018.27,3,delivered,Card
O06068,C0047,P052,2025-02-27 0:00:00,3,9791.3,5,9301.73,8,DELIVERED,Card
O06069,C0183,P011,2025-07-13 0:00:00,2,6789.65,5,6450.17,12,delivered,UPI
O06070,C0083,P057,2023-01-18 0:00:00,1,1152.75,5,1095.11,10,Returned,Wallet
O06071,C0323,P033,2023-09-15 0:00:00,2,7391.63,15,6282.89,7,Delivered,UPI
O06072,C0021,P079,2023-08-23 0:00:00,1,5237.3,5,4975.43,2,Delivered,COD
O06073,C0160,P075,2024-11-28 0:00:00,4,840.74,10,756.67,1,Cancelled,Wallet
O06074,C0281,P077,2025-01-03 0:00:00,5,8202.26,10,7382.03,4,delivered,Wallet
O06075,C0464,P024,2023-01-17 0:00:00,2,1786.84,20,1429.47,10,delivered,COD
O06076,C0444,P003,2025-10-04 0:00:00,2,2223.15,10,2000.84,9,Cancelled,Wallet
O06077,C0160,P028,2026-03-17 0:00:00,4,3890.53,15,3306.95,6,DELIVERED,Wallet
O06078,C0391,P010,2023-12-07 0:00:00,2,5764.23,0,5764.23,4,DELIVERED,COD
O06079,C0497,P009,2023-06-06 0:00:00,2,2962.11,10,2665.9,11,Cancelled,UPI
O06080,C0286,P021,2023-10-24 0:00:00,5,3020.96,15,2567.82,2,delivered,Card
O06081,C0233,P086,2024-09-10 0:00:00,3,6950.76,20,5560.61,5,Returned,COD
O06082,C0159,P039,2024-11-03 0:00:00,5,3873.47,15,3292.45,12,Delivered,COD
O06083,C0381,P076,2023-07-10 0:00:00,2,1621.51,10,1459.36,10,DELIVERED,Card
O06084,C0405,P075,2023-06-24 0:00:00,4,7320.05,15,6222.04,4,DELIVERED,Card
O06085,C0204,P015,2023-09-28 0:00:00,5,1731.66,15,1471.91,11,delivered,Wallet
O06086,C0472,P019,2024-11-17 0:00:00,3,3564.42,10,3207.98,11,Returned,UPI
O06087,C0226,P082,2024-03-21 0:00:00,2,4694.16,0,4694.16,8,Delivered,Wallet
O06088,C0372,P028,2024-06-06 0:00:00,4,5835.55,5,5543.77,10,Cancelled,Wallet
O06089,C0289,P015,2023-06-28 0:00:00,4,2028.55,15,1724.27,4,Returned,Card
O06090,C0422,P011,2025-11-10 0:00:00,5,9359.95,20,7487.96,10,delivered,COD
O06091,C0327,P042,2024-11-26 0:00:00,1,4702.91,20,3762.33,9,Delivered,COD
O06092,C0045,P034,2025-04-28 0:00:00,1,4216.47,0,4216.47,11,delivered,Wallet
O06093,C0479,P091,2025-03-15 0:00:00,5,3669.85,15,3119.37,8,delivered,Wallet
O06094,C0138,P047,2025-04-18 0:00:00,2,3442.73,20,2754.18,5,DELIVERED,UPI
O06095,C0018,P009,2024-08-29 0:00:00,3,6131.31,15,5211.61,11,DELIVERED,Wallet
O06096,C0171,P001,2023-07-02 0:00:00,2,2819.06,10,2537.15,5,delivered,Card
O06097,C0332,P065,2024-08-31 0:00:00,2,1197.26,20,957.81,9,Returned,UPI
O06098,C0126,P008,2026-02-07 0:00:00,2,1249.57,0,1249.57,10,Returned,Wallet
O06099,C0078,P084,2024-01-15 0:00:00,5,7268.68,0,7268.68,12,delivered,UPI
O06100,C0219,P053,2025-06-17 0:00:00,2,7316.08,10,6584.47,8,Delivered,Wallet
O06101,C0194,P091,2025-04-17 0:00:00,5,2412.56,20,1930.05,3,Cancelled,COD
O06102,C0484,P085,2025-09-11 0:00:00,1,6994.95,0,6994.95,10,Cancelled,Card
O06103,C0095,P047,2024-12-17 0:00:00,3,7062.63,10,6356.37,7,Returned,UPI
O06104,C0027,P016,2023-11-28 0:00:00,1,1840.64,5,1748.61,4,DELIVERED,Card
O06105,C0200,P055,2026-04-05 0:00:00,3,7003.43,5,6653.26,5,delivered,Wallet
O06106,C0149,P003,2024-03-07 0:00:00,1,4548.81,10,4093.93,5,Delivered,COD
O06107,C0134,P043,2025-10-08 0:00:00,5,2167.12,0,2167.12,12,delivered,UPI
O06108,C0415,P095,2026-02-03 0:00:00,3,4062.3,5,3859.18,7,DELIVERED,COD
O06109,C0146,P048,2023-01-29 0:00:00,3,507.58,15,431.44,10,DELIVERED,Wallet
O06110,C0287,P065,2024-07-31 0:00:00,2,7409.05,0,7409.05,3,Returned,Wallet
O06111,C0424,P069,2026-02-18 0:00:00,2,9628.1,20,7702.48,12,Cancelled,Wallet
O06112,C0324,P087,2024-11-28 0:00:00,5,5995.72,0,5995.72,7,delivered,Wallet
O06113,C0161,P023,2024-03-08 0:00:00,3,3208.42,10,2887.58,1,Cancelled,UPI
O06114,C0335,P057,2023-02-06 0:00:00,3,8747.28,0,8747.28,4,Cancelled,Card
O06115,C0448,P085,2024-12-16 0:00:00,4,9165.96,5,8707.66,1,Delivered,Card
O06116,C0292,P079,2024-04-09 0:00:00,5,3291.12,0,3291.12,8,Returned,Wallet
O06117,C0477,P034,2025-11-06 0:00:00,4,7474.78,20,5979.82,1,DELIVERED,Wallet
O06118,C0443,P034,2023-12-16 0:00:00,1,9414.32,20,7531.46,6,DELIVERED,Wallet
O06119,C0256,P014,2024-06-17 0:00:00,4,5465.78,0,5465.78,5,Delivered,Wallet
O06120,C0166,P090,2025-03-31 0:00:00,5,4898.01,20,3918.41,2,Returned,Wallet
O06121,C0234,P081,2026-04-07 0:00:00,2,1771.11,0,1771.11,4,Delivered,UPI
O06122,C0358,P062,2025-04-06 0:00:00,4,5769.41,10,5192.47,5,delivered,Card
O06123,C0306,P013,2024-09-16 0:00:00,1,7916.63,20,6333.3,11,Delivered,COD
O06124,C0451,P049,2025-10-01 0:00:00,5,2266.74,20,1813.39,8,Cancelled,COD
O06125,C0470,P053,2025-02-07 0:00:00,1,4617.54,5,4386.66,5,Cancelled,Wallet
O06126,C0194,P038,2024-04-29 0:00:00,3,8359.5,5,7941.52,2,Cancelled,UPI
O06127,C0301,P048,2023-10-11 0:00:00,1,1396.72,15,1187.21,6,DELIVERED,UPI
O06128,C0281,P021,2024-10-06 0:00:00,4,1617.86,20,1294.29,8,Cancelled,Card
O06129,C0006,P016,2023-06-17 0:00:00,3,7454.94,5,7082.19,2,Delivered,Card
O06130,C0342,P099,2023-05-19 0:00:00,5,5472.64,0,5472.64,10,DELIVERED,UPI
O06131,C0332,P059,2024-09-17 0:00:00,1,1305.96,5,1240.66,2,Cancelled,COD
O06132,C0224,P013,2024-07-15 0:00:00,5,1385.82,10,1247.24,10,delivered,Card
O06133,C0412,P089,2026-01-08 0:00:00,5,1036.7,0,1036.7,6,delivered,COD
O06134,C0256,P006,2026-04-12 0:00:00,4,7620.55,20,6096.44,12,delivered,Wallet
O06135,C0099,P053,2024-08-13 0:00:00,5,6615.7,10,5954.13,12,delivered,COD
O06136,C0486,P023,2025-03-01 0:00:00,3,2195.41,10,1975.87,1,Returned,UPI
O06137,C0311,P081,2023-09-27 0:00:00,3,8326.99,10,7494.29,7,Delivered,Wallet
O06138,C0359,P015,2025-12-07 0:00:00,2,5931.26,5,5634.7,4,Cancelled,UPI
O06139,C0387,P094,2024-07-20 0:00:00,5,8854.35,5,8411.63,5,DELIVERED,Card
O06140,C0282,P023,2026-03-12 0:00:00,5,4674.93,10,4207.44,1,Delivered,Card
O06141,C0257,P006,2023-10-11 0:00:00,5,7333.3,10,6599.97,10,Returned,COD
O06142,C0215,P089,2023-09-28 0:00:00,3,518.3,5,492.38,4,Cancelled,Wallet
O06143,C0452,P038,2025-07-26 0:00:00,3,6370.51,10,5733.46,11,Returned,UPI
O06144,C0459,P063,2023-12-08 0:00:00,3,3220.29,10,2898.26,4,Cancelled,UPI
O06145,C0128,P088,2025-11-25 0:00:00,4,700.12,20,560.1,3,delivered,UPI
O06146,C0005,P054,2025-09-13 0:00:00,1,631,5,599.45,9,Returned,Card
O06147,C0076,P020,2024-01-06 0:00:00,3,4508.37,10,4057.53,10,delivered,UPI
O06148,C0105,P041,2026-01-03 0:00:00,2,5383.21,0,5383.21,1,delivered,Card
O06149,C0133,P018,2024-07-02 0:00:00,2,2662.63,15,2263.24,5,Delivered,Wallet
O06150,C0342,P011,2024-06-04 0:00:00,1,5399.63,20,4319.7,11,Returned,Wallet
O06151,C0110,P088,2024-01-28 0:00:00,5,3074.75,5,2921.01,3,delivered,Card
O06152,C0062,P078,2026-04-10 0:00:00,5,9424.65,10,8482.18,7,Returned,Wallet
O06153,C0101,P019,2023-08-16 0:00:00,1,931.27,0,931.27,7,delivered,Card
O06154,C0438,P023,2023-06-15 0:00:00,4,9399.34,10,8459.41,11,DELIVERED,COD
O06155,C0245,P004,2023-04-16 0:00:00,3,8341.37,10,7507.23,3,DELIVERED,Wallet
O06156,C0396,P033,2023-12-05 0:00:00,5,9224.68,20,7379.74,5,delivered,COD
O06157,C0252,P033,2025-11-20 0:00:00,5,6987.57,15,5939.43,4,DELIVERED,UPI
O06158,C0075,P094,2023-04-14 0:00:00,5,2514.23,15,2137.1,4,Delivered,Wallet
O06159,C0487,P059,2025-09-25 0:00:00,1,8391.94,20,6713.55,11,delivered,Wallet
O06160,C0298,P067,2025-06-23 0:00:00,4,5088.36,10,4579.52,6,Cancelled,UPI
O06161,C0114,P065,2024-03-09 0:00:00,3,4944.17,5,4696.96,6,Cancelled,Wallet
O06162,C0304,P038,2023-04-25 0:00:00,1,2251.3,20,1801.04,12,DELIVERED,Wallet
O06163,C0488,P079,2023-12-12 0:00:00,5,7448.36,15,6331.11,2,Cancelled,Wallet
O06164,C0206,P020,2024-07-27 0:00:00,1,1957.2,0,1957.2,11,Returned,UPI
O06165,C0337,P018,2025-07-19 0:00:00,5,8076.92,10,7269.23,5,DELIVERED,Wallet
O06166,C0078,P007,2023-06-11 0:00:00,1,8765.73,5,8327.44,8,Cancelled,UPI
O06167,C0356,P051,2025-07-20 0:00:00,1,1567.23,10,1410.51,6,Cancelled,COD
O06168,C0233,P092,2024-09-13 0:00:00,4,2854.06,0,2854.06,7,DELIVERED,COD
O06169,C0403,P091,2025-10-02 0:00:00,5,8000.34,20,6400.27,1,Delivered,Wallet
O06170,C0365,P066,2023-04-18 0:00:00,4,6464.91,20,5171.93,12,delivered,UPI
O06171,C0346,P087,2023-01-04 0:00:00,2,9782.22,20,7825.78,4,Delivered,Wallet
O06172,C0413,P016,2024-10-17 0:00:00,2,2631.38,0,2631.38,8,DELIVERED,UPI
O06173,C0261,P002,2024-01-25 0:00:00,2,6361.77,5,6043.68,4,DELIVERED,COD
O06174,C0056,P020,2026-03-15 0:00:00,2,1501.59,5,1426.51,4,DELIVERED,UPI
O06175,C0280,P014,2026-01-13 0:00:00,3,5732.89,20,4586.31,12,Cancelled,COD
O06176,C0356,P023,2026-04-09 0:00:00,5,8553.7,20,6842.96,3,delivered,Wallet
O06177,C0121,P090,2026-03-23 0:00:00,5,870.44,20,696.35,9,Returned,Wallet
O06178,C0092,P004,2024-07-20 0:00:00,2,8805.12,0,8805.12,7,Cancelled,Wallet
O06179,C0278,P009,2025-03-04 0:00:00,5,4440.05,5,4218.05,4,Returned,UPI
O06180,C0240,P084,2025-02-16 0:00:00,5,7668.32,20,6134.66,1,Returned,Wallet
O06181,C0301,P009,2023-09-03 0:00:00,4,8543.99,10,7689.59,5,Returned,COD
O06182,C0226,P100,2023-12-25 0:00:00,1,901.64,10,811.48,3,DELIVERED,COD
O06183,C0024,P068,2025-10-09 0:00:00,4,2671.27,0,2671.27,12,delivered,COD
O06184,C0329,P094,2025-08-31 0:00:00,5,3363.53,5,3195.35,3,delivered,Wallet
O06185,C0250,P100,2023-10-29 0:00:00,3,2003.2,10,1802.88,3,delivered,UPI
O06186,C0198,P050,2024-04-23 0:00:00,1,7160.1,5,6802.1,12,Returned,Card
O06187,C0068,P060,2025-06-21 0:00:00,4,4889.12,10,4400.21,8,Cancelled,UPI
O06188,C0097,P090,2024-09-08 0:00:00,5,5334.82,10,4801.34,6,Cancelled,COD
O06189,C0119,P034,2025-12-29 0:00:00,4,3221.16,0,3221.16,9,Cancelled,Wallet
O06190,C0404,P021,2023-09-15 0:00:00,5,5152.56,15,4379.68,7,Returned,UPI
O06191,C0167,P031,2023-01-05 0:00:00,4,5062.73,5,4809.59,1,Returned,UPI
O06192,C0242,P070,2024-04-29 0:00:00,1,7929.92,0,7929.92,12,Delivered,Wallet
O06193,C0037,P076,2026-01-10 0:00:00,2,7458.26,5,7085.35,5,Cancelled,UPI
O06194,C0264,P012,2024-02-12 0:00:00,2,9159.76,5,8701.77,12,delivered,Wallet
O06195,C0136,P085,2024-12-17 0:00:00,2,2028.52,10,1825.67,6,DELIVERED,COD
O06196,C0364,P077,2023-12-24 0:00:00,4,9498.4,15,8073.64,8,DELIVERED,COD
O06197,C0234,P040,2023-02-18 0:00:00,4,8256.25,15,7017.81,2,Cancelled,Wallet
O06198,C0134,P017,2023-01-12 0:00:00,5,4181.11,20,3344.89,12,Cancelled,UPI
O06199,C0098,P058,2025-02-08 0:00:00,2,4987.65,20,3990.12,3,Delivered,Wallet
O06200,C0467,P004,2026-01-20 0:00:00,2,3512.92,20,2810.34,4,Cancelled,Wallet
O06201,C0040,P023,2023-06-18 0:00:00,4,5855.37,20,4684.3,9,delivered,Wallet
O06202,C0245,P010,2023-03-10 0:00:00,2,3502.65,20,2802.12,7,delivered,Wallet
O06203,C0053,P078,2024-02-14 0:00:00,2,2119.46,10,1907.51,12,delivered,COD
O06204,C0118,P063,2024-01-11 0:00:00,4,1740.06,20,1392.05,5,Returned,Card
O06205,C0454,P090,2023-09-29 0:00:00,5,2914.34,0,2914.34,6,Delivered,UPI
O06206,C0277,P021,2025-10-21 0:00:00,3,2832.91,0,2832.91,2,Delivered,Card
O06207,C0221,P085,2025-08-13 0:00:00,3,5073.99,20,4059.19,7,Returned,Card
O06208,C0382,P035,2023-04-13 0:00:00,1,2331.1,0,2331.1,10,Returned,Wallet
O06209,C0250,P054,2025-12-31 0:00:00,2,8817.75,15,7495.09,4,DELIVERED,Wallet
O06210,C0195,P064,2026-02-27 0:00:00,1,3379.21,0,3379.21,12,Returned,UPI
O06211,C0002,P066,2024-07-10 0:00:00,5,3260.41,10,2934.37,3,Returned,Wallet
O06212,C0135,P006,2025-02-03 0:00:00,3,2872.51,20,2298.01,10,Cancelled,Wallet
O06213,C0434,P028,2024-05-31 0:00:00,3,7661.03,10,6894.93,10,Delivered,UPI
O06214,C0232,P091,2025-08-28 0:00:00,1,8438.77,10,7594.89,9,delivered,Card
O06215,C0173,P079,2024-05-23 0:00:00,3,4989.67,10,4490.7,3,Delivered,Card
O06216,C0347,P100,2026-03-13 0:00:00,2,9608.31,5,9127.89,5,DELIVERED,COD
O06217,C0280,P017,2024-11-07 0:00:00,1,2849.1,0,2849.1,6,DELIVERED,Wallet
O06218,C0227,P086,2025-09-20 0:00:00,4,9684.34,5,9200.12,7,Returned,Card
O06219,C0209,P026,2026-01-18 0:00:00,5,603.88,15,513.3,2,Delivered,Wallet
O06220,C0007,P078,2026-03-30 0:00:00,4,2219.67,15,1886.72,5,Delivered,Wallet
O06221,C0058,P064,2025-03-10 0:00:00,2,4934.08,5,4687.38,12,DELIVERED,Wallet
O06222,C0395,P046,2024-09-13 0:00:00,1,2566.3,0,2566.3,11,DELIVERED,UPI
O06223,C0010,P086,2024-10-27 0:00:00,2,6153.4,20,4922.72,6,Returned,COD
O06224,C0276,P029,2024-11-02 0:00:00,5,3357.15,10,3021.43,3,Cancelled,UPI
O06225,C0463,P009,2023-06-17 0:00:00,2,1780.88,20,1424.7,6,Cancelled,COD
O06226,C0474,P070,2023-04-05 0:00:00,5,6530.05,5,6203.55,4,DELIVERED,Wallet
O06227,C0485,P034,2024-04-13 0:00:00,3,4220.81,0,4220.81,11,DELIVERED,UPI
O06228,C0217,P009,2023-03-10 0:00:00,4,4058.52,5,3855.59,3,Returned,COD
O06229,C0229,P088,2025-03-24 0:00:00,3,4271.92,0,4271.92,5,Delivered,Card
O06230,C0310,P063,2025-01-07 0:00:00,4,3689.59,20,2951.67,10,DELIVERED,Wallet
O06231,C0245,P069,2025-11-13 0:00:00,3,2347.93,15,1995.74,11,Delivered,Wallet
O06232,C0040,P014,2026-03-22 0:00:00,4,5392.19,0,5392.19,6,Returned,Wallet
O06233,C0406,P024,2023-06-21 0:00:00,5,4731.17,10,4258.05,4,Cancelled,Wallet
O06234,C0459,P062,2025-08-04 0:00:00,5,7764.75,10,6988.28,5,Delivered,Wallet
O06235,C0370,P065,2024-01-26 0:00:00,1,5448.7,10,4903.83,9,DELIVERED,Wallet
O06236,C0119,P022,2025-08-13 0:00:00,3,8687.37,10,7818.63,12,DELIVERED,COD
O06237,C0219,P047,2023-11-04 0:00:00,1,9754.08,0,9754.08,6,Cancelled,Wallet
O06238,C0083,P050,2025-04-01 0:00:00,1,9178.82,10,8260.94,7,Returned,Wallet
O06239,C0231,P076,2023-11-03 0:00:00,5,1272.09,0,1272.09,3,Delivered,UPI
O06240,C0217,P093,2024-07-22 0:00:00,5,3594.46,15,3055.29,2,Cancelled,UPI
O06241,C0399,P026,2023-11-26 0:00:00,4,9766.78,15,8301.76,10,delivered,Wallet
O06242,C0104,P093,2024-04-05 0:00:00,3,3624.97,20,2899.98,9,delivered,UPI
O06243,C0262,P042,2026-03-29 0:00:00,3,6023.72,5,5722.53,5,delivered,Wallet
O06244,C0107,P034,2025-10-20 0:00:00,2,7580.76,15,6443.65,6,Returned,Wallet
O06245,C0478,P011,2023-01-01 0:00:00,1,832.16,0,832.16,9,Delivered,UPI
O06246,C0239,P072,2023-01-27 0:00:00,2,9010.88,15,7659.25,2,Returned,Wallet
O06247,C0298,P009,2025-03-12 0:00:00,4,8063.49,10,7257.14,12,delivered,Wallet
O06248,C0375,P078,2024-08-27 0:00:00,4,7892.51,10,7103.26,11,delivered,COD
O06249,C0060,P047,2024-02-17 0:00:00,1,7700.87,5,7315.83,10,DELIVERED,Card
O06250,C0500,P062,2023-05-30 0:00:00,4,3613.12,20,2890.5,3,Returned,Wallet
O06251,C0070,P078,2024-01-24 0:00:00,4,7580.45,0,7580.45,5,delivered,Wallet
O06252,C0452,P088,2023-04-02 0:00:00,1,1539.33,0,1539.33,8,Delivered,Wallet
O06253,C0277,P029,2024-08-29 0:00:00,4,7667.78,10,6901,1,Returned,Wallet
O06254,C0234,P071,2024-02-19 0:00:00,3,5957.85,15,5064.17,1,Delivered,Card
O06255,C0140,P077,2025-10-18 0:00:00,2,2614.98,10,2353.48,4,Cancelled,Card
O06256,C0430,P097,2024-03-29 0:00:00,1,8451.74,10,7606.57,1,Cancelled,COD
O06257,C0378,P053,2025-02-26 0:00:00,1,3332.61,15,2832.72,12,Returned,Wallet
O06258,C0346,P025,2023-09-25 0:00:00,5,2276.6,5,2162.77,8,Cancelled,Wallet
O06259,C0481,P100,2025-04-26 0:00:00,4,805.29,20,644.23,10,delivered,COD
O06260,C0337,P077,2026-03-06 0:00:00,3,9254.01,0,9254.01,2,Delivered,COD
O06261,C0454,P044,2026-03-27 0:00:00,5,7291.44,10,6562.3,4,DELIVERED,Card
O06262,C0292,P094,2025-09-26 0:00:00,1,1297.84,20,1038.27,5,Delivered,COD
O06263,C0301,P073,2023-07-25 0:00:00,5,8668.56,10,7801.7,11,DELIVERED,COD
O06264,C0328,P098,2024-02-24 0:00:00,2,7820.72,0,7820.72,-2,Returned,Wallet
O06265,C0326,P055,2023-02-15 0:00:00,4,515.62,15,438.28,12,DELIVERED,Card
O06266,C0018,P037,2025-04-14 0:00:00,1,1841.31,0,1841.31,1,Returned,Wallet
O06267,C0270,P037,2026-02-02 0:00:00,5,4979.51,5,4730.53,1,Cancelled,COD
O06268,C0265,P050,2023-10-19 0:00:00,3,2165.34,10,1948.81,12,delivered,Card
O06269,C0413,P013,2025-07-31 0:00:00,5,1024,10,921.6,5,Delivered,UPI
O06270,C0375,P019,2024-03-19 0:00:00,3,9652.51,15,8204.63,10,Cancelled,Wallet
O06271,C0348,P067,2025-10-05 0:00:00,1,4923.46,0,4923.46,5,delivered,Card
O06272,C0464,P074,2024-11-14 0:00:00,3,7708.04,5,7322.64,11,Delivered,Wallet
O06273,C0012,P006,2024-09-19 0:00:00,3,6538.94,0,6538.94,8,Returned,Card
O06274,C0449,P032,2023-12-15 0:00:00,1,7027.43,15,5973.32,8,DELIVERED,COD
O06275,C0111,P072,2024-04-24 0:00:00,2,5688.56,15,4835.28,5,delivered,Wallet
O06276,C0156,P068,2024-03-07 0:00:00,2,8728.07,10,7855.26,4,Cancelled,Card
O06277,C0134,P053,2024-06-09 0:00:00,2,9006.11,5,8555.8,2,Cancelled,Wallet
O06278,C0407,P078,2024-10-31 0:00:00,3,9310.7,0,9310.7,1,DELIVERED,UPI
O06279,C0254,P014,2023-03-31 0:00:00,5,3496,5,3321.2,10,Delivered,UPI
O06280,C0391,P006,2026-04-10 0:00:00,3,7678.36,5,7294.44,6,Returned,UPI
O06281,C0340,P075,2025-04-17 0:00:00,5,6080.84,5,5776.8,1,Delivered,UPI
O06282,C0270,P051,2025-02-04 0:00:00,5,9269.27,15,7878.88,11,DELIVERED,Wallet
O06283,C0226,P050,2025-12-06 0:00:00,3,1977.18,10,1779.46,8,DELIVERED,Wallet
O06284,C0160,P019,2026-04-05 0:00:00,3,3979.02,15,3382.17,5,delivered,Wallet
O06285,C0412,P047,2023-09-25 0:00:00,4,3742.13,0,3742.13,3,Cancelled,Wallet
O06286,C0047,P055,2025-02-28 0:00:00,3,6292.97,5,5978.32,3,Delivered,Wallet
O06287,C0312,P071,2025-07-10 0:00:00,3,2159.55,20,1727.64,5,Delivered,COD
O06288,C0452,P064,2025-07-09 0:00:00,2,7593.81,5,7214.12,8,Returned,Card
O06289,C0265,P050,2024-03-12 0:00:00,1,2179.76,0,2179.76,4,Cancelled,Card
O06290,C0105,P028,2025-08-14 0:00:00,2,9949.42,15,8457.01,6,delivered,COD
O06291,C0489,P056,2024-10-17 0:00:00,4,9836.4,15,8360.94,12,Returned,COD
O06292,C0473,P081,2025-03-06 0:00:00,5,1857.1,15,1578.53,5,Returned,Wallet
O06293,C0326,P004,2024-05-16 0:00:00,1,3780.35,20,3024.28,4,Cancelled,Wallet
O06294,C0397,P087,2024-09-30 0:00:00,3,9994.92,0,9994.92,11,delivered,Wallet
O06295,C0210,P015,2023-02-13 0:00:00,5,8615.18,5,8184.42,8,Cancelled,COD
O06296,C0178,P099,2024-12-24 0:00:00,1,3510.02,0,3510.02,12,DELIVERED,UPI
O06297,C0280,P016,2026-02-25 0:00:00,1,5190.43,10,4671.39,11,Returned,Wallet
O06298,C0271,P078,2023-02-26 0:00:00,5,8793.06,0,8793.06,9,Delivered,Wallet
O06299,C0234,P002,2023-06-12 0:00:00,1,7472.88,15,6351.95,10,delivered,Wallet
O06300,C0087,P083,2024-06-18 0:00:00,5,2531.13,0,2531.13,7,delivered,UPI
O06301,C0320,P099,2025-09-13 0:00:00,4,961.37,0,961.37,7,Cancelled,Wallet
O06302,C0438,P052,2026-02-03 0:00:00,1,3761.32,5,3573.25,3,delivered,UPI
O06303,C0298,P094,2023-01-03 0:00:00,5,8287.01,10,7458.31,2,delivered,Card
O06304,C0243,P032,2023-09-16 0:00:00,2,5217.63,0,5217.63,12,DELIVERED,Wallet
O06305,C0123,P005,2024-02-20 0:00:00,3,6422.8,5,6101.66,3,DELIVERED,Wallet
O06306,C0129,P027,2023-06-17 0:00:00,5,5855.05,0,5855.05,12,Cancelled,Card
O06307,C0108,P099,2023-05-17 0:00:00,1,7502.78,10,6752.5,7,Delivered,Wallet
O06308,C0035,P073,2026-01-05 0:00:00,4,7738.27,15,6577.53,11,Cancelled,Wallet
O06309,C0186,P080,2024-01-24 0:00:00,2,3823.21,10,3440.89,5,Delivered,Wallet
O06310,C0462,P057,2023-01-08 0:00:00,1,2612.29,0,2612.29,5,Returned,Wallet
O06311,C0434,P003,2024-12-01 0:00:00,4,2334.37,0,2334.37,11,DELIVERED,UPI
O06312,C0057,P084,2026-02-13 0:00:00,4,9034.96,15,7679.72,8,Cancelled,Card
O06313,C0098,P012,2024-08-28 0:00:00,5,3065.18,15,2605.4,2,DELIVERED,Card
O06314,C0400,P003,2025-06-21 0:00:00,5,3173.81,0,3173.81,3,Returned,COD
O06315,C0155,P007,2023-12-29 0:00:00,3,6831.15,20,5464.92,9,delivered,Card
O06316,C0050,P071,2023-04-22 0:00:00,4,7337.85,15,6237.17,3,Cancelled,Wallet
O06317,C0385,P094,2024-08-04 0:00:00,4,1701.71,5,1616.62,4,DELIVERED,COD
O06318,C0020,P052,2025-06-20 0:00:00,3,8943.94,0,8943.94,10,Cancelled,COD
O06319,C0099,P002,2025-05-01 0:00:00,2,1120.72,0,1120.72,9,delivered,COD
O06320,C0344,P067,2024-06-08 0:00:00,3,2399.06,15,2039.2,11,delivered,COD
O06321,C0416,P030,2025-07-31 0:00:00,4,8816.09,10,7934.48,3,delivered,COD
O06322,C0160,P067,2025-05-08 0:00:00,2,7039.25,20,5631.4,3,Returned,Wallet
O06323,C0435,P100,2024-03-28 0:00:00,5,8472.59,5,8048.96,6,DELIVERED,UPI
O06324,C0134,P084,2025-03-21 0:00:00,2,9592.6,5,9112.97,8,Returned,UPI
O06325,C0113,P062,2023-01-20 0:00:00,2,2685.53,10,2416.98,2,DELIVERED,Wallet
O06326,C0084,P024,2023-06-18 0:00:00,4,8857.93,15,7529.24,3,delivered,UPI
O06327,C0339,P036,2023-09-30 0:00:00,1,7472.38,0,7472.38,4,Delivered,Card
O06328,C0284,P039,2025-02-02 0:00:00,2,6940.01,20,5552.01,4,delivered,COD
O06329,C0373,P053,2024-05-06 0:00:00,1,8041.44,5,7639.37,11,Returned,Card
O06330,C0209,P044,2025-11-05 0:00:00,4,4087.01,20,3269.61,4,Cancelled,Wallet
O06331,C0356,P042,2023-08-22 0:00:00,3,6355.16,20,5084.13,9,delivered,COD
O06332,C0306,P050,2025-10-16 0:00:00,3,8112.49,10,7301.24,3,Cancelled,Card
O06333,C0278,P027,2023-07-01 0:00:00,4,8607.87,20,6886.3,3,Returned,Wallet
O06334,C0205,P030,2024-05-14 0:00:00,5,6744.75,0,6744.75,7,DELIVERED,Card
O06335,C0133,P094,2023-08-19 0:00:00,5,8199.39,20,6559.51,6,Cancelled,Wallet
O06336,C0347,P034,2026-03-21 0:00:00,2,3305.6,15,2809.76,6,Delivered,UPI
O06337,C0253,P051,2024-12-24 0:00:00,3,8896.51,15,7562.03,5,Delivered,Card
O06338,C0235,P046,2024-04-07 0:00:00,4,5083.55,10,4575.2,1,DELIVERED,UPI
O06339,C0085,P073,2024-03-18 0:00:00,2,5378.25,10,4840.43,7,delivered,COD
O06340,C0273,P020,2023-11-14 0:00:00,5,3589.46,10,3230.51,12,delivered,UPI
O06341,C0176,P073,2025-05-24 0:00:00,5,8313.23,10,7481.91,1,Cancelled,Wallet
O06342,C0290,P071,2024-03-23 0:00:00,3,6864.98,15,5835.23,5,delivered,COD
O06343,C0432,P050,2026-04-05 0:00:00,3,1427.41,15,1213.3,10,delivered,Wallet
O06344,C0414,P037,2024-04-03 0:00:00,5,1922.43,5,1826.31,2,Cancelled,Card
O06345,C0479,P029,2023-06-22 0:00:00,3,6572.16,5,6243.55,9,Delivered,Wallet
O06346,C0399,P058,2025-12-09 0:00:00,5,4507.2,10,4056.48,5,Cancelled,Wallet
O06347,C0045,P013,2025-04-07 0:00:00,4,2394.38,0,2394.38,9,Returned,COD
O06348,C0386,P078,2025-10-17 0:00:00,3,8452.73,20,6762.18,7,Delivered,Wallet
O06349,C0293,P072,2025-08-04 0:00:00,4,7021.95,0,7021.95,12,DELIVERED,UPI
O06350,C0413,P098,2026-04-14 0:00:00,3,7639.55,0,7639.55,10,Returned,COD
O06351,C0434,P016,2025-09-12 0:00:00,5,5574.97,10,5017.47,2,DELIVERED,Card
O06352,C0159,P004,2024-08-30 0:00:00,4,1259.02,5,1196.07,8,DELIVERED,UPI
O06353,C0290,P083,2024-03-23 0:00:00,2,8429.39,20,6743.51,9,Cancelled,UPI
O06354,C0142,P029,2023-06-28 0:00:00,5,1595.08,5,1515.33,11,Returned,Wallet
O06355,C0476,P023,2024-06-06 0:00:00,1,851.85,10,766.67,10,Cancelled,UPI
O06356,C0133,P086,2026-03-12 0:00:00,1,8945.03,5,8497.78,6,Returned,Wallet
O06357,C0027,P066,2023-05-27 0:00:00,2,4303.31,5,4088.14,6,Delivered,Wallet
O06358,C0397,P017,2026-03-30 0:00:00,4,4655.81,0,4655.81,11,DELIVERED,Wallet
O06359,C0024,P050,2024-07-08 0:00:00,5,675.31,5,641.54,11,delivered,Wallet
O06360,C0144,P069,2025-10-26 0:00:00,2,2611.04,10,2349.94,9,Cancelled,Wallet
O06361,C0145,P098,2025-11-27 0:00:00,5,6796.88,20,5437.5,7,DELIVERED,UPI
O06362,C0018,P045,2024-02-23 0:00:00,2,1264.55,5,1201.32,7,Cancelled,UPI
O06363,C0201,P035,2024-03-05 0:00:00,4,1889.04,5,1794.59,3,Cancelled,UPI
O06364,C0243,P008,2024-10-18 0:00:00,1,2834.92,20,2267.94,9,Cancelled,UPI
O06365,C0376,P048,2024-09-11 0:00:00,4,2036.14,20,1628.91,8,Returned,Wallet
O06366,C0211,P016,2024-06-30 0:00:00,1,7515.34,0,7515.34,5,Cancelled,Wallet
O06367,C0446,P081,2024-12-22 0:00:00,5,3155.67,5,2997.89,9,Cancelled,UPI
O06368,C0471,P098,2025-04-27 0:00:00,1,4628.97,15,3934.62,9,Cancelled,Wallet
O06369,C0317,P058,2024-11-19 0:00:00,5,6231.78,5,5920.19,5,delivered,Wallet
O06370,C0293,P073,2024-03-03 0:00:00,2,891.39,15,757.68,10,delivered,Wallet
O06371,C0379,P051,2023-08-17 0:00:00,1,2855.04,20,2284.03,12,DELIVERED,Wallet
O06372,C0103,P058,2025-12-10 0:00:00,3,9850.54,5,9358.01,9,Delivered,Card
O06373,C0276,P070,2023-02-13 0:00:00,4,1255.81,0,1255.81,6,Cancelled,COD
O06374,C0173,P039,2024-10-30 0:00:00,4,7937.74,5,7540.85,7,Cancelled,COD
O06375,C0201,P025,2026-02-04 0:00:00,4,4203.4,15,3572.89,4,Delivered,Card
O06376,C0441,P008,2024-08-04 0:00:00,5,1858.12,5,1765.21,4,delivered,UPI
O06377,C0282,P024,2023-03-04 0:00:00,1,2693.63,20,2154.9,10,DELIVERED,Wallet
O06378,C0469,P097,2023-07-09 0:00:00,4,5846.74,5,5554.4,1,delivered,Card
O06379,C0416,P096,2024-03-21 0:00:00,2,3683.96,15,3131.37,10,Cancelled,Wallet
O06380,C0302,P088,2023-09-23 0:00:00,3,6172.04,0,6172.04,3,Returned,Card
O06381,C0147,P042,2025-08-29 0:00:00,1,1145.32,5,1088.05,12,DELIVERED,UPI
O06382,C0362,P038,2023-06-10 0:00:00,5,8944.67,0,8944.67,8,Delivered,Card
O06383,C0297,P055,2024-10-01 0:00:00,5,1976.44,5,1877.62,7,Returned,Card
O06384,C0123,P071,2023-01-29 0:00:00,5,8481.64,15,7209.39,2,Delivered,Card
O06385,C0234,P096,2024-02-11 0:00:00,2,5839.79,5,5547.8,12,Cancelled,UPI
O06386,C0212,P010,2024-08-13 0:00:00,3,7334.44,0,7334.44,11,DELIVERED,Wallet
O06387,C0057,P083,2023-06-03 0:00:00,1,9108.96,10,8198.06,9,Delivered,Wallet
O06388,C0095,P022,2024-04-28 0:00:00,5,6222.56,5,5911.43,10,Delivered,Wallet
O06389,C0366,P087,2025-12-06 0:00:00,4,7561.02,20,6048.82,6,Returned,Card
O06390,C0307,P067,2023-06-03 0:00:00,2,898.1,0,898.1,9,Delivered,Wallet
O06391,C0470,P064,2024-09-06 0:00:00,2,2681.9,5,2547.8,11,Cancelled,Wallet
O06392,C0137,P016,2023-01-13 0:00:00,2,8108.7,0,8108.7,5,Returned,Wallet
O06393,C0128,P063,2024-08-20 0:00:00,2,3416.89,10,3075.2,6,delivered,COD
O06394,C0170,P071,2024-06-22 0:00:00,5,7701.69,0,7701.69,9,Cancelled,Wallet
O06395,C0328,P025,2023-06-17 0:00:00,1,1975.31,20,1580.25,11,Delivered,Wallet
O06396,C0006,P038,2024-05-06 0:00:00,1,4054.75,0,4054.75,2,Returned,Wallet
O06397,C0497,P040,2023-07-05 0:00:00,5,7188,5,6828.6,4,Delivered,Card
O06398,C0200,P027,2023-08-06 0:00:00,3,1871.22,0,1871.22,11,Delivered,Wallet
O06399,C0485,P071,2025-08-17 0:00:00,2,4526.07,20,3620.86,2,Cancelled,Wallet
O06400,C0325,P069,2025-06-15 0:00:00,5,6304.33,0,6304.33,7,delivered,Wallet
O06401,C0253,P047,2026-01-23 0:00:00,4,1690.71,0,1690.71,10,Delivered,UPI
O06402,C0015,P068,2023-11-04 0:00:00,1,7040.86,10,6336.77,12,DELIVERED,Wallet
O06403,C0246,P053,2026-02-15 0:00:00,2,2510.19,15,2133.66,2,delivered,COD
O06404,C0264,P004,2023-03-28 0:00:00,1,3539.85,5,3362.86,9,DELIVERED,Wallet
O06405,C0013,P048,2023-03-30 0:00:00,4,9445.57,10,8501.01,10,Returned,COD
O06406,C0469,P034,2023-09-15 0:00:00,5,7535.19,0,7535.19,1,Delivered,COD
O06407,C0287,P070,2025-06-22 0:00:00,4,2501.51,0,2501.51,8,DELIVERED,Card
O06408,C0447,P033,2024-08-28 0:00:00,4,2631.33,5,2499.76,9,Delivered,Card
O06409,C0442,P023,2023-06-01 0:00:00,2,6947.9,10,6253.11,1,Delivered,Card
O06410,C0423,P028,2024-10-12 0:00:00,4,7607.94,0,7607.94,4,Returned,Card
O06411,C0159,P086,2023-06-19 0:00:00,2,3641.07,0,3641.07,8,DELIVERED,Wallet
O06412,C0202,P005,2024-06-24 0:00:00,1,8991.86,20,7193.49,9,Delivered,Wallet
O06413,C0415,P092,2024-09-15 0:00:00,1,3460.24,10,3114.22,4,Returned,UPI
O06414,C0162,P058,2024-08-09 0:00:00,5,5937.07,10,5343.36,11,Cancelled,COD
O06415,C0112,P006,2024-11-25 0:00:00,2,2360.62,5,2242.59,1,Returned,UPI
O06416,C0176,P001,2025-05-30 0:00:00,5,1623.78,20,1299.02,4,delivered,Wallet
O06417,C0384,P077,2024-07-19 0:00:00,2,3926.4,20,3141.12,12,Returned,UPI
O06418,C0479,P026,2024-05-02 0:00:00,5,6719.85,10,6047.87,8,delivered,UPI
O06419,C0272,P049,2024-12-23 0:00:00,2,8236.17,20,6588.94,12,DELIVERED,Wallet
O06420,C0005,P082,2025-12-24 0:00:00,5,3739.66,0,3739.66,3,Delivered,COD
O06421,C0346,P074,2023-11-10 0:00:00,2,5667.85,10,5101.07,11,Cancelled,Wallet
O06422,C0144,P051,2024-10-28 0:00:00,3,1120.53,5,1064.5,12,Delivered,Wallet
O06423,C0059,P081,2023-12-09 0:00:00,2,6991.1,20,5592.88,7,Delivered,UPI
O06424,C0476,P029,2024-07-16 0:00:00,3,885.99,15,753.09,9,Delivered,UPI
O06425,C0216,P081,2023-05-03 0:00:00,4,8305.82,0,8305.82,11,Delivered,UPI
O06426,C0413,P031,2024-09-24 0:00:00,5,7389.15,5,7019.69,8,Returned,Wallet
O06427,C0334,P098,2024-05-08 0:00:00,4,2427.67,0,2427.67,4,Returned,Wallet
O06428,C0419,P070,2025-02-08 0:00:00,3,2419.4,15,2056.49,3,Delivered,Card
O06429,C0344,P007,2023-03-09 0:00:00,2,2926.05,0,2926.05,11,delivered,COD
O06430,C0273,P030,2024-12-04 0:00:00,5,2374.57,10,2137.11,2,Delivered,UPI
O06431,C0007,P086,2025-12-22 0:00:00,2,1881.12,15,1598.95,5,Returned,Wallet
O06432,C0370,P034,2023-10-07 0:00:00,3,9818.37,15,8345.61,9,delivered,COD
O06433,C0412,P056,2024-09-28 0:00:00,1,6468.61,0,6468.61,3,delivered,UPI
O06434,C0038,P050,2024-04-21 0:00:00,3,6061.41,20,4849.13,5,DELIVERED,COD
O06435,C0330,P080,2025-05-02 0:00:00,4,4949.33,20,3959.46,8,Returned,Card
O06436,C0425,P011,2025-01-21 0:00:00,5,6881.49,5,6537.42,3,Cancelled,UPI
O06437,C0006,P038,2024-03-24 0:00:00,3,8222.6,5,7811.47,4,DELIVERED,Wallet
O06438,C0470,P066,2023-10-20 0:00:00,3,5774.93,10,5197.44,9,Cancelled,Wallet
O06439,C0465,P027,2023-08-17 0:00:00,4,3280.85,5,3116.81,8,DELIVERED,UPI
O06440,C0280,P014,2023-01-16 0:00:00,2,6288.66,5,5974.23,1,delivered,Wallet
O06441,C0192,P074,2025-08-16 0:00:00,1,1167.2,10,1050.48,6,Returned,Wallet
O06442,C0260,P040,2024-08-12 0:00:00,2,1182.62,15,1005.23,5,delivered,UPI
O06443,C0463,P062,2024-11-20 0:00:00,3,2526.11,10,2273.5,11,DELIVERED,UPI
O06444,C0326,P069,2026-02-17 0:00:00,5,1904.31,5,1809.09,9,Delivered,Wallet
O06445,C0453,P042,2025-11-21 0:00:00,1,2713.42,15,2306.41,10,Returned,UPI
O06446,C0158,P049,2024-04-02 0:00:00,4,2644.48,5,2512.26,2,DELIVERED,COD
O06447,C0419,P054,2024-03-15 0:00:00,3,1853.73,10,1668.36,9,Returned,Wallet
O06448,C0392,P020,2023-09-17 0:00:00,2,999.44,5,949.47,4,Cancelled,UPI
O06449,C0245,P089,2024-08-22 0:00:00,3,6291.15,5,5976.59,3,Delivered,Card
O06450,C0135,P047,2026-02-20 0:00:00,4,3849.4,20,3079.52,3,Delivered,Card
O06451,C0051,P065,2024-12-26 0:00:00,2,7350.96,5,6983.41,9,DELIVERED,Wallet
O06452,C0265,P067,2023-12-27 0:00:00,1,8268.69,0,8268.69,11,Cancelled,Card
O06453,C0301,P074,2024-06-14 0:00:00,4,6539.81,10,5885.83,1,DELIVERED,Wallet
O06454,C0152,P098,2023-03-20 0:00:00,1,5574.41,0,5574.41,3,Cancelled,Card
O06455,C0180,P034,2025-06-15 0:00:00,1,7361.55,15,6257.32,4,delivered,Card
O06456,C0201,P025,2024-08-18 0:00:00,4,1058.74,10,952.87,12,Returned,UPI
O06457,C0341,P015,2026-02-17 0:00:00,3,1588.49,10,1429.64,8,Delivered,Wallet
O06458,C0476,P025,2025-05-28 0:00:00,3,5863.28,5,5570.12,11,Cancelled,COD
O06459,C0133,P014,2023-01-01 0:00:00,2,5558.28,10,5002.45,11,Returned,Card
O06460,C0179,P075,2023-11-04 0:00:00,4,3141.99,15,2670.69,7,DELIVERED,UPI
O06461,C0426,P089,2024-04-17 0:00:00,4,4579.58,5,4350.6,8,Cancelled,COD
O06462,C0051,P038,2025-03-18 0:00:00,2,4050.8,5,3848.26,3,delivered,UPI
O06463,C0272,P027,2023-02-12 0:00:00,4,1070.43,0,1070.43,6,DELIVERED,Card
O06464,C0034,P007,2023-12-29 0:00:00,5,9271.35,15,7880.65,4,Cancelled,COD
O06465,C0350,P038,2024-02-14 0:00:00,3,9454.22,15,8036.09,5,Cancelled,Wallet
O06466,C0267,P032,2024-09-02 0:00:00,4,2664.56,5,2531.33,1,Delivered,Card
O06467,C0109,P098,2026-04-13 0:00:00,5,6125.49,10,5512.94,10,delivered,COD
O06468,C0480,P026,2025-01-15 0:00:00,5,7065.77,15,6005.9,10,delivered,Wallet
O06469,C0167,P038,2023-11-03 0:00:00,3,8744.55,5,8307.32,12,Cancelled,Card
O06470,C0309,P083,2023-11-20 0:00:00,4,4818.32,0,4818.32,9,Cancelled,Wallet
O06471,C0212,P050,2025-06-18 0:00:00,1,1353.27,15,1150.28,2,delivered,Card
O06472,C0179,P076,2024-07-21 0:00:00,2,1643.25,15,1396.76,8,Delivered,COD
O06473,C0175,P029,2024-04-03 0:00:00,3,5122.14,5,4866.03,5,Cancelled,Wallet
O06474,C0223,P018,2025-07-31 0:00:00,5,7955.09,15,6761.83,12,Cancelled,Card
O06475,C0386,P052,2024-03-28 0:00:00,3,2824.53,15,2400.85,1,Delivered,UPI
O06476,C0328,P099,2026-02-11 0:00:00,4,6100.32,5,5795.3,4,Returned,UPI
O06477,C0443,P054,2024-03-28 0:00:00,4,5251.1,5,4988.55,6,Returned,Card
O06478,C0380,P050,2023-10-18 0:00:00,1,1530.23,15,1300.7,2,Cancelled,Wallet
O06479,C0060,P007,2024-12-24 0:00:00,5,5034.72,5,4782.98,11,Returned,Wallet
O06480,C0019,P080,2024-08-25 0:00:00,2,3339.4,15,2838.49,1,Cancelled,Wallet
O06481,C0437,P083,2025-03-27 0:00:00,3,4837.95,20,3870.36,4,Delivered,Wallet
O06482,C0228,P074,2023-09-29 0:00:00,4,8711.7,20,6969.36,9,Returned,Wallet
O06483,C0375,P096,2025-09-30 0:00:00,5,9911.05,15,8424.39,7,Cancelled,Wallet
O06484,C0066,P061,2024-05-03 0:00:00,2,6423.33,15,5459.83,6,Cancelled,UPI
O06485,C0132,P002,2026-02-18 0:00:00,1,8008.86,15,6807.53,1,DELIVERED,UPI
O06486,C0027,P013,2023-05-16 0:00:00,2,9557.85,5,9079.96,10,Cancelled,COD
O06487,C0329,P061,2023-01-25 0:00:00,2,8041.43,5,7639.36,12,Cancelled,Wallet
O06488,C0470,P067,2023-12-23 0:00:00,5,6738.46,20,5390.77,2,DELIVERED,Wallet
O06489,C0283,P083,2023-01-08 0:00:00,1,4434.98,10,3991.48,3,delivered,Wallet
O06490,C0431,P050,2025-06-06 0:00:00,1,1875.15,5,1781.39,5,Delivered,Wallet
O06491,C0210,P024,2025-04-06 0:00:00,3,1378.62,10,1240.76,7,DELIVERED,Wallet
O06492,C0103,P026,2026-03-15 0:00:00,1,3337.72,5,3170.83,9,delivered,Card
O06493,C0096,P100,2025-03-20 0:00:00,5,3018.14,20,2414.51,2,Returned,UPI
O06494,C0230,P057,2024-08-30 0:00:00,4,4349.6,10,3914.64,6,delivered,Wallet
O06495,C0488,P008,2025-07-24 0:00:00,2,8462.44,20,6769.95,5,Delivered,COD
O06496,C0222,P035,2025-03-06 0:00:00,3,4950.49,0,4950.49,3,DELIVERED,Card
O06497,C0462,P061,2023-08-15 0:00:00,5,9529.3,15,8099.9,5,Returned,Wallet
O06498,C0119,P092,2023-08-23 0:00:00,1,7165.76,15,6090.9,8,Delivered,UPI
O06499,C0197,P086,2023-04-06 0:00:00,1,9217.37,20,7373.9,7,Delivered,Card
O06500,C0158,P099,2023-09-25 0:00:00,2,630.39,5,598.87,7,delivered,Wallet
O06501,C0016,P078,2024-09-28 0:00:00,2,1796.7,10,1617.03,3,Delivered,Card
O06502,C0056,P019,2023-02-17 0:00:00,3,9731.99,15,8272.19,11,delivered,COD
O06503,C0041,P025,2026-03-11 0:00:00,3,9998.94,0,9998.94,2,Cancelled,COD
O06504,C0228,P100,2025-03-08 0:00:00,3,3807.36,10,3426.62,2,DELIVERED,Wallet
O06505,C0482,P042,2023-02-23 0:00:00,5,5824.73,15,4951.02,10,Returned,Card
O06506,C0347,P063,2023-11-09 0:00:00,4,1901.4,20,1521.12,6,Delivered,Card
O06507,C0052,P039,2024-04-29 0:00:00,1,3224.18,5,3062.97,7,delivered,Wallet
O06508,C0232,P006,2026-04-08 0:00:00,5,9498.17,20,7598.54,5,Delivered,Wallet
O06509,C0066,P029,2025-08-25 0:00:00,5,5965.39,20,4772.31,10,Delivered,UPI
O06510,C0054,P029,2025-05-14 0:00:00,3,3381.36,0,3381.36,11,DELIVERED,Wallet
O06511,C0364,P069,2025-12-16 0:00:00,5,9585.2,0,9585.2,7,Cancelled,Wallet
O06512,C0073,P083,2025-08-01 0:00:00,3,5619.72,0,5619.72,2,Cancelled,Wallet
O06513,C0039,P093,2025-11-04 0:00:00,1,3695.28,20,2956.22,6,Returned,COD
O06514,C0232,P083,2023-04-21 0:00:00,2,7436.78,10,6693.1,10,delivered,Wallet
O06515,C0002,P004,2024-06-01 0:00:00,4,7453.61,15,6335.57,9,Delivered,COD
O06516,C0482,P079,2024-10-01 0:00:00,2,2067.37,15,1757.26,11,DELIVERED,UPI
O06517,C0478,P002,2023-03-10 0:00:00,1,8313.26,5,7897.6,3,Returned,Wallet
O06518,C0098,P029,2024-06-15 0:00:00,3,5690.74,5,5406.2,12,Returned,Wallet
O06519,C0460,P012,2023-05-11 0:00:00,5,1136.18,5,1079.37,3,DELIVERED,Wallet
O06520,C0113,P022,2024-10-10 0:00:00,3,4269.4,10,3842.46,8,Delivered,COD
O06521,C0443,P012,2023-12-30 0:00:00,1,3667.02,15,3116.97,4,DELIVERED,Card
O06522,C0130,P061,2025-03-27 0:00:00,2,1600.13,20,1280.1,3,Delivered,Wallet
O06523,C0363,P005,2023-03-22 0:00:00,3,960.84,10,864.76,4,DELIVERED,Wallet
O06524,C0251,P027,2024-07-09 0:00:00,5,9863.77,0,9863.77,3,Delivered,Wallet
O06525,C0060,P030,2024-01-08 0:00:00,5,8446.58,15,7179.59,5,Cancelled,Card
O06526,C0476,P008,2026-02-03 0:00:00,1,9170.79,0,9170.79,6,Returned,Card
O06527,C0075,P010,2024-04-04 0:00:00,2,6326.65,5,6010.32,3,delivered,Wallet
O06528,C0111,P083,2025-11-19 0:00:00,1,2903.86,10,2613.47,1,Cancelled,UPI
O06529,C0072,P065,2025-07-25 0:00:00,4,2061.49,10,1855.34,7,delivered,COD
O06530,C0315,P057,2023-10-26 0:00:00,3,1673.18,20,1338.54,2,Returned,COD
O06531,C0062,P049,2023-03-23 0:00:00,3,5656.32,15,4807.87,4,delivered,Wallet
O06532,C0418,P054,2025-01-10 0:00:00,5,4538.86,10,4084.97,8,Cancelled,UPI
O06533,C0311,P045,2024-10-13 0:00:00,2,5534.04,0,5534.04,7,delivered,UPI
O06534,C0041,P051,2023-08-14 0:00:00,1,838.3,20,670.64,4,DELIVERED,Wallet
O06535,C0228,P097,2023-08-03 0:00:00,4,4983.43,20,3986.74,10,delivered,COD
O06536,C0275,P088,2025-11-30 0:00:00,1,1577.71,5,1498.82,11,Delivered,UPI
O06537,C0167,P081,2024-01-06 0:00:00,3,2101.24,5,1996.18,11,DELIVERED,Wallet
O06538,C0023,P065,2024-10-24 0:00:00,5,4303.43,10,3873.09,6,DELIVERED,COD
O06539,C0397,P089,2023-03-31 0:00:00,5,5417.79,10,4876.01,11,Cancelled,Wallet
O06540,C0264,P068,2026-01-10 0:00:00,1,3406.3,20,2725.04,8,Returned,Wallet
O06541,C0393,P036,2023-01-03 0:00:00,5,3241.52,20,2593.22,5,Cancelled,UPI
O06542,C0293,P082,2025-01-19 0:00:00,2,7989.66,20,6391.73,1,Returned,COD
O06543,C0270,P074,2023-02-07 0:00:00,1,3781.07,5,3592.02,10,delivered,UPI
O06544,C0451,P012,2024-11-06 0:00:00,4,4916.98,5,4671.13,9,delivered,UPI
O06545,C0409,P060,2025-07-08 0:00:00,2,9712.37,5,9226.75,7,Delivered,COD
O06546,C0277,P040,2023-07-27 0:00:00,2,5861.43,20,4689.14,4,delivered,Wallet
O06547,C0472,P032,2023-10-14 0:00:00,5,6504.92,5,6179.67,4,DELIVERED,Wallet
O06548,C0009,P039,2023-06-11 0:00:00,5,5338.04,10,4804.24,12,Cancelled,Card
O06549,C0424,P015,2023-06-30 0:00:00,4,3115.04,5,2959.29,11,DELIVERED,COD
O06550,C0075,P087,2024-09-03 0:00:00,3,3445.36,20,2756.29,1,Cancelled,UPI
O06551,C0048,P001,2025-10-10 0:00:00,1,6947.6,0,6947.6,9,Delivered,Card
O06552,C0119,P002,2024-11-16 0:00:00,4,5103.73,20,4082.98,8,Delivered,COD
O06553,C0030,P040,2023-03-23 0:00:00,4,598.88,5,568.94,3,delivered,Card
O06554,C0082,P010,2025-06-30 0:00:00,3,585.87,10,527.28,2,Returned,COD
O06555,C0103,P052,2023-05-23 0:00:00,4,9646.98,5,9164.63,5,DELIVERED,COD
O06556,C0129,P031,2023-06-19 0:00:00,3,8329.64,0,8329.64,1,delivered,Wallet
O06557,C0177,P050,2024-08-24 0:00:00,4,5593.36,15,4754.36,8,Cancelled,Wallet
O06558,C0391,P020,2023-03-13 0:00:00,5,7829.7,5,7438.21,4,Returned,COD
O06559,C0098,P011,2026-04-07 0:00:00,5,7568.57,15,6433.28,6,Returned,Wallet
O06560,C0035,P097,2024-09-15 0:00:00,1,7034.07,15,5978.96,1,Cancelled,UPI
O06561,C0084,P061,2024-04-12 0:00:00,5,4961.36,0,4961.36,12,Returned,Card
O06562,C0046,P040,2025-03-05 0:00:00,3,8092.4,15,6878.54,4,DELIVERED,Card
O06563,C0090,P031,2023-10-17 0:00:00,3,7830.59,20,6264.47,12,DELIVERED,Card
O06564,C0370,P040,2025-07-06 0:00:00,5,4403.64,20,3522.91,11,Cancelled,Card
O06565,C0366,P092,2023-12-04 0:00:00,2,2866.69,5,2723.36,10,Returned,Card
O06566,C0475,P051,2023-05-28 0:00:00,1,2846.07,5,2703.77,1,Returned,Wallet
O06567,C0302,P020,2025-07-06 0:00:00,5,6633.99,15,5638.89,7,DELIVERED,COD
O06568,C0269,P022,2025-02-22 0:00:00,1,9277.72,15,7886.06,11,Delivered,Wallet
O06569,C0389,P067,2023-05-25 0:00:00,5,1400.29,10,1260.26,11,delivered,COD
O06570,C0087,P011,2025-06-25 0:00:00,5,9342.31,5,8875.19,7,DELIVERED,Wallet
O06571,C0137,P014,2024-08-14 0:00:00,4,951.5,10,856.35,3,delivered,Wallet
O06572,C0029,P033,2025-04-07 0:00:00,3,4064.46,15,3454.79,7,DELIVERED,Card
O06573,C0238,P051,2025-03-03 0:00:00,1,8847.32,0,8847.32,5,Delivered,COD
O06574,C0388,P068,2024-03-05 0:00:00,2,1181.83,5,1122.74,8,Cancelled,COD
O06575,C0242,P094,2025-09-13 0:00:00,4,4074.35,20,3259.48,8,delivered,COD
O06576,C0401,P089,2023-05-28 0:00:00,2,8998.38,5,8548.46,5,delivered,Wallet
O06577,C0259,P019,2025-05-23 0:00:00,4,6584.12,0,6584.12,12,Delivered,Card
O06578,C0237,P058,2026-03-07 0:00:00,3,8428.07,20,6742.46,9,Returned,COD
O06579,C0209,P091,2026-02-03 0:00:00,5,1195.96,10,1076.36,1,Delivered,Card
O06580,C0468,P005,2026-02-18 0:00:00,4,3796.37,0,3796.37,5,Cancelled,Wallet
O06581,C0493,P035,2025-12-02 0:00:00,2,1860.41,20,1488.33,9,Delivered,UPI
O06582,C0178,P051,2024-02-02 0:00:00,4,8582.58,10,7724.32,7,Returned,Wallet
O06583,C0057,P046,2023-09-21 0:00:00,3,1160.85,5,1102.81,5,Returned,UPI
O06584,C0004,P015,2025-05-10 0:00:00,4,5261.13,10,4735.02,8,Returned,Wallet
O06585,C0195,P017,2025-10-03 0:00:00,2,9234.03,5,8772.33,4,Delivered,Wallet
O06586,C0277,P076,2024-11-08 0:00:00,3,7798.65,20,6238.92,8,Cancelled,Card
O06587,C0084,P076,2023-02-09 0:00:00,2,3613.75,5,3433.06,2,DELIVERED,COD
O06588,C0182,P078,2025-01-15 0:00:00,5,8097.9,15,6883.21,9,delivered,COD
O06589,C0404,P012,2023-02-14 0:00:00,1,3725.65,0,3725.65,6,Cancelled,Wallet
O06590,C0162,P073,2023-11-17 0:00:00,4,620.49,20,496.39,10,DELIVERED,Card
O06591,C0321,P066,2024-05-19 0:00:00,5,6577.12,20,5261.7,9,delivered,Card
O06592,C0211,P070,2025-03-10 0:00:00,3,8352.11,0,8352.11,2,Cancelled,UPI
O06593,C0094,P068,2023-07-11 0:00:00,2,8271.29,20,6617.03,12,DELIVERED,Wallet
O06594,C0302,P085,2023-07-13 0:00:00,5,6256.68,10,5631.01,11,Cancelled,Wallet
O06595,C0385,P071,2024-01-21 0:00:00,1,9569.42,10,8612.48,11,Cancelled,UPI
O06596,C0199,P098,2024-09-17 0:00:00,1,3501.35,20,2801.08,7,DELIVERED,Wallet
O06597,C0151,P083,2023-10-18 0:00:00,2,3186.04,10,2867.44,4,Cancelled,Wallet
O06598,C0223,P094,2023-05-13 0:00:00,5,7598.12,10,6838.31,7,Delivered,COD
O06599,C0306,P050,2024-09-21 0:00:00,3,4290.01,0,4290.01,1,Delivered,COD
O06600,C0498,P010,2025-08-22 0:00:00,4,5358.22,15,4554.49,12,Returned,Card
O06601,C0384,P081,2025-08-22 0:00:00,5,4118.18,0,4118.18,5,delivered,UPI
O06602,C0234,P077,2025-10-16 0:00:00,4,3277.46,20,2621.97,3,delivered,Wallet
O06603,C0320,P075,2024-09-16 0:00:00,2,619.02,20,495.22,7,Cancelled,COD
O06604,C0201,P041,2026-02-12 0:00:00,2,1504.12,10,1353.71,11,Returned,Wallet
O06605,C0424,P039,2024-04-08 0:00:00,5,3030.84,20,2424.67,5,Returned,UPI
O06606,C0192,P060,2026-03-24 0:00:00,4,8886.12,10,7997.51,5,DELIVERED,COD
O06607,C0368,P058,2026-03-29 0:00:00,4,2371.55,0,2371.55,7,Returned,Wallet
O06608,C0097,P084,2023-02-13 0:00:00,2,5529.44,10,4976.5,2,delivered,Card
O06609,C0202,P092,2024-08-04 0:00:00,2,7940.38,15,6749.32,2,Returned,Wallet
O06610,C0238,P088,2025-02-24 0:00:00,2,9733.96,20,7787.17,9,DELIVERED,Wallet
O06611,C0346,P062,2024-12-30 0:00:00,4,3307.16,15,2811.09,2,delivered,COD
O06612,C0464,P082,2025-06-22 0:00:00,1,6018.99,0,6018.99,10,DELIVERED,UPI
O06613,C0421,P037,2024-07-26 0:00:00,1,8132.24,10,7319.02,4,Delivered,Wallet
O06614,C0417,P024,2025-06-06 0:00:00,1,1947.46,0,1947.46,7,Returned,Wallet
O06615,C0404,P065,2024-05-04 0:00:00,5,9633.29,15,8188.3,8,delivered,Card
O06616,C0034,P073,2025-04-25 0:00:00,2,4103.17,5,3898.01,4,Returned,Card
O06617,C0387,P017,2023-04-05 0:00:00,3,2337.88,20,1870.3,2,Delivered,Wallet
O06618,C0235,P016,2025-01-28 0:00:00,4,5785.17,20,4628.14,7,Cancelled,Wallet
O06619,C0038,P021,2026-01-17 0:00:00,1,6564.59,15,5579.9,1,delivered,Wallet
O06620,C0142,P050,2023-02-25 0:00:00,3,7014.65,10,6313.18,7,Cancelled,UPI
O06621,C0202,P045,2023-12-06 0:00:00,3,900.64,15,765.54,11,Returned,COD
O06622,C0356,P084,2025-11-08 0:00:00,2,975.74,10,878.17,8,Cancelled,Wallet
O06623,C0444,P095,2023-04-18 0:00:00,3,6376.31,5,6057.49,3,Delivered,Wallet
O06624,C0232,P040,2023-08-25 0:00:00,3,7349.95,20,5879.96,11,DELIVERED,COD
O06625,C0108,P037,2023-10-22 0:00:00,2,6566.09,0,6566.09,1,Delivered,Wallet
O06626,C0015,P036,2025-05-28 0:00:00,5,4938.61,5,4691.68,8,Cancelled,Wallet
O06627,C0457,P086,2026-02-16 0:00:00,4,6599.18,0,6599.18,12,Delivered,Wallet
O06628,C0248,P014,2023-10-28 0:00:00,5,4184.03,0,4184.03,7,delivered,UPI
O06629,C0413,P047,2026-01-09 0:00:00,3,4200.97,10,3780.87,7,Delivered,UPI
O06630,C0053,P029,2025-05-14 0:00:00,4,6866.27,10,6179.64,11,Cancelled,Card
O06631,C0279,P049,2023-05-09 0:00:00,2,7734.05,5,7347.35,1,Delivered,Card
O06632,C0013,P074,2025-02-19 0:00:00,1,2757.31,0,2757.31,6,delivered,Wallet
O06633,C0272,P071,2023-05-28 0:00:00,5,2972.25,20,2377.8,5,DELIVERED,Wallet
O06634,C0228,P039,2023-02-01 0:00:00,1,7693.45,20,6154.76,12,Cancelled,Wallet
O06635,C0344,P060,2025-01-25 0:00:00,3,9291.98,10,8362.78,2,Cancelled,Wallet
O06636,C0114,P022,2024-04-27 0:00:00,4,1348.72,20,1078.98,2,Returned,Card
O06637,C0248,P050,2023-06-18 0:00:00,5,4048.28,0,4048.28,10,Delivered,Card
O06638,C0362,P001,2026-02-13 0:00:00,2,8127.86,15,6908.68,9,Cancelled,Card
O06639,C0338,P010,2023-08-23 0:00:00,4,6854.7,0,6854.7,6,Returned,Card
O06640,C0175,P081,2025-11-11 0:00:00,5,5583.99,0,5583.99,5,Delivered,Wallet
O06641,C0483,P032,2023-01-21 0:00:00,4,8457.44,20,6765.95,10,DELIVERED,Card
O06642,C0396,P045,2023-11-24 0:00:00,1,1331.56,20,1065.25,1,Cancelled,Card
O06643,C0180,P053,2025-10-03 0:00:00,1,1242.97,20,994.38,7,delivered,Card
O06644,C0373,P004,2024-05-23 0:00:00,3,1520.99,20,1216.79,6,Returned,COD
O06645,C0310,P081,2024-01-18 0:00:00,1,1018.8,20,815.04,10,delivered,Card
O06646,C0015,P092,2025-03-30 0:00:00,3,6060.58,10,5454.52,5,Cancelled,UPI
O06647,C0027,P076,2025-10-01 0:00:00,3,5949.66,5,5652.18,3,Cancelled,COD
O06648,C0087,P045,2024-11-22 0:00:00,5,4173.23,20,3338.58,9,Returned,UPI
O06649,C0248,P022,2024-07-26 0:00:00,3,2584.08,0,2584.08,12,DELIVERED,Wallet
O06650,C0270,P082,2023-03-20 0:00:00,1,7909.07,0,7909.07,1,Returned,Wallet
O06651,C0270,P064,2023-08-16 0:00:00,1,8174.24,15,6948.1,1,delivered,COD
O06652,C0077,P034,2023-11-14 0:00:00,2,9633.03,10,8669.73,4,Delivered,COD
O06653,C0393,P048,2026-04-03 0:00:00,4,1062.19,5,1009.08,10,delivered,COD
O06654,C0432,P084,2026-03-24 0:00:00,4,744.49,5,707.27,8,delivered,Wallet
O06655,C0316,P069,2023-05-28 0:00:00,1,7147.34,15,6075.24,12,Delivered,Wallet
O06656,C0360,P056,2023-05-27 0:00:00,2,9184.65,5,8725.42,3,Cancelled,Wallet
O06657,C0028,P020,2023-10-24 0:00:00,1,4169.24,15,3543.85,8,DELIVERED,UPI
O06658,C0274,P027,2023-01-28 0:00:00,1,7964.78,15,6770.06,1,Returned,Card
O06659,C0116,P082,2023-09-08 0:00:00,2,677.58,20,542.06,12,Returned,Card
O06660,C0411,P032,2023-07-05 0:00:00,5,8172.76,10,7355.48,6,Delivered,Wallet
O06661,C0041,P030,2025-08-05 0:00:00,5,2091.32,0,2091.32,4,delivered,Wallet
O06662,C0038,P027,2023-03-25 0:00:00,5,5435.08,5,5163.33,8,DELIVERED,Card
O06663,C0380,P076,2023-01-15 0:00:00,2,5320.92,15,4522.78,1,Delivered,Wallet
O06664,C0449,P059,2023-03-12 0:00:00,4,6357.9,10,5722.11,8,Returned,Wallet
O06665,C0317,P009,2024-01-21 0:00:00,5,7937.9,5,7541,10,Returned,COD
O06666,C0236,P081,2024-06-18 0:00:00,3,9511.01,5,9035.46,12,DELIVERED,Wallet
O06667,C0130,P036,2023-12-16 0:00:00,3,8182.16,0,8182.16,6,delivered,Card
O06668,C0335,P065,2025-01-12 0:00:00,3,2927.35,5,2780.98,9,DELIVERED,UPI
O06669,C0228,P013,2023-01-03 0:00:00,1,5492.39,20,4393.91,2,Returned,Wallet
O06670,C0428,P081,2025-06-06 0:00:00,3,5586.59,5,5307.26,10,DELIVERED,Wallet
O06671,C0129,P064,2025-10-12 0:00:00,1,5811.59,15,4939.85,6,Cancelled,COD
O06672,C0407,P056,2026-01-04 0:00:00,2,9486.72,20,7589.38,8,delivered,COD
O06673,C0058,P002,2023-08-31 0:00:00,2,1729.1,15,1469.73,12,Cancelled,Card
O06674,C0131,P100,2024-08-06 0:00:00,1,9757.76,20,7806.21,8,Cancelled,Wallet
O06675,C0177,P087,2023-05-31 0:00:00,2,1355.13,20,1084.1,12,Cancelled,COD
O06676,C0324,P035,2024-07-23 0:00:00,5,1591.31,20,1273.05,1,DELIVERED,UPI
O06677,C0123,P096,2023-02-21 0:00:00,5,7064.67,10,6358.2,3,Cancelled,Wallet
O06678,C0335,P035,2025-11-26 0:00:00,1,8576.38,20,6861.1,8,DELIVERED,Card
O06679,C0062,P077,2024-03-22 0:00:00,3,2033.41,15,1728.4,8,Delivered,Wallet
O06680,C0297,P004,2025-12-19 0:00:00,3,8337.69,15,7087.04,12,Cancelled,COD
O06681,C0372,P035,2024-03-02 0:00:00,2,3731.73,20,2985.38,3,DELIVERED,Wallet
O06682,C0036,P092,2025-04-16 0:00:00,3,9199.26,0,9199.26,4,Returned,COD
O06683,C0291,P029,2024-12-19 0:00:00,3,2365.55,5,2247.27,7,DELIVERED,UPI
O06684,C0337,P064,2025-08-27 0:00:00,4,6362.75,20,5090.2,4,Cancelled,Card
O06685,C0258,P066,2026-01-28 0:00:00,1,3426.18,20,2740.94,2,DELIVERED,Card
O06686,C0162,P054,2024-07-31 0:00:00,4,8534.81,15,7254.59,7,DELIVERED,COD
O06687,C0448,P027,2024-06-29 0:00:00,2,8002.47,5,7602.35,1,Cancelled,Wallet
O06688,C0001,P054,2025-03-15 0:00:00,5,4313.68,10,3882.31,5,Returned,Wallet
O06689,C0264,P025,2025-03-23 0:00:00,5,7412.72,5,7042.08,3,Returned,Card
O06690,C0332,P086,2026-01-12 0:00:00,1,8749.31,20,6999.45,2,Cancelled,Card
O06691,C0374,P003,2023-12-03 0:00:00,1,6682.63,20,5346.1,4,Delivered,UPI
O06692,C0341,P026,2026-01-04 0:00:00,3,9679.79,10,8711.81,3,Cancelled,UPI
O06693,C0036,P075,2023-08-10 0:00:00,4,7469.76,0,7469.76,7,delivered,Wallet
O06694,C0017,P047,2023-06-04 0:00:00,3,9772.5,15,8306.62,9,Returned,COD
O06695,C0182,P005,2024-04-27 0:00:00,1,3314.83,15,2817.61,4,Delivered,Wallet
O06696,C0199,P029,2024-01-09 0:00:00,5,3368.91,15,2863.57,2,delivered,Wallet
O06697,C0217,P053,2023-01-11 0:00:00,3,3868.98,5,3675.53,4,delivered,Card
O06698,C0337,P018,2023-08-05 0:00:00,3,1894.68,0,1894.68,10,Delivered,Wallet
O06699,C0417,P090,2024-10-22 0:00:00,2,9599.51,20,7679.61,1,Delivered,UPI
O06700,C0267,P012,2024-06-27 0:00:00,2,4807.07,20,3845.66,11,Cancelled,Wallet
O06701,C0463,P028,2023-03-14 0:00:00,4,6843.52,10,6159.17,4,Returned,COD
O06702,C0270,P044,2024-06-28 0:00:00,4,5978.61,15,5081.82,9,delivered,COD
O06703,C0313,P042,2024-06-13 0:00:00,4,8087.17,10,7278.45,3,Cancelled,Card
O06704,C0115,P094,2023-01-15 0:00:00,4,2473.75,5,2350.06,1,DELIVERED,Wallet
O06705,C0121,P037,2023-12-28 0:00:00,1,4120.87,15,3502.74,3,DELIVERED,Card
O06706,C0412,P012,2024-08-13 0:00:00,1,9826.91,5,9335.56,11,Delivered,UPI
O06707,C0250,P085,2025-10-26 0:00:00,1,1352.82,20,1082.26,1,Delivered,Wallet
O06708,C0179,P054,2025-05-05 0:00:00,4,7470.95,10,6723.85,7,delivered,Wallet
O06709,C0328,P085,2025-08-30 0:00:00,1,5189.12,10,4670.21,4,delivered,Wallet
O06710,C0441,P042,2024-12-20 0:00:00,3,1270.2,5,1206.69,4,DELIVERED,Wallet
O06711,C0235,P098,2025-04-08 0:00:00,2,1697.2,20,1357.76,5,Cancelled,UPI
O06712,C0001,P074,2023-07-06 0:00:00,1,6307.52,10,5676.77,10,delivered,Wallet
O06713,C0052,P039,2023-07-17 0:00:00,1,6261.52,10,5635.37,6,Returned,COD
O06714,C0489,P066,2025-04-02 0:00:00,5,8337.26,10,7503.53,5,DELIVERED,Wallet
O06715,C0344,P035,2024-10-04 0:00:00,1,5744.74,15,4883.03,5,Cancelled,Wallet
O06716,C0083,P032,2024-08-20 0:00:00,4,9596.7,10,8637.03,2,Delivered,UPI
O06717,C0014,P038,2023-02-21 0:00:00,1,7670.56,10,6903.5,10,Delivered,COD
O06718,C0088,P003,2023-07-21 0:00:00,1,5085.89,5,4831.6,5,delivered,UPI
O06719,C0114,P033,2023-12-23 0:00:00,4,1798.68,5,1708.75,5,delivered,UPI
O06720,C0345,P077,2026-01-26 0:00:00,5,9279.65,10,8351.68,2,DELIVERED,Wallet
O06721,C0343,P092,2024-05-05 0:00:00,4,7410.86,15,6299.23,2,Cancelled,Card
O06722,C0051,P082,2024-03-10 0:00:00,2,875.02,15,743.77,8,Cancelled,UPI
O06723,C0466,P076,2025-01-06 0:00:00,5,4724.06,10,4251.65,9,delivered,COD
O06724,C0166,P082,2026-03-14 0:00:00,2,3548.91,10,3194.02,6,DELIVERED,UPI
O06725,C0148,P031,2026-01-26 0:00:00,3,3067.41,10,2760.67,1,Cancelled,Card
O06726,C0388,P052,2023-03-08 0:00:00,3,2735.19,20,2188.15,9,Cancelled,COD
O06727,C0186,P096,2023-04-13 0:00:00,1,9320.48,10,8388.43,3,Returned,Wallet
O06728,C0294,P088,2023-04-10 0:00:00,5,2325,15,1976.25,8,Delivered,COD
O06729,C0104,P074,2024-11-26 0:00:00,3,9592.77,20,7674.22,7,Returned,COD
O06730,C0339,P083,2024-01-06 0:00:00,3,3079.73,0,3079.73,12,Returned,Wallet
O06731,C0243,P053,2025-10-25 0:00:00,3,2769.86,0,2769.86,5,Delivered,Wallet
O06732,C0028,P046,2023-07-20 0:00:00,5,3863.94,15,3284.35,6,Returned,Card
O06733,C0186,P034,2025-10-01 0:00:00,3,3425.76,0,3425.76,6,Delivered,UPI
O06734,C0323,P026,2025-05-26 0:00:00,3,2185.4,20,1748.32,4,Returned,Card
O06735,C0064,P004,2024-07-04 0:00:00,4,5667.37,10,5100.63,2,DELIVERED,COD
O06736,C0185,P025,2024-09-19 0:00:00,5,5435.75,10,4892.18,7,Returned,Card
O06737,C0159,P078,2023-09-12 0:00:00,1,6392.17,15,5433.34,4,Cancelled,Wallet
O06738,C0436,P093,2026-03-23 0:00:00,1,4051,10,3645.9,4,Delivered,COD
O06739,C0413,P029,2024-01-31 0:00:00,3,3696.07,10,3326.46,3,Delivered,Wallet
O06740,C0024,P072,2023-09-12 0:00:00,2,1201.3,5,1141.23,12,Delivered,UPI
O06741,C0496,P071,2023-02-23 0:00:00,2,5655.7,15,4807.34,12,Delivered,Wallet
O06742,C0049,P074,2025-04-05 0:00:00,4,7933.76,20,6347.01,9,Returned,Wallet
O06743,C0261,P085,2025-11-04 0:00:00,1,7089.04,15,6025.68,7,DELIVERED,Card
O06744,C0278,P028,2024-04-06 0:00:00,2,9412.3,15,8000.45,10,Returned,UPI
O06745,C0056,P035,2023-04-22 0:00:00,2,5158.61,10,4642.75,1,DELIVERED,COD
O06746,C0265,P077,2025-12-03 0:00:00,2,9959.86,5,9461.87,10,DELIVERED,Wallet
O06747,C0418,P028,2025-09-24 0:00:00,2,5394.91,10,4855.42,6,delivered,COD
O06748,C0480,P048,2025-12-03 0:00:00,5,620.57,10,558.51,11,DELIVERED,Wallet
O06749,C0431,P029,2023-03-14 0:00:00,4,1951.52,0,1951.52,3,delivered,UPI
O06750,C0275,P052,2023-05-04 0:00:00,1,9172.01,20,7337.61,11,Delivered,Wallet
O06751,C0182,P007,2024-12-08 0:00:00,2,5321.2,10,4789.08,6,Delivered,Wallet
O06752,C0480,P012,2024-09-08 0:00:00,1,8341.73,15,7090.47,7,delivered,Wallet
O06753,C0245,P098,2023-01-07 0:00:00,4,1816.23,10,1634.61,8,DELIVERED,UPI
O06754,C0330,P051,2024-07-18 0:00:00,1,650.77,0,650.77,3,Returned,UPI
O06755,C0304,P046,2025-04-08 0:00:00,2,9307,20,7445.6,9,DELIVERED,Card
O06756,C0227,P063,2026-04-11 0:00:00,3,1925.79,10,1733.21,2,Delivered,UPI
O06757,C0210,P045,2025-02-27 0:00:00,3,7872.87,15,6691.94,6,delivered,Card
O06758,C0280,P071,2023-06-01 0:00:00,4,2380.14,10,2142.13,5,Returned,UPI
O06759,C0129,P023,2023-02-15 0:00:00,1,7719.67,0,7719.67,3,Delivered,Card
O06760,C0451,P018,2025-02-03 0:00:00,4,4890.78,0,4890.78,7,Returned,COD
O06761,C0067,P094,2025-10-27 0:00:00,4,5668.38,10,5101.54,2,DELIVERED,Wallet
O06762,C0405,P063,2024-06-03 0:00:00,3,2159.16,15,1835.29,3,delivered,UPI
O06763,C0286,P093,2026-02-27 0:00:00,5,2933.97,10,2640.57,8,Delivered,Card
O06764,C0269,P038,2025-10-28 0:00:00,4,5058.86,15,4300.03,7,Returned,Wallet
O06765,C0272,P089,2023-09-17 0:00:00,1,6511.91,15,5535.12,12,Cancelled,Wallet
O06766,C0002,P076,2025-08-11 0:00:00,3,1322.76,10,1190.48,6,delivered,Card
O06767,C0024,P029,2025-11-18 0:00:00,2,8974.1,20,7179.28,8,delivered,COD
O06768,C0255,P008,2024-08-21 0:00:00,2,9148.97,20,7319.18,3,Returned,Wallet
O06769,C0451,P027,2024-08-26 0:00:00,2,3138.07,10,2824.26,7,Cancelled,COD
O06770,C0063,P032,2023-07-21 0:00:00,4,2946.2,15,2504.27,10,Delivered,UPI
O06771,C0369,P010,2025-12-23 0:00:00,1,9515.15,10,8563.64,3,Delivered,COD
O06772,C0101,P055,2026-02-22 0:00:00,5,3876.31,20,3101.05,3,Returned,Wallet
O06773,C0076,P031,2025-01-30 0:00:00,4,814.38,20,651.5,4,Delivered,UPI
O06774,C0166,P093,2024-06-25 0:00:00,2,6737.64,10,6063.88,3,Returned,COD
O06775,C0280,P085,2023-07-30 0:00:00,3,4771.09,5,4532.54,7,Delivered,UPI
O06776,C0097,P008,2025-11-12 0:00:00,2,8391.12,10,7552.01,8,Delivered,COD
O06777,C0487,P036,2024-12-04 0:00:00,1,3135.29,5,2978.53,8,DELIVERED,COD
O06778,C0388,P083,2024-02-01 0:00:00,1,9988.69,15,8490.39,4,Delivered,UPI
O06779,C0201,P048,2025-07-07 0:00:00,4,3717.6,10,3345.84,8,Returned,UPI
O06780,C0172,P082,2023-07-10 0:00:00,3,7498.32,0,7498.32,6,Cancelled,Card
O06781,C0223,P007,2023-08-21 0:00:00,5,4175.46,5,3966.69,4,Cancelled,UPI
O06782,C0418,P087,2023-09-15 0:00:00,3,9413.83,5,8943.14,3,Returned,COD
O06783,C0413,P041,2023-06-16 0:00:00,3,2404.16,0,2404.16,12,Cancelled,COD
O06784,C0401,P043,2024-07-03 0:00:00,3,8848.41,0,8848.41,1,Delivered,UPI
O06785,C0341,P085,2024-07-13 0:00:00,5,3588.94,5,3409.49,1,delivered,UPI
O06786,C0315,P076,2023-03-18 0:00:00,4,7728.86,15,6569.53,12,Returned,Wallet
O06787,C0295,P090,2023-06-13 0:00:00,5,5648.4,20,4518.72,12,delivered,UPI
O06788,C0473,P067,2025-07-29 0:00:00,1,5781.89,15,4914.61,11,Returned,UPI
O06789,C0062,P055,2025-09-22 0:00:00,3,4752.76,10,4277.48,11,Delivered,Wallet
O06790,C0461,P056,2025-05-31 0:00:00,3,4618.94,0,4618.94,9,Cancelled,Wallet
O06791,C0104,P072,2025-01-22 0:00:00,5,3633.65,15,3088.6,1,delivered,Wallet
O06792,C0446,P044,2024-08-13 0:00:00,3,4947.02,10,4452.32,2,Delivered,COD
O06793,C0055,P070,2026-02-06 0:00:00,1,4290.17,20,3432.14,2,Delivered,UPI
O06794,C0251,P026,2024-07-10 0:00:00,4,6944.88,15,5903.15,9,Returned,UPI
O06795,C0459,P052,2025-04-22 0:00:00,5,7859.39,0,7859.39,10,Cancelled,COD
O06796,C0013,P018,2024-01-29 0:00:00,4,6759.1,15,5745.24,5,Delivered,Card
O06797,C0335,P100,2025-02-22 0:00:00,3,9659.75,15,8210.79,10,Returned,Wallet
O06798,C0325,P079,2024-12-24 0:00:00,3,4887.97,5,4643.57,11,Cancelled,UPI
O06799,C0034,P081,2023-10-26 0:00:00,1,1510.08,20,1208.06,6,delivered,COD
O06800,C0315,P087,2024-01-23 0:00:00,1,2154.39,20,1723.51,9,Delivered,Card
O06801,C0486,P007,2024-07-17 0:00:00,5,1595.25,10,1435.73,7,Delivered,Wallet
O06802,C0074,P073,2023-11-25 0:00:00,4,8806.84,5,8366.5,7,delivered,COD
O06803,C0087,P016,2023-01-12 0:00:00,5,7946.73,10,7152.06,7,Returned,Wallet
O06804,C0409,P006,2025-06-04 0:00:00,3,2393.16,15,2034.19,3,Cancelled,Wallet
O06805,C0481,P074,2025-10-16 0:00:00,3,9716.54,20,7773.23,6,delivered,UPI
O06806,C0192,P089,2023-05-05 0:00:00,2,4839.74,5,4597.75,5,Returned,Wallet
O06807,C0289,P034,2025-11-23 0:00:00,2,537.84,15,457.16,3,Delivered,Wallet
O06808,C0077,P075,2024-09-03 0:00:00,1,3143.53,20,2514.82,8,delivered,Wallet
O06809,C0465,P028,2025-07-14 0:00:00,5,7766.1,20,6212.88,7,Returned,Wallet
O06810,C0355,P094,2025-12-22 0:00:00,1,839.29,15,713.4,3,Returned,Wallet
O06811,C0002,P099,2026-02-23 0:00:00,2,9896.27,20,7917.02,8,Cancelled,Wallet
O06812,C0154,P088,2023-12-21 0:00:00,1,8685.52,10,7816.97,12,DELIVERED,COD
O06813,C0416,P019,2023-07-13 0:00:00,2,1329.05,5,1262.6,4,Delivered,Card
O06814,C0302,P024,2024-11-28 0:00:00,4,4981.63,10,4483.47,1,DELIVERED,Card
O06815,C0355,P066,2023-09-07 0:00:00,4,727.58,20,582.06,2,Returned,UPI
O06816,C0054,P039,2026-01-13 0:00:00,2,7875.62,5,7481.84,8,Returned,Card
O06817,C0068,P064,2025-01-03 0:00:00,1,9358.13,10,8422.32,9,Returned,Wallet
O06818,C0144,P065,2026-02-03 0:00:00,4,5425.22,20,4340.18,8,DELIVERED,Wallet
O06819,C0405,P069,2025-03-27 0:00:00,4,2953.62,5,2805.94,3,DELIVERED,Card
O06820,C0048,P090,2025-09-21 0:00:00,3,579.03,15,492.18,8,DELIVERED,Card
O06821,C0469,P007,2025-04-14 0:00:00,4,3937.29,20,3149.83,5,Cancelled,UPI
O06822,C0343,P005,2023-07-25 0:00:00,2,3063.95,0,3063.95,7,delivered,COD
O06823,C0028,P059,2025-03-24 0:00:00,1,8421.96,0,8421.96,7,delivered,UPI
O06824,C0084,P053,2024-01-06 0:00:00,1,6052.47,15,5144.6,12,Delivered,Wallet
O06825,C0025,P049,2024-02-04 0:00:00,5,3076.84,5,2923,3,Delivered,COD
O06826,C0110,P024,2026-04-13 0:00:00,1,8150.23,20,6520.18,5,DELIVERED,COD
O06827,C0200,P037,2023-10-31 0:00:00,1,6811.9,15,5790.11,12,Returned,Wallet
O06828,C0406,P098,2025-07-26 0:00:00,1,7225.84,15,6141.96,5,delivered,Wallet
O06829,C0223,P007,2024-09-24 0:00:00,2,1148.74,20,918.99,1,DELIVERED,Wallet
O06830,C0375,P046,2025-08-31 0:00:00,2,664.66,15,564.96,5,Delivered,Wallet
O06831,C0145,P090,2023-10-31 0:00:00,5,1223.64,15,1040.09,4,Delivered,COD
O06832,C0336,P072,2023-06-08 0:00:00,2,9546.15,0,9546.15,8,delivered,Wallet
O06833,C0006,P064,2023-04-28 0:00:00,4,8302.64,20,6642.11,10,delivered,Wallet
O06834,C0436,P096,2024-03-26 0:00:00,2,8563.22,10,7706.9,2,DELIVERED,Card
O06835,C0341,P086,2026-03-11 0:00:00,3,5149.93,15,4377.44,5,delivered,Card
O06836,C0216,P093,2024-08-18 0:00:00,2,3488.36,15,2965.11,2,Delivered,UPI
O06837,C0135,P016,2024-06-28 0:00:00,3,8577.59,20,6862.07,3,delivered,COD
O06838,C0310,P062,2023-06-12 0:00:00,3,4574.79,15,3888.57,4,Returned,UPI
O06839,C0182,P064,2024-12-31 0:00:00,1,1824.86,0,1824.86,4,Returned,Wallet
O06840,C0236,P046,2025-05-07 0:00:00,4,6386.26,20,5109.01,7,DELIVERED,Wallet
O06841,C0494,P074,2023-07-10 0:00:00,4,5212.32,15,4430.47,5,delivered,COD
O06842,C0490,P036,2023-01-25 0:00:00,5,1480.3,20,1184.24,12,delivered,Card
O06843,C0131,P096,2024-12-24 0:00:00,3,7898.17,5,7503.26,12,delivered,Card
O06844,C0062,P040,2025-03-28 0:00:00,3,7353.87,10,6618.48,3,Delivered,UPI
O06845,C0022,P007,2024-11-15 0:00:00,1,3198.52,20,2558.82,10,Returned,UPI
O06846,C0391,P038,2025-03-30 0:00:00,5,9587.92,5,9108.52,2,Returned,UPI
O06847,C0247,P053,2024-12-24 0:00:00,3,6156,0,6156,4,delivered,Wallet
O06848,C0276,P028,2024-06-07 0:00:00,4,5978.24,0,5978.24,8,Delivered,UPI
O06849,C0170,P008,2024-03-09 0:00:00,5,969.67,10,872.7,10,DELIVERED,COD
O06850,C0065,P093,2024-09-02 0:00:00,3,1566.47,15,1331.5,1,delivered,Card
O06851,C0002,P025,2023-07-24 0:00:00,1,6820.05,20,5456.04,6,delivered,UPI
O06852,C0433,P095,2025-01-24 0:00:00,3,3700.56,20,2960.45,10,Returned,Card
O06853,C0174,P042,2024-03-19 0:00:00,3,1166.03,15,991.13,7,Cancelled,UPI
O06854,C0105,P017,2026-01-27 0:00:00,1,5685.89,0,5685.89,1,Delivered,Card
O06855,C0037,P037,2024-07-01 0:00:00,2,7091.76,5,6737.17,7,Returned,UPI
O06856,C0038,P040,2026-01-22 0:00:00,4,6005.67,0,6005.67,6,Delivered,UPI
O06857,C0284,P064,2023-12-31 0:00:00,1,8711.65,10,7840.48,7,Cancelled,UPI
O06858,C0192,P027,2026-01-21 0:00:00,1,5189.42,15,4411.01,2,DELIVERED,COD
O06859,C0307,P051,2025-08-02 0:00:00,1,8715.87,10,7844.28,10,delivered,UPI
O06860,C0497,P093,2024-01-14 0:00:00,2,6809.8,5,6469.31,2,DELIVERED,Card
O06861,C0066,P078,2023-08-16 0:00:00,3,7230.02,15,6145.52,7,delivered,Wallet
O06862,C0008,P098,2025-02-25 0:00:00,2,1243.56,5,1181.38,5,Delivered,UPI
O06863,C0176,P092,2026-02-06 0:00:00,3,4481.36,0,4481.36,1,DELIVERED,Wallet
O06864,C0103,P055,2023-05-07 0:00:00,5,3173.14,15,2697.17,10,Delivered,Wallet
O06865,C0190,P031,2024-03-08 0:00:00,3,5399.34,5,5129.37,4,delivered,Wallet
O06866,C0016,P087,2023-01-07 0:00:00,5,3115.52,15,2648.19,9,Cancelled,COD
O06867,C0134,P066,2024-05-03 0:00:00,4,3991.44,5,3791.87,6,Returned,Wallet
O06868,C0457,P088,2024-11-28 0:00:00,5,7587.39,15,6449.28,4,Returned,Wallet
O06869,C0106,P006,2023-05-07 0:00:00,5,520.23,10,468.21,10,Cancelled,Card
O06870,C0199,P055,2025-04-07 0:00:00,5,2876.2,20,2300.96,4,Cancelled,Card
O06871,C0208,P096,2024-01-01 0:00:00,1,9171.2,5,8712.64,12,Returned,Wallet
O06872,C0251,P003,2023-08-30 0:00:00,2,2440.44,20,1952.35,5,Delivered,Card
O06873,C0098,P080,2024-04-10 0:00:00,1,3229.76,10,2906.78,12,Returned,COD
O06874,C0396,P020,2025-12-26 0:00:00,2,9039.71,5,8587.72,12,Returned,UPI
O06875,C0008,P038,2023-04-21 0:00:00,3,8900.91,10,8010.82,7,delivered,Wallet
O06876,C0197,P036,2026-01-16 0:00:00,4,3175.16,15,2698.89,1,Delivered,Card
O06877,C0317,P076,2023-11-14 0:00:00,2,3703.57,20,2962.86,3,DELIVERED,COD
O06878,C0280,P067,2024-10-01 0:00:00,2,2701.99,10,2431.79,7,delivered,Wallet
O06879,C0200,P004,2025-03-13 0:00:00,2,6110.15,5,5804.64,10,delivered,Wallet
O06880,C0307,P018,2026-04-13 0:00:00,2,5656.52,5,5373.69,2,DELIVERED,Wallet
O06881,C0412,P047,2025-05-09 0:00:00,5,7030.71,15,5976.1,5,Delivered,Card
O06882,C0185,P075,2024-01-10 0:00:00,1,6665.82,20,5332.66,7,Cancelled,Wallet
O06883,C0091,P078,2025-04-24 0:00:00,5,8831.92,20,7065.54,11,DELIVERED,COD
O06884,C0290,P094,2024-12-12 0:00:00,3,5437.04,5,5165.19,2,Returned,UPI
O06885,C0117,P052,2024-09-01 0:00:00,1,6425.4,20,5140.32,12,DELIVERED,Wallet
O06886,C0146,P040,2023-03-30 0:00:00,4,2027.49,0,2027.49,9,Delivered,COD
O06887,C0046,P088,2025-02-11 0:00:00,4,7904.07,0,7904.07,4,Delivered,Wallet
O06888,C0265,P034,2024-06-21 0:00:00,2,3852.37,20,3081.9,11,delivered,Wallet
O06889,C0185,P042,2023-07-07 0:00:00,1,6571.69,20,5257.35,5,delivered,Wallet
O06890,C0424,P087,2025-09-04 0:00:00,5,5871.47,0,5871.47,11,DELIVERED,COD
O06891,C0118,P051,2024-12-01 0:00:00,4,9332.42,15,7932.56,12,Delivered,Wallet
O06892,C0022,P091,2023-12-02 0:00:00,2,7943.79,15,6752.22,8,delivered,Wallet
O06893,C0403,P066,2024-01-15 0:00:00,1,6731.16,5,6394.6,7,Delivered,Card
O06894,C0264,P016,2024-05-07 0:00:00,1,9314.12,5,8848.41,6,Returned,Wallet
O06895,C0491,P056,2024-01-08 0:00:00,5,6776.57,0,6776.57,11,DELIVERED,COD
O06896,C0239,P023,2024-04-22 0:00:00,2,3014.03,10,2712.63,10,DELIVERED,Wallet
O06897,C0263,P067,2024-10-05 0:00:00,1,8005.87,20,6404.7,10,DELIVERED,Card
O06898,C0094,P047,2026-04-13 0:00:00,2,6202.57,20,4962.06,1,Returned,COD
O06899,C0070,P021,2023-03-19 0:00:00,3,5822.88,10,5240.59,5,DELIVERED,COD
O06900,C0057,P024,2025-10-29 0:00:00,5,7388.5,15,6280.22,10,Returned,Wallet
O06901,C0121,P059,2023-02-28 0:00:00,4,2764,10,2487.6,11,Cancelled,Card
O06902,C0044,P078,2024-12-25 0:00:00,2,2457.95,0,2457.95,8,DELIVERED,Wallet
O06903,C0426,P016,2025-03-15 0:00:00,4,2294.76,20,1835.81,11,Cancelled,Card
O06904,C0139,P072,2025-02-09 0:00:00,1,8818.24,15,7495.5,8,delivered,Wallet
O06905,C0109,P053,2025-03-16 0:00:00,3,8257.49,0,8257.49,1,delivered,Wallet
O06906,C0262,P059,2023-08-27 0:00:00,4,6844.34,0,6844.34,11,Cancelled,COD
O06907,C0273,P081,2026-02-03 0:00:00,5,2949.52,0,2949.52,2,Cancelled,COD
O06908,C0241,P050,2023-09-10 0:00:00,5,3594.78,5,3415.04,11,Cancelled,Card
O06909,C0450,P038,2023-07-04 0:00:00,4,3090.22,15,2626.69,4,Delivered,COD
O06910,C0231,P004,2024-04-27 0:00:00,5,9451.87,20,7561.5,9,DELIVERED,UPI
O06911,C0355,P073,2025-06-30 0:00:00,4,1320.93,20,1056.74,12,DELIVERED,COD
O06912,C0219,P035,2024-06-12 0:00:00,1,8527.13,0,8527.13,1,Delivered,Wallet
O06913,C0496,P054,2023-08-06 0:00:00,1,6581.29,10,5923.16,5,Delivered,COD
O06914,C0323,P004,2023-10-09 0:00:00,3,6446.51,5,6124.18,5,Cancelled,Wallet
O06915,C0118,P004,2025-11-18 0:00:00,2,1011.4,10,910.26,2,delivered,Wallet
O06916,C0318,P042,2023-09-10 0:00:00,3,2310.43,0,2310.43,11,DELIVERED,Card
O06917,C0426,P071,2026-03-02 0:00:00,2,8907.04,5,8461.69,1,Cancelled,UPI
O06918,C0197,P060,2023-01-25 0:00:00,4,7954.88,5,7557.14,7,Returned,UPI
O06919,C0368,P008,2025-05-09 0:00:00,4,7744.95,15,6583.21,6,DELIVERED,UPI
O06920,C0374,P036,2023-02-15 0:00:00,3,1407.16,20,1125.73,9,Delivered,COD
O06921,C0468,P067,2026-03-03 0:00:00,3,886.68,20,709.34,4,delivered,COD
O06922,C0222,P014,2024-12-19 0:00:00,2,1461.94,5,1388.84,5,DELIVERED,Card
O06923,C0041,P038,2026-02-04 0:00:00,2,3257.9,0,3257.9,5,Delivered,Card
O06924,C0190,P070,2024-03-24 0:00:00,4,7454.11,20,5963.29,7,DELIVERED,Card
O06925,C0333,P079,2025-04-19 0:00:00,4,2778.72,5,2639.78,12,Returned,Wallet
O06926,C0138,P042,2025-04-10 0:00:00,3,4374.89,15,3718.66,10,Returned,COD
O06927,C0318,P048,2025-10-03 0:00:00,4,990.57,20,792.46,2,Returned,Wallet
O06928,C0125,P077,2024-06-01 0:00:00,4,3638.8,0,3638.8,11,DELIVERED,Wallet
O06929,C0284,P040,2024-11-04 0:00:00,3,6359.51,0,6359.51,12,Cancelled,Wallet
O06930,C0415,P097,2024-04-23 0:00:00,3,2879.25,0,2879.25,3,Delivered,Wallet
O06931,C0472,P088,2023-03-06 0:00:00,4,1587.93,10,1429.14,6,delivered,Wallet
O06932,C0128,P057,2025-04-16 0:00:00,4,624.39,0,624.39,9,Returned,UPI
O06933,C0050,P089,2024-03-24 0:00:00,1,5351.49,20,4281.19,9,Cancelled,Wallet
O06934,C0261,P084,2024-07-02 0:00:00,1,1569.12,0,1569.12,1,DELIVERED,COD
O06935,C0069,P045,2025-04-11 0:00:00,3,3501.29,5,3326.23,11,Cancelled,Card
O06936,C0039,P012,2023-01-16 0:00:00,1,9745.73,0,9745.73,6,Returned,COD
O06937,C0328,P017,2023-05-26 0:00:00,3,7401.21,5,7031.15,9,Cancelled,COD
O06938,C0436,P001,2023-01-15 0:00:00,3,1340.83,15,1139.71,1,Returned,Wallet
O06939,C0382,P014,2024-09-23 0:00:00,5,7612.45,15,6470.58,5,delivered,Wallet
O06940,C0483,P055,2026-04-01 0:00:00,4,2072.85,5,1969.21,6,delivered,UPI
O06941,C0037,P093,2023-04-02 0:00:00,3,5855.06,10,5269.55,9,Cancelled,Card
O06942,C0370,P006,2024-04-30 0:00:00,2,4902.68,0,4902.68,10,Cancelled,Wallet
O06943,C0419,P041,2024-01-31 0:00:00,4,2847.16,0,2847.16,0,Cancelled,COD
O06944,C0059,P089,2024-12-11 0:00:00,5,2583.21,10,2324.89,6,Delivered,COD
O06945,C0446,P061,2023-10-03 0:00:00,5,3103.78,0,3103.78,7,delivered,Wallet
O06946,C0054,P068,2025-10-30 0:00:00,4,7839.56,20,6271.65,2,delivered,UPI
O06947,C0472,P047,2024-10-13 0:00:00,1,4672.71,0,4672.71,10,Returned,Wallet
O06948,C0466,P060,2025-04-12 0:00:00,1,2891.64,10,2602.48,8,Returned,Wallet
O06949,C0301,P051,2025-02-21 0:00:00,4,7295.01,5,6930.26,5,Delivered,Wallet
O06950,C0430,P017,2024-03-04 0:00:00,1,2172.14,15,1846.32,8,Returned,UPI
O06951,C0498,P056,2024-01-04 0:00:00,3,4829.41,5,4587.94,12,Returned,Wallet
O06952,C0087,P068,2026-02-28 0:00:00,4,5463.36,5,5190.19,5,Delivered,COD
O06953,C0149,P051,2023-01-07 0:00:00,2,4271.67,10,3844.5,5,Cancelled,Wallet
O06954,C0402,P031,2023-10-26 0:00:00,5,5956.43,20,4765.14,10,Delivered,Wallet
O06955,C0472,P036,2024-08-31 0:00:00,1,6876.82,5,6532.98,1,delivered,UPI
O06956,C0273,P100,2024-12-10 0:00:00,4,6247.47,5,5935.1,12,Cancelled,COD
O06957,C0133,P004,2024-09-25 0:00:00,3,7606.68,10,6846.01,3,DELIVERED,UPI
O06958,C0367,P093,2025-03-02 0:00:00,4,9351.54,0,9351.54,11,DELIVERED,UPI
O06959,C0301,P003,2024-06-10 0:00:00,4,1022.21,0,1022.21,8,Cancelled,COD
O06960,C0203,P003,2025-02-06 0:00:00,2,1609.27,0,1609.27,11,Returned,UPI
O06961,C0386,P017,2026-02-19 0:00:00,5,7788.37,15,6620.11,1,Returned,UPI
O06962,C0415,P019,2024-07-18 0:00:00,4,995.24,20,796.19,8,delivered,UPI
O06963,C0482,P089,2025-06-29 0:00:00,4,3630.3,0,3630.3,9,Cancelled,Card
O06964,C0477,P057,2024-04-07 0:00:00,2,4102.7,20,3282.16,7,DELIVERED,Wallet
O06965,C0499,P008,2023-07-02 0:00:00,3,8954.07,20,7163.26,7,DELIVERED,UPI
O06966,C0295,P009,2024-08-19 0:00:00,1,5527.58,20,4422.06,5,Cancelled,COD
O06967,C0087,P015,2023-10-20 0:00:00,1,4648.42,15,3951.16,10,Cancelled,UPI
O06968,C0248,P016,2025-11-17 0:00:00,5,9572.66,10,8615.39,2,Cancelled,Wallet
O06969,C0366,P096,2025-08-29 0:00:00,1,6826.06,15,5802.15,12,delivered,UPI
O06970,C0482,P034,2025-08-05 0:00:00,1,7831.88,10,7048.69,6,Delivered,Card
O06971,C0300,P091,2025-04-15 0:00:00,2,1773.71,10,1596.34,12,delivered,COD
O06972,C0156,P088,2024-05-10 0:00:00,5,8872.69,5,8429.06,1,Cancelled,Card
O06973,C0171,P032,2024-05-05 0:00:00,3,6597.57,15,5607.93,11,Delivered,COD
O06974,C0355,P049,2023-12-05 0:00:00,5,7986.73,0,7986.73,8,DELIVERED,UPI
O06975,C0018,P056,2023-05-14 0:00:00,3,9263.68,15,7874.13,2,Returned,COD
O06976,C0104,P092,2023-11-01 0:00:00,5,8642.65,15,7346.25,10,Returned,Wallet
O06977,C0154,P046,2023-02-05 0:00:00,4,3580.18,15,3043.15,2,Delivered,Wallet
O06978,C0492,P030,2025-08-08 0:00:00,1,5833.6,20,4666.88,1,DELIVERED,Card
O06979,C0086,P098,2025-03-03 0:00:00,4,6638.42,5,6306.5,5,Delivered,Wallet
O06980,C0418,P092,2023-11-24 0:00:00,5,6928.4,5,6581.98,6,Delivered,Card
O06981,C0280,P059,2024-02-28 0:00:00,1,8045.61,20,6436.49,4,Delivered,UPI
O06982,C0302,P057,2025-01-04 0:00:00,4,869.72,5,826.23,9,Cancelled,Card
O06983,C0381,P089,2024-08-30 0:00:00,4,7554.87,15,6421.64,12,Delivered,UPI
O06984,C0246,P017,2024-11-22 0:00:00,5,6107.82,10,5497.04,1,Returned,COD
O06985,C0356,P011,2024-01-31 0:00:00,1,2333.86,15,1983.78,5,delivered,UPI
O06986,C0080,P092,2023-10-04 0:00:00,5,5369.07,10,4832.16,6,DELIVERED,COD
O06987,C0087,P066,2024-11-29 0:00:00,3,9605.91,20,7684.73,3,Delivered,COD
O06988,C0180,P041,2025-12-17 0:00:00,1,8980.75,15,7633.64,3,Cancelled,UPI
O06989,C0006,P045,2025-05-25 0:00:00,2,2505.27,5,2380.01,4,Delivered,Card
O06990,C0357,P054,2025-08-19 0:00:00,1,1240.07,5,1178.07,4,Returned,UPI
O06991,C0445,P048,2023-12-27 0:00:00,5,2213.89,0,2213.89,12,delivered,UPI
O06992,C0282,P028,2023-04-11 0:00:00,1,1227.67,20,982.14,10,Returned,Wallet
O06993,C0335,P009,2024-01-21 0:00:00,5,5914.8,5,5619.06,10,Returned,Wallet
O06994,C0421,P003,2023-11-28 0:00:00,1,6487.61,20,5190.09,7,Delivered,Wallet
O06995,C0375,P065,2023-08-31 0:00:00,2,5837.95,15,4962.26,11,Returned,UPI
O06996,C0414,P067,2025-05-13 0:00:00,3,2744.1,10,2469.69,11,delivered,Wallet
O06997,C0005,P047,2026-01-16 0:00:00,2,8889.52,10,8000.57,9,Returned,Wallet
O06998,C0235,P053,2026-02-13 0:00:00,4,6760.42,20,5408.34,1,Cancelled,Wallet
O06999,C0082,P026,2024-12-06 0:00:00,1,2194.7,10,1975.23,5,Returned,Wallet
O07000,C0485,P100,2026-04-10 0:00:00,4,3082.03,10,2773.83,12,delivered,Wallet
O07001,C0465,P048,2024-06-07 0:00:00,1,8866.75,20,7093.4,8,delivered,Card
O07002,C0238,P050,2026-01-12 0:00:00,3,5767.02,20,4613.62,5,Returned,Wallet
O07003,C0387,P014,2024-11-18 0:00:00,2,8335.97,5,7919.17,10,Returned,Wallet
O07004,C0369,P014,2024-07-13 0:00:00,3,7763.99,15,6599.39,9,Delivered,Card
O07005,C0167,P031,2025-05-12 0:00:00,3,5618.37,10,5056.53,5,Cancelled,Wallet
O07006,C0112,P034,2024-12-06 0:00:00,2,6693.22,5,6358.56,4,Cancelled,UPI
O07007,C0427,P076,2025-02-12 0:00:00,5,6860.68,0,6860.68,6,Cancelled,UPI
O07008,C0342,P035,2026-04-13 0:00:00,3,3406.12,15,2895.2,9,Delivered,Wallet
O07009,C0248,P006,2025-02-25 0:00:00,5,8108.16,10,7297.34,1,Delivered,UPI
O07010,C0424,P082,2024-11-26 0:00:00,3,8753.88,5,8316.19,4,Returned,Wallet
O07011,C0089,P023,2025-01-11 0:00:00,1,4081.63,10,3673.47,6,Delivered,Wallet
O07012,C0139,P069,2025-11-18 0:00:00,3,3242.68,15,2756.28,12,DELIVERED,Wallet
O07013,C0146,P042,2025-06-19 0:00:00,4,7339.08,0,7339.08,8,DELIVERED,Wallet
O07014,C0408,P056,2023-01-25 0:00:00,4,5470.99,5,5197.44,4,Delivered,Wallet
O07015,C0114,P055,2024-12-28 0:00:00,5,6757.14,5,6419.28,1,Returned,UPI
O07016,C0111,P025,2024-09-01 0:00:00,4,4949.75,15,4207.29,5,Delivered,Wallet
O07017,C0057,P089,2024-02-13 0:00:00,4,1010.01,10,909.01,1,delivered,Card
O07018,C0372,P018,2025-09-24 0:00:00,3,8710.31,5,8274.79,8,DELIVERED,Wallet
O07019,C0183,P031,2024-06-11 0:00:00,4,7107.16,0,7107.16,9,Delivered,Card
O07020,C0267,P041,2023-11-08 0:00:00,4,8996.34,0,8996.34,12,Cancelled,Card
O07021,C0490,P067,2024-11-20 0:00:00,2,2476.3,0,2476.3,12,Cancelled,Wallet
O07022,C0191,P038,2023-10-03 0:00:00,5,7032.07,10,6328.86,1,Delivered,UPI
O07023,C0241,P022,2025-03-28 0:00:00,1,5425.52,15,4611.69,3,delivered,COD
O07024,C0290,P057,2025-06-19 0:00:00,1,1256.01,20,1004.81,5,DELIVERED,UPI
O07025,C0238,P011,2024-12-29 0:00:00,5,9153.94,20,7323.15,3,Delivered,Card
O07026,C0287,P098,2023-10-15 0:00:00,1,6104.4,20,4883.52,9,Cancelled,Wallet
O07027,C0191,P058,2023-08-02 0:00:00,2,3065.91,20,2452.73,4,Returned,Wallet
O07028,C0242,P030,2025-08-13 0:00:00,4,6549.53,5,6222.05,5,DELIVERED,COD
O07029,C0482,P087,2025-07-21 0:00:00,4,1554.92,15,1321.68,5,Returned,Card
O07030,C0038,P017,2024-05-22 0:00:00,1,8820.87,20,7056.7,8,delivered,Wallet
O07031,C0182,P035,2023-11-24 0:00:00,4,5371.27,5,5102.71,6,delivered,Wallet
O07032,C0360,P003,2024-07-09 0:00:00,2,6096.54,20,4877.23,11,Delivered,COD
O07033,C0043,P028,2025-03-19 0:00:00,3,9214.5,20,7371.6,7,DELIVERED,Card
O07034,C0205,P032,2023-09-19 0:00:00,2,2813.7,20,2250.96,1,Returned,Wallet
O07035,C0257,P037,2023-03-18 0:00:00,4,3546.24,10,3191.62,12,Delivered,COD
O07036,C0306,P074,2025-09-22 0:00:00,2,1144.46,0,1144.46,11,Returned,Wallet
O07037,C0348,P074,2025-04-11 0:00:00,5,3671.09,15,3120.43,2,Cancelled,Wallet
O07038,C0253,P069,2024-02-03 0:00:00,4,5936.89,20,4749.51,3,Cancelled,UPI
O07039,C0250,P095,2025-12-28 0:00:00,4,6024.94,20,4819.95,10,Returned,Card
O07040,C0485,P090,2024-05-13 0:00:00,1,5248.8,20,4199.04,4,Returned,UPI
O07041,C0144,P001,2025-11-04 0:00:00,1,1527.2,5,1450.84,3,delivered,UPI
O07042,C0194,P034,2025-03-20 0:00:00,5,3675.85,5,3492.06,12,Cancelled,COD
O07043,C0373,P093,2023-12-31 0:00:00,3,9298.73,15,7903.92,4,delivered,COD
O07044,C0443,P067,2024-08-12 0:00:00,1,3971.94,15,3376.15,9,Returned,Wallet
O07045,C0246,P037,2024-01-06 0:00:00,1,7644.28,10,6879.85,5,Delivered,UPI
O07046,C0156,P029,2025-07-16 0:00:00,2,5565.18,20,4452.14,4,Delivered,COD
O07047,C0338,P066,2023-05-04 0:00:00,2,8582.53,10,7724.28,9,Delivered,Card
O07048,C0081,P069,2026-02-04 0:00:00,4,8727.13,5,8290.77,10,DELIVERED,UPI
O07049,C0271,P088,2024-11-20 0:00:00,5,4328.86,15,3679.53,4,delivered,Wallet
O07050,C0007,P063,2023-10-08 0:00:00,3,8494.8,0,8494.8,3,Delivered,COD
O07051,C0091,P024,2023-11-04 0:00:00,5,6956.13,0,6956.13,1,DELIVERED,Wallet
O07052,C0439,P025,2025-08-08 0:00:00,1,2693.72,0,2693.72,12,Returned,UPI
O07053,C0210,P036,2023-10-31 0:00:00,1,4189.25,10,3770.33,11,Returned,Card
O07054,C0225,P081,2024-01-22 0:00:00,5,9571.65,10,8614.49,1,delivered,UPI
O07055,C0411,P039,2024-07-01 0:00:00,1,7043.84,20,5635.07,3,Returned,UPI
O07056,C0263,P048,2024-10-12 0:00:00,2,875.39,15,744.08,1,Cancelled,UPI
O07057,C0415,P097,2025-02-21 0:00:00,3,1651.35,5,1568.78,1,DELIVERED,UPI
O07058,C0088,P037,2023-08-19 0:00:00,3,8480.35,0,8480.35,3,delivered,Card
O07059,C0092,P025,2023-11-20 0:00:00,5,4040.69,0,4040.69,4,Delivered,Card
O07060,C0162,P065,2023-09-04 0:00:00,5,5987.78,5,5688.39,9,DELIVERED,Card
O07061,C0366,P035,2023-06-23 0:00:00,4,2717.82,0,2717.82,2,Cancelled,UPI
O07062,C0174,P029,2023-10-18 0:00:00,1,7059.05,0,7059.05,10,Delivered,UPI
O07063,C0405,P023,2026-01-11 0:00:00,3,6301.51,20,5041.21,11,Delivered,COD
O07064,C0332,P039,2023-09-08 0:00:00,2,6541.4,0,6541.4,10,Returned,Wallet
O07065,C0209,P031,2023-02-14 0:00:00,4,9467,20,7573.6,8,Delivered,Wallet
O07066,C0375,P015,2025-06-09 0:00:00,1,1526.24,10,1373.62,4,Cancelled,UPI
O07067,C0481,P039,2026-02-20 0:00:00,1,6842.91,0,6842.91,1,Returned,Card
O07068,C0332,P081,2023-03-02 0:00:00,1,4361.1,10,3924.99,3,Delivered,Wallet
O07069,C0222,P099,2025-01-23 0:00:00,5,2289.97,5,2175.47,4,delivered,Wallet
O07070,C0374,P090,2023-09-16 0:00:00,2,6294.06,5,5979.36,11,Delivered,COD
O07071,C0451,P098,2025-05-21 0:00:00,4,3832.34,15,3257.49,2,Cancelled,UPI
O07072,C0362,P003,2023-07-18 0:00:00,2,4907.21,20,3925.77,5,delivered,UPI
O07073,C0128,P084,2023-12-05 0:00:00,3,9783.77,15,8316.2,4,DELIVERED,Wallet
O07074,C0203,P072,2025-05-21 0:00:00,4,8155.36,15,6932.06,1,Returned,Wallet
O07075,C0094,P008,2023-10-07 0:00:00,4,9659.04,15,8210.18,10,delivered,Wallet
O07076,C0385,P012,2025-05-27 0:00:00,3,3244.68,10,2920.21,7,Cancelled,Wallet
O07077,C0384,P084,2023-09-24 0:00:00,3,3537.09,0,3537.09,7,delivered,COD
O07078,C0209,P002,2024-08-17 0:00:00,5,2988.04,0,2988.04,1,DELIVERED,Wallet
O07079,C0461,P061,2023-03-14 0:00:00,5,2265.4,15,1925.59,5,DELIVERED,Wallet
O07080,C0075,P075,2023-09-11 0:00:00,3,6319.45,15,5371.53,8,delivered,Wallet
O07081,C0139,P046,2024-04-06 0:00:00,5,5375.67,10,4838.1,4,delivered,Wallet
O07082,C0214,P077,2025-07-18 0:00:00,3,8272.44,0,8272.44,3,Returned,Wallet
O07083,C0466,P099,2023-04-13 0:00:00,2,2488.91,0,2488.91,3,Returned,COD
O07084,C0315,P068,2023-01-20 0:00:00,2,911.23,10,820.11,6,delivered,COD
O07085,C0183,P094,2025-01-16 0:00:00,3,992.09,20,793.67,7,Delivered,Wallet
O07086,C0483,P005,2024-05-29 0:00:00,4,7595.45,5,7215.68,6,DELIVERED,COD
O07087,C0304,P048,2024-07-27 0:00:00,5,7453.97,5,7081.27,1,DELIVERED,COD
O07088,C0108,P010,2023-07-20 0:00:00,3,9435.86,0,9435.86,9,Cancelled,Wallet
O07089,C0466,P017,2024-01-12 0:00:00,3,9326.25,20,7461,5,Returned,Card
O07090,C0456,P059,2024-08-29 0:00:00,2,6428.38,20,5142.7,9,delivered,Wallet
O07091,C0437,P036,2024-10-18 0:00:00,5,8344.89,15,7093.16,1,DELIVERED,UPI
O07092,C0334,P087,2025-02-16 0:00:00,5,9673.81,10,8706.43,9,DELIVERED,UPI
O07093,C0344,P009,2023-01-28 0:00:00,4,2373.75,20,1899,9,DELIVERED,Wallet
O07094,C0303,P094,2024-08-01 0:00:00,2,3803.53,5,3613.35,9,Cancelled,Card
O07095,C0190,P048,2025-03-10 0:00:00,2,9841.94,0,9841.94,7,delivered,Wallet
O07096,C0104,P041,2026-04-04 0:00:00,2,504.35,10,453.92,4,Delivered,UPI
O07097,C0459,P081,2025-01-17 0:00:00,3,4266.13,10,3839.52,11,DELIVERED,Wallet
O07098,C0500,P094,2025-06-26 0:00:00,5,3214.29,0,3214.29,7,delivered,COD
O07099,C0370,P087,2025-02-23 0:00:00,5,9572.35,5,9093.73,4,delivered,COD
O07100,C0202,P016,2025-05-17 0:00:00,4,8766.11,10,7889.5,11,DELIVERED,Wallet
O07101,C0204,P028,2024-05-13 0:00:00,4,7636.9,15,6491.36,1,Cancelled,COD
O07102,C0029,P055,2026-03-14 0:00:00,3,5333.16,0,5333.16,2,Cancelled,Wallet
O07103,C0144,P075,2025-04-12 0:00:00,5,4206.37,5,3996.05,3,delivered,Card
O07104,C0258,P041,2023-06-21 0:00:00,3,3192.14,15,2713.32,3,DELIVERED,Wallet
O07105,C0395,P037,2025-06-28 0:00:00,2,7275.54,5,6911.76,10,Cancelled,COD
O07106,C0213,P095,2023-04-25 0:00:00,1,5247.58,5,4985.2,4,Delivered,UPI
O07107,C0024,P048,2024-03-15 0:00:00,4,9512.89,15,8085.96,11,DELIVERED,COD
O07108,C0220,P087,2025-01-12 0:00:00,1,2446.62,20,1957.3,2,DELIVERED,Wallet
O07109,C0056,P066,2024-09-30 0:00:00,5,6462.99,0,6462.99,7,Cancelled,COD
O07110,C0343,P048,2025-07-14 0:00:00,5,7990.08,15,6791.57,9,Cancelled,COD
O07111,C0449,P026,2023-12-13 0:00:00,4,8091.82,0,8091.82,7,DELIVERED,Card
O07112,C0051,P080,2023-10-18 0:00:00,5,7910.74,15,6724.13,8,Delivered,Wallet
O07113,C0235,P030,2023-04-25 0:00:00,2,4395.97,10,3956.37,7,Cancelled,UPI
O07114,C0475,P086,2024-02-04 0:00:00,4,9080.45,15,7718.38,3,Cancelled,COD
O07115,C0211,P046,2025-08-19 0:00:00,4,4415.27,10,3973.74,7,Delivered,Wallet
O07116,C0485,P092,2023-09-18 0:00:00,3,766.15,5,727.84,2,delivered,COD
O07117,C0137,P089,2024-06-21 0:00:00,5,7202.53,10,6482.28,3,Returned,UPI
O07118,C0217,P013,2024-09-08 0:00:00,4,4589.59,20,3671.67,3,Returned,UPI
O07119,C0263,P010,2026-02-24 0:00:00,1,5993.72,10,5394.35,8,delivered,Card
O07120,C0114,P081,2024-05-04 0:00:00,5,6559.15,0,6559.15,1,Delivered,COD
O07121,C0423,P032,2023-03-24 0:00:00,4,7760.02,15,6596.02,1,Returned,COD
O07122,C0030,P051,2026-03-10 0:00:00,1,6194.13,5,5884.42,7,Cancelled,Card
O07123,C0214,P095,2026-03-17 0:00:00,3,9946.17,20,7956.94,6,Delivered,UPI
O07124,C0226,P046,2025-12-17 0:00:00,1,8503.2,0,8503.2,10,Cancelled,Card
O07125,C0414,P038,2024-07-02 0:00:00,5,7080.67,0,7080.67,1,Delivered,Wallet
O07126,C0204,P026,2024-11-02 0:00:00,1,4262.14,0,4262.14,1,DELIVERED,Wallet
O07127,C0149,P066,2023-02-10 0:00:00,3,2341.29,15,1990.1,1,Returned,Wallet
O07128,C0299,P067,2025-09-19 0:00:00,1,3487.58,15,2964.44,11,DELIVERED,Wallet
O07129,C0125,P065,2025-07-30 0:00:00,3,7929.22,0,7929.22,10,Delivered,Card
O07130,C0118,P044,2024-07-30 0:00:00,5,6199.65,5,5889.67,12,DELIVERED,COD
O07131,C0012,P044,2025-06-15 0:00:00,3,7980.69,20,6384.55,10,delivered,UPI
O07132,C0039,P099,2024-07-21 0:00:00,1,6118.77,20,4895.02,7,DELIVERED,Wallet
O07133,C0206,P055,2024-04-12 0:00:00,5,2119.11,10,1907.2,11,Cancelled,Card
O07134,C0211,P026,2025-06-15 0:00:00,1,3907.79,5,3712.4,2,Returned,Wallet
O07135,C0101,P097,2024-02-11 0:00:00,4,2671.51,0,2671.51,4,Returned,COD
O07136,C0171,P058,2023-03-23 0:00:00,4,5733.69,5,5447.01,11,Delivered,UPI
O07137,C0435,P055,2023-11-11 0:00:00,3,6928.31,5,6581.89,2,Returned,Card
O07138,C0135,P025,2024-05-05 0:00:00,2,7405.89,15,6295.01,4,DELIVERED,Wallet
O07139,C0250,P040,2023-09-21 0:00:00,1,7856.92,5,7464.07,6,Delivered,Card
O07140,C0314,P058,2023-09-30 0:00:00,5,4535.74,15,3855.38,9,Returned,Wallet
O07141,C0409,P089,2024-11-01 0:00:00,1,1849.21,10,1664.29,5,delivered,UPI
O07142,C0016,P002,2026-03-28 0:00:00,1,4968.95,20,3975.16,8,Cancelled,UPI
O07143,C0330,P042,2026-04-15 0:00:00,5,5953.37,15,5060.36,4,delivered,COD
O07144,C0359,P087,2023-08-20 0:00:00,3,9554.22,15,8121.09,7,DELIVERED,Wallet
O07145,C0009,P097,2023-06-11 0:00:00,2,2835.9,0,2835.9,2,delivered,Card
O07146,C0255,P021,2025-05-25 0:00:00,2,1160.62,5,1102.59,7,Returned,COD
O07147,C0305,P006,2024-02-09 0:00:00,4,2673.34,0,2673.34,7,DELIVERED,UPI
O07148,C0205,P019,2025-11-05 0:00:00,2,7383.3,10,6644.97,1,Returned,COD
O07149,C0170,P013,2023-06-07 0:00:00,5,7585.35,10,6826.82,9,Cancelled,Wallet
O07150,C0450,P040,2024-05-19 0:00:00,5,7478.9,20,5983.12,2,Cancelled,Wallet
O07151,C0349,P034,2025-03-02 0:00:00,5,3788.6,15,3220.31,12,Cancelled,Wallet
O07152,C0107,P007,2023-02-23 0:00:00,4,9355.56,15,7952.23,10,Cancelled,Card
O07153,C0149,P056,2024-07-04 0:00:00,4,638.89,20,511.11,8,delivered,Wallet
O07154,C0345,P058,2023-03-04 0:00:00,3,660.17,20,528.14,6,DELIVERED,COD
O07155,C0189,P082,2025-11-14 0:00:00,3,7917.23,10,7125.51,4,Returned,Wallet
O07156,C0439,P070,2023-04-02 0:00:00,3,2133.54,0,2133.54,4,DELIVERED,COD
O07157,C0382,P066,2025-11-12 0:00:00,4,8498.56,20,6798.85,5,delivered,UPI
O07158,C0015,P099,2025-08-17 0:00:00,1,5449.85,15,4632.37,9,DELIVERED,Card
O07159,C0393,P049,2025-07-13 0:00:00,5,2678.7,20,2142.96,6,Cancelled,UPI
O07160,C0303,P066,2024-05-05 0:00:00,1,8686.55,10,7817.89,1,Returned,Wallet
O07161,C0456,P039,2024-02-08 0:00:00,3,3271.02,20,2616.82,10,delivered,Wallet
O07162,C0119,P033,2025-06-27 0:00:00,1,9191.93,10,8272.74,7,Delivered,Wallet
O07163,C0334,P086,2026-02-08 0:00:00,4,5276.57,10,4748.91,8,Delivered,COD
O07164,C0264,P024,2024-06-20 0:00:00,3,2878.54,5,2734.61,6,Returned,UPI
O07165,C0293,P023,2023-07-18 0:00:00,3,5690.57,20,4552.46,6,Returned,Wallet
O07166,C0200,P099,2025-12-02 0:00:00,2,1428.77,0,1428.77,8,Cancelled,Wallet
O07167,C0433,P011,2025-02-25 0:00:00,3,8127.25,0,8127.25,5,DELIVERED,Wallet
O07168,C0232,P098,2024-10-01 0:00:00,1,2970.95,15,2525.31,11,Delivered,UPI
O07169,C0464,P023,2024-07-20 0:00:00,3,4311.01,5,4095.46,7,Cancelled,Card
O07170,C0350,P082,2025-10-06 0:00:00,1,2212.24,10,1991.02,12,Returned,Wallet
O07171,C0215,P051,2025-07-31 0:00:00,3,8550.53,10,7695.48,7,delivered,Wallet
O07172,C0327,P087,2023-12-07 0:00:00,1,2579.73,5,2450.74,2,DELIVERED,COD
O07173,C0313,P074,2025-11-04 0:00:00,5,4580.23,10,4122.21,8,DELIVERED,COD
O07174,C0211,P066,2024-02-21 0:00:00,1,5675.74,10,5108.17,10,delivered,Wallet
O07175,C0262,P019,2024-03-25 0:00:00,4,9446.29,20,7557.03,1,Cancelled,UPI
O07176,C0102,P029,2025-11-09 0:00:00,1,4050.28,15,3442.74,3,Delivered,COD
O07177,C0403,P024,2023-09-21 0:00:00,4,7226.99,5,6865.64,8,DELIVERED,Card
O07178,C0051,P014,2025-05-22 0:00:00,4,9268.74,20,7414.99,12,delivered,COD
O07179,C0482,P009,2025-10-28 0:00:00,5,4210.24,20,3368.19,8,DELIVERED,UPI
O07180,C0197,P026,2023-08-27 0:00:00,1,3049.86,15,2592.38,2,DELIVERED,Wallet
O07181,C0334,P095,2025-08-09 0:00:00,2,5474.3,20,4379.44,3,Returned,Wallet
O07182,C0286,P030,2024-07-28 0:00:00,1,1387.54,20,1110.03,3,DELIVERED,UPI
O07183,C0171,P085,2026-02-11 0:00:00,2,4620.14,0,4620.14,4,Returned,Wallet
O07184,C0032,P099,2025-11-08 0:00:00,4,3179.88,5,3020.89,5,DELIVERED,Wallet
O07185,C0322,P033,2024-01-02 0:00:00,3,2011.93,0,2011.93,6,Returned,Wallet
O07186,C0117,P097,2025-12-02 0:00:00,4,9297.54,10,8367.79,6,Cancelled,Wallet
O07187,C0109,P097,2023-09-24 0:00:00,5,5411.31,10,4870.18,11,DELIVERED,UPI
O07188,C0412,P023,2025-03-20 0:00:00,2,7557.07,5,7179.22,4,DELIVERED,UPI
O07189,C0293,P008,2023-10-26 0:00:00,5,1418.36,10,1276.52,9,Delivered,Wallet
O07190,C0298,P014,2026-03-16 0:00:00,3,1834.5,15,1559.33,10,delivered,UPI
O07191,C0361,P036,2025-12-23 0:00:00,3,5026.84,20,4021.47,5,delivered,Wallet
O07192,C0076,P087,2025-11-11 0:00:00,4,1253.26,5,1190.6,6,Cancelled,UPI
O07193,C0219,P097,2025-02-02 0:00:00,1,1641.95,0,1641.95,5,delivered,UPI
O07194,C0149,P029,2025-08-02 0:00:00,2,8779.59,10,7901.63,5,Cancelled,Card
O07195,C0134,P047,2025-04-29 0:00:00,5,9549.08,0,9549.08,6,Cancelled,Wallet
O07196,C0025,P009,2023-04-15 0:00:00,1,9262.12,15,7872.8,8,Returned,COD
O07197,C0451,P068,2023-09-22 0:00:00,3,5094,10,4584.6,9,DELIVERED,Wallet
O07198,C0244,P083,2023-05-27 0:00:00,5,2921.61,5,2775.53,2,Returned,COD
O07199,C0432,P070,2023-06-15 0:00:00,4,6368.68,0,6368.68,8,Returned,Wallet
O07200,C0282,P076,2023-09-02 0:00:00,4,8116.34,20,6493.07,6,Returned,Wallet
O07201,C0030,P065,2025-08-06 0:00:00,2,2740.57,5,2603.54,5,Delivered,Wallet
O07202,C0390,P014,2023-01-20 0:00:00,3,5029.8,10,4526.82,3,Delivered,UPI
O07203,C0023,P056,2024-11-03 0:00:00,3,9085.76,0,9085.76,5,Cancelled,Wallet
O07204,C0462,P057,2023-01-09 0:00:00,3,8133.27,0,8133.27,4,Returned,Wallet
O07205,C0302,P011,2023-04-21 0:00:00,1,9299.33,10,8369.4,4,delivered,Wallet
O07206,C0100,P058,2025-05-17 0:00:00,3,2146.73,15,1824.72,9,delivered,Card
O07207,C0498,P019,2025-03-17 0:00:00,1,7375.07,10,6637.56,2,Delivered,COD
O07208,C0207,P050,2023-11-29 0:00:00,4,9087.31,5,8632.94,3,delivered,Wallet
O07209,C0149,P019,2023-07-28 0:00:00,2,995.92,0,995.92,4,DELIVERED,Wallet
O07210,C0257,P051,2023-09-26 0:00:00,4,4652.83,0,4652.83,10,Returned,UPI
O07211,C0353,P067,2026-01-17 0:00:00,1,5734.31,5,5447.59,7,DELIVERED,Card
O07212,C0096,P087,2025-05-27 0:00:00,3,6103.88,5,5798.69,9,delivered,Wallet
O07213,C0462,P019,2024-08-31 0:00:00,3,4742.89,20,3794.31,9,DELIVERED,Wallet
O07214,C0111,P028,2026-03-09 0:00:00,1,6274.46,15,5333.29,12,Delivered,Wallet
O07215,C0330,P098,2024-04-05 0:00:00,2,2378.03,5,2259.13,3,Returned,Card
O07216,C0242,P007,2025-02-01 0:00:00,4,3536.56,0,3536.56,9,DELIVERED,COD
O07217,C0166,P046,2024-01-29 0:00:00,3,755.39,10,679.85,8,delivered,COD
O07218,C0021,P062,2023-03-12 0:00:00,1,9249.18,15,7861.8,10,delivered,COD
O07219,C0007,P089,2025-08-20 0:00:00,5,6333.56,0,6333.56,2,Delivered,Wallet
O07220,C0379,P027,2025-02-22 0:00:00,5,4861.67,20,3889.34,6,Delivered,UPI
O07221,C0176,P064,2024-07-31 0:00:00,3,8418.97,10,7577.07,5,delivered,Wallet
O07222,C0463,P051,2026-03-24 0:00:00,3,2687.28,5,2552.92,3,DELIVERED,Card
O07223,C0371,P016,2023-12-01 0:00:00,4,1898.69,10,1708.82,8,delivered,Wallet
O07224,C0460,P031,2025-05-02 0:00:00,5,3487.47,0,3487.47,11,Returned,Card
O07225,C0368,P066,2025-02-04 0:00:00,1,1071.24,0,1071.24,6,delivered,COD
O07226,C0473,P074,2024-12-27 0:00:00,1,1776.98,15,1510.43,9,delivered,Wallet
O07227,C0040,P027,2025-10-08 0:00:00,5,4985.58,15,4237.74,1,DELIVERED,Wallet
O07228,C0220,P029,2025-10-01 0:00:00,5,4224.15,15,3590.53,3,Cancelled,Wallet
O07229,C0470,P074,2024-05-14 0:00:00,2,2997.56,0,2997.56,9,Delivered,Wallet
O07230,C0146,P004,2024-11-01 0:00:00,1,3298.01,10,2968.21,10,Delivered,COD
O07231,C0390,P008,2024-05-11 0:00:00,1,3667.72,10,3300.95,7,DELIVERED,Wallet
O07232,C0010,P085,2025-01-11 0:00:00,2,4882.36,0,4882.36,2,Delivered,UPI
O07233,C0322,P047,2024-05-16 0:00:00,5,1441.06,0,1441.06,10,Cancelled,Card
O07234,C0135,P001,2026-02-16 0:00:00,5,8920.68,15,7582.58,12,Returned,Wallet
O07235,C0109,P010,2023-08-29 0:00:00,5,3458.99,20,2767.19,11,DELIVERED,COD
O07236,C0382,P032,2025-12-18 0:00:00,3,9472.51,0,9472.51,4,delivered,Wallet
O07237,C0304,P059,2024-05-31 0:00:00,5,2731.55,15,2321.82,1,Delivered,Wallet
O07238,C0455,P091,2025-10-02 0:00:00,5,4443.59,5,4221.41,11,DELIVERED,Wallet
O07239,C0325,P100,2024-02-01 0:00:00,1,6082.17,20,4865.74,3,Delivered,Wallet
O07240,C0209,P084,2023-07-12 0:00:00,3,7089.62,10,6380.66,9,Cancelled,COD
O07241,C0375,P080,2024-02-23 0:00:00,5,2895.59,5,2750.81,1,delivered,Card
O07242,C0334,P055,2025-09-26 0:00:00,1,4374.08,15,3717.97,7,delivered,Wallet
O07243,C0366,P011,2023-03-01 0:00:00,5,2783.78,0,2783.78,5,delivered,Wallet
O07244,C0352,P001,2023-12-28 0:00:00,2,6168.79,5,5860.35,9,Cancelled,COD
O07245,C0028,P030,2023-06-02 0:00:00,5,8784.89,5,8345.65,9,DELIVERED,UPI
O07246,C0044,P090,2025-06-23 0:00:00,2,2112.71,15,1795.8,9,Cancelled,Card
O07247,C0101,P055,2024-04-24 0:00:00,5,9592.06,5,9112.46,9,Cancelled,Wallet
O07248,C0077,P042,2023-10-11 0:00:00,1,1710.72,0,1710.72,4,Cancelled,UPI
O07249,C0455,P024,2024-05-15 0:00:00,1,1150.52,0,1150.52,2,Delivered,Wallet
O07250,C0323,P019,2023-12-07 0:00:00,2,5486.77,20,4389.42,2,Delivered,Card
O07251,C0487,P013,2023-05-04 0:00:00,3,6442.68,15,5476.28,3,Delivered,UPI
O07252,C0372,P045,2023-04-15 0:00:00,4,8124.96,10,7312.46,1,Delivered,Wallet
O07253,C0060,P042,2025-10-30 0:00:00,5,1259.8,20,1007.84,8,Delivered,Wallet
O07254,C0429,P042,2023-02-17 0:00:00,3,6463.88,0,6463.88,2,DELIVERED,UPI
O07255,C0059,P022,2025-10-28 0:00:00,2,8349.67,10,7514.7,2,Cancelled,COD
O07256,C0100,P073,2023-04-23 0:00:00,1,9891.23,5,9396.67,1,Returned,Wallet
O07257,C0146,P078,2024-05-07 0:00:00,2,5798.3,15,4928.56,2,Cancelled,UPI
O07258,C0063,P033,2025-02-20 0:00:00,5,1385.84,10,1247.26,5,Returned,Wallet
O07259,C0022,P073,2024-12-16 0:00:00,1,7982.79,10,7184.51,2,Returned,Card
O07260,C0034,P021,2025-08-15 0:00:00,3,5624.75,5,5343.51,10,DELIVERED,Card
O07261,C0315,P080,2023-04-25 0:00:00,4,7577.92,10,6820.13,8,DELIVERED,Card
O07262,C0413,P100,2026-03-28 0:00:00,2,6986.53,10,6287.88,1,Delivered,Wallet
O07263,C0194,P035,2023-03-13 0:00:00,5,2335.84,15,1985.46,11,DELIVERED,Wallet
O07264,C0180,P058,2025-08-31 0:00:00,3,5306.95,0,5306.95,6,Delivered,Wallet
O07265,C0460,P056,2023-09-27 0:00:00,1,4703.83,15,3998.26,7,Cancelled,UPI
O07266,C0146,P023,2023-03-09 0:00:00,1,8583.57,15,7296.03,1,delivered,UPI
O07267,C0271,P019,2025-10-22 0:00:00,4,2464.17,10,2217.75,7,Delivered,COD
O07268,C0370,P060,2026-02-23 0:00:00,5,8380.84,15,7123.71,1,Cancelled,UPI
O07269,C0126,P034,2025-08-13 0:00:00,4,6246.91,0,6246.91,6,DELIVERED,COD
O07270,C0133,P039,2024-09-18 0:00:00,1,7591.39,10,6832.25,2,delivered,Wallet
O07271,C0090,P054,2024-03-19 0:00:00,3,3166.72,20,2533.38,7,Returned,COD
O07272,C0274,P030,2024-01-22 0:00:00,1,6058.63,20,4846.9,4,DELIVERED,Wallet
O07273,C0294,P095,2023-11-23 0:00:00,3,9518.33,10,8566.5,3,Cancelled,Wallet
O07274,C0274,P080,2025-04-22 0:00:00,4,9939.33,15,8448.43,6,Delivered,Wallet
O07275,C0421,P087,2025-10-05 0:00:00,1,1055.22,5,1002.46,4,Returned,Wallet
O07276,C0403,P060,2025-12-10 0:00:00,1,8107.77,20,6486.22,10,Returned,Card
O07277,C0488,P061,2023-10-16 0:00:00,5,8611.81,0,8611.81,8,DELIVERED,Wallet
O07278,C0439,P054,2024-01-18 0:00:00,3,962.11,0,962.11,1,DELIVERED,UPI
O07279,C0342,P051,2023-01-08 0:00:00,5,9972.61,10,8975.35,7,DELIVERED,UPI
O07280,C0418,P047,2025-01-27 0:00:00,4,5410.55,0,5410.55,3,delivered,Wallet
O07281,C0327,P072,2024-06-23 0:00:00,5,7798.94,20,6239.15,8,Delivered,Wallet
O07282,C0138,P016,2025-04-20 0:00:00,1,2999.34,0,2999.34,3,Delivered,Wallet
O07283,C0325,P057,2024-04-14 0:00:00,4,9988.18,5,9488.77,10,Delivered,Wallet
O07284,C0390,P008,2023-08-26 0:00:00,1,3622.12,5,3441.01,4,Returned,Card
O07285,C0230,P003,2024-06-13 0:00:00,3,1681,20,1344.8,5,Returned,COD
O07286,C0497,P097,2024-08-24 0:00:00,3,934.74,5,888,8,DELIVERED,Wallet
O07287,C0421,P061,2023-07-22 0:00:00,1,8623.02,15,7329.57,4,DELIVERED,UPI
O07288,C0077,P056,2026-01-06 0:00:00,1,5100,20,4080,9,delivered,UPI
O07289,C0467,P041,2023-10-21 0:00:00,1,1859.25,5,1766.29,2,Cancelled,Card
O07290,C0187,P092,2025-10-05 0:00:00,1,5095.76,15,4331.4,10,DELIVERED,Wallet
O07291,C0403,P058,2023-10-16 0:00:00,1,7435.12,20,5948.1,10,DELIVERED,UPI
O07292,C0176,P066,2025-07-07 0:00:00,1,4644.14,20,3715.31,7,Returned,COD
O07293,C0056,P015,2023-01-17 0:00:00,5,7114.88,5,6759.14,6,Returned,UPI
O07294,C0434,P059,2023-05-26 0:00:00,4,5369.37,0,5369.37,6,Returned,UPI
O07295,C0248,P053,2025-01-08 0:00:00,5,7042.65,15,5986.25,2,Returned,Wallet
O07296,C0412,P060,2025-02-12 0:00:00,1,5495.32,20,4396.26,4,Delivered,Wallet
O07297,C0175,P089,2023-04-24 0:00:00,1,6675.66,15,5674.31,6,Cancelled,COD
O07298,C0246,P069,2023-11-23 0:00:00,5,3023.38,5,2872.21,11,Cancelled,COD
O07299,C0140,P040,2024-02-29 0:00:00,1,7949.08,5,7551.63,11,DELIVERED,UPI
O07300,C0304,P077,2023-06-23 0:00:00,2,8921.28,20,7137.02,6,Delivered,Wallet
O07301,C0194,P094,2024-05-20 0:00:00,4,4799.13,15,4079.26,7,DELIVERED,Wallet
O07302,C0036,P069,2025-05-18 0:00:00,5,509.5,5,484.02,9,Returned,Card
O07303,C0284,P094,2025-03-15 0:00:00,2,1079.48,15,917.56,4,DELIVERED,COD
O07304,C0416,P077,2026-04-13 0:00:00,2,4726.73,0,4726.73,7,delivered,Wallet
O07305,C0472,P057,2025-04-14 0:00:00,5,4860.75,5,4617.71,10,Delivered,Wallet
O07306,C0349,P049,2023-03-31 0:00:00,2,3447.79,20,2758.23,11,Delivered,Card
O07307,C0068,P034,2025-01-14 0:00:00,1,711.58,20,569.26,7,delivered,UPI
O07308,C0396,P050,2024-11-18 0:00:00,1,9182.76,15,7805.35,3,delivered,Card
O07309,C0210,P055,2025-06-12 0:00:00,4,1610.92,0,1610.92,5,DELIVERED,Wallet
O07310,C0366,P075,2023-06-21 0:00:00,3,5646.48,0,5646.48,11,Delivered,Card
O07311,C0186,P054,2025-10-12 0:00:00,4,3036.77,15,2581.25,5,Delivered,Card
O07312,C0436,P058,2025-06-04 0:00:00,1,7176.28,10,6458.65,12,DELIVERED,UPI
O07313,C0491,P009,2023-06-20 0:00:00,3,3841.73,5,3649.64,4,delivered,Wallet
O07314,C0454,P007,2023-12-12 0:00:00,4,5491.98,5,5217.38,12,Returned,Card
O07315,C0397,P003,2025-10-11 0:00:00,5,4786.36,15,4068.41,3,Delivered,UPI
O07316,C0117,P025,2025-04-13 0:00:00,2,9493.78,0,9493.78,12,Cancelled,Wallet
O07317,C0254,P072,2024-02-26 0:00:00,5,3230.06,20,2584.05,3,Cancelled,Wallet
O07318,C0170,P058,2023-08-23 0:00:00,4,3151.86,15,2679.08,5,Returned,COD
O07319,C0081,P059,2025-04-03 0:00:00,3,3077.27,15,2615.68,8,Delivered,COD
O07320,C0245,P064,2023-08-15 0:00:00,1,9237.67,5,8775.79,2,Cancelled,UPI
O07321,C0140,P040,2024-01-15 0:00:00,4,9827.09,20,7861.67,5,Returned,Card
O07322,C0463,P002,2024-09-27 0:00:00,5,4095.93,5,3891.13,1,delivered,Wallet
O07323,C0487,P015,2023-12-05 0:00:00,3,9702.06,10,8731.85,8,Delivered,UPI
O07324,C0275,P006,2025-02-18 0:00:00,4,2703.55,0,2703.55,1,Returned,Card
O07325,C0327,P057,2025-03-13 0:00:00,3,1839.66,20,1471.73,8,Cancelled,COD
O07326,C0114,P074,2023-07-27 0:00:00,2,1708.06,20,1366.45,9,Returned,Wallet
O07327,C0154,P015,2026-04-10 0:00:00,3,6268.72,0,6268.72,9,DELIVERED,Wallet
O07328,C0035,P068,2025-12-04 0:00:00,2,3118.77,10,2806.89,2,Delivered,Card
O07329,C0055,P097,2025-05-15 0:00:00,3,4312.84,0,4312.84,7,Returned,Card
O07330,C0016,P098,2025-03-22 0:00:00,5,8038.26,15,6832.52,2,delivered,Wallet
O07331,C0191,P005,2026-02-22 0:00:00,1,9337.75,15,7937.09,9,delivered,Card
O07332,C0145,P050,2024-08-08 0:00:00,4,1116.31,5,1060.49,6,Returned,Wallet
O07333,C0244,P045,2023-12-16 0:00:00,3,9906.7,20,7925.36,2,DELIVERED,UPI
O07334,C0304,P086,2024-05-02 0:00:00,1,1185.62,10,1067.06,5,DELIVERED,Wallet
O07335,C0483,P063,2023-02-18 0:00:00,5,1593.68,0,1593.68,8,Delivered,COD
O07336,C0339,P069,2024-05-03 0:00:00,2,2338.86,20,1871.09,3,Returned,Card
O07337,C0345,P016,2023-06-14 0:00:00,5,1681.16,5,1597.1,9,Returned,Wallet
O07338,C0130,P029,2023-10-21 0:00:00,3,8963.47,0,8963.47,8,Cancelled,Card
O07339,C0339,P063,2025-02-26 0:00:00,5,9069.7,10,8162.73,4,Delivered,Card
O07340,C0464,P019,2024-08-08 0:00:00,3,4081.66,5,3877.58,5,Cancelled,Card
O07341,C0077,P065,2024-05-21 0:00:00,2,1993.76,15,1694.7,8,delivered,Card
O07342,C0396,P088,2024-03-20 0:00:00,3,7592.95,5,7213.3,1,delivered,Card
O07343,C0334,P046,2025-12-16 0:00:00,2,6755.95,10,6080.35,8,delivered,COD
O07344,C0013,P080,2025-11-04 0:00:00,3,6878.87,0,6878.87,4,Delivered,Wallet
O07345,C0148,P094,2023-10-19 0:00:00,1,7324.12,20,5859.3,3,DELIVERED,UPI
O07346,C0253,P048,2023-11-26 0:00:00,2,6195.81,5,5886.02,10,delivered,Wallet
O07347,C0302,P063,2024-06-20 0:00:00,5,2664.59,0,2664.59,4,Returned,Wallet
O07348,C0209,P057,2025-06-17 0:00:00,1,8267.64,20,6614.11,4,Returned,COD
O07349,C0305,P040,2024-08-04 0:00:00,1,3118.1,10,2806.29,12,DELIVERED,COD
O07350,C0472,P029,2025-09-28 0:00:00,2,7958.15,20,6366.52,8,delivered,Wallet
O07351,C0273,P028,2024-02-20 0:00:00,5,2287.49,5,2173.12,5,Cancelled,COD
O07352,C0253,P070,2024-11-27 0:00:00,3,9895.97,15,8411.57,4,Delivered,Card
O07353,C0169,P028,2023-08-22 0:00:00,5,2361.02,0,2361.02,7,delivered,Wallet
O07354,C0194,P057,2024-12-21 0:00:00,3,3790.29,15,3221.75,10,Cancelled,UPI
O07355,C0331,P012,2026-01-10 0:00:00,3,5038.03,15,4282.33,10,delivered,Card
O07356,C0335,P048,2024-11-20 0:00:00,2,2706.89,15,2300.86,11,Delivered,UPI
O07357,C0362,P094,2024-05-12 0:00:00,2,3684.67,20,2947.74,1,DELIVERED,UPI
O07358,C0072,P004,2023-09-20 0:00:00,1,9005.89,15,7655.01,11,delivered,UPI
O07359,C0090,P017,2025-05-30 0:00:00,1,9774.16,15,8308.04,9,Delivered,Wallet
O07360,C0212,P054,2024-04-16 0:00:00,5,4241.74,20,3393.39,11,Delivered,Wallet
O07361,C0493,P070,2025-04-14 0:00:00,1,6434.12,15,5469,9,delivered,Wallet
O07362,C0288,P013,2026-03-25 0:00:00,5,5341.38,15,4540.17,7,delivered,Wallet
O07363,C0045,P003,2023-09-21 0:00:00,5,7731.64,20,6185.31,2,Returned,Wallet
O07364,C0164,P002,2026-03-10 0:00:00,3,6027.61,5,5726.23,4,delivered,Card
O07365,C0311,P038,2025-10-22 0:00:00,4,4006.47,5,3806.15,7,Cancelled,Card
O07366,C0481,P097,2023-01-27 0:00:00,2,1024.23,0,1024.23,12,Cancelled,COD
O07367,C0468,P078,2023-05-25 0:00:00,2,2414.83,5,2294.09,7,Delivered,Wallet
O07368,C0048,P096,2025-02-28 0:00:00,4,4111.55,0,4111.55,6,DELIVERED,COD
O07369,C0319,P054,2025-02-06 0:00:00,4,8071.38,20,6457.1,4,Returned,Wallet
O07370,C0008,P001,2024-07-31 0:00:00,5,1937.72,20,1550.18,9,Cancelled,UPI
O07371,C0424,P068,2025-10-29 0:00:00,2,2279.59,15,1937.65,1,Returned,COD
O07372,C0318,P059,2024-05-17 0:00:00,2,9170.4,0,9170.4,5,Delivered,UPI
O07373,C0308,P029,2023-07-26 0:00:00,3,2520.33,20,2016.26,11,delivered,Wallet
O07374,C0122,P095,2025-05-12 0:00:00,1,3454.78,10,3109.3,3,Delivered,Wallet
O07375,C0465,P063,2023-10-31 0:00:00,1,7758.65,0,7758.65,10,Returned,Wallet
O07376,C0419,P082,2023-07-13 0:00:00,2,7267.98,5,6904.58,12,Delivered,UPI
O07377,C0436,P096,2025-09-30 0:00:00,3,7692,0,7692,1,Returned,COD
O07378,C0328,P020,2023-03-10 0:00:00,5,5080.45,0,5080.45,11,Returned,Wallet
O07379,C0344,P031,2023-07-30 0:00:00,4,8417.99,15,7155.29,7,Delivered,UPI
O07380,C0373,P091,2024-07-24 0:00:00,5,9572.42,10,8615.18,10,delivered,Card
O07381,C0133,P062,2024-01-01 0:00:00,2,4144.73,5,3937.49,2,DELIVERED,UPI
O07382,C0500,P100,2025-07-27 0:00:00,4,9465.46,5,8992.19,3,DELIVERED,UPI
O07383,C0264,P029,2023-06-20 0:00:00,5,6790.19,10,6111.17,5,Cancelled,COD
O07384,C0409,P010,2025-03-26 0:00:00,5,8831.19,5,8389.63,1,Delivered,Wallet
O07385,C0475,P063,2024-02-14 0:00:00,5,5007,15,4255.95,1,Cancelled,Card
O07386,C0134,P068,2024-05-08 0:00:00,2,8486.89,10,7638.2,9,Cancelled,Card
O07387,C0404,P066,2026-02-15 0:00:00,5,1629.98,0,1629.98,4,Returned,UPI
O07388,C0267,P017,2023-12-21 0:00:00,1,1864.16,10,1677.74,9,delivered,Card
O07389,C0337,P017,2024-04-11 0:00:00,3,5532.88,5,5256.24,3,DELIVERED,Card
O07390,C0326,P036,2023-10-17 0:00:00,2,4468.99,0,4468.99,5,delivered,UPI
O07391,C0232,P054,2023-01-26 0:00:00,3,4119.8,15,3501.83,8,Cancelled,UPI
O07392,C0155,P023,2023-09-13 0:00:00,2,3893.05,0,3893.05,4,Delivered,Wallet
O07393,C0478,P073,2024-02-14 0:00:00,3,2727.79,20,2182.23,9,Returned,UPI
O07394,C0200,P056,2025-11-24 0:00:00,2,7197.94,15,6118.25,5,Delivered,Card
O07395,C0287,P045,2023-08-16 0:00:00,4,6816.52,20,5453.22,12,Delivered,Wallet
O07396,C0252,P088,2025-02-08 0:00:00,4,6802.75,15,5782.34,5,Returned,COD
O07397,C0289,P021,2025-06-05 0:00:00,5,4833.38,15,4108.37,7,DELIVERED,Wallet
O07398,C0358,P039,2025-04-20 0:00:00,1,2238.33,5,2126.41,8,Returned,COD
O07399,C0195,P032,2024-08-26 0:00:00,5,2241.13,10,2017.02,8,DELIVERED,Wallet
O07400,C0252,P085,2025-03-02 0:00:00,5,9974.91,0,9974.91,4,Returned,Card
O07401,C0346,P067,2023-06-08 0:00:00,3,9295.44,5,8830.67,12,delivered,Wallet
O07402,C0486,P037,2025-05-09 0:00:00,2,6915.41,5,6569.64,1,DELIVERED,Card
O07403,C0415,P061,2023-10-03 0:00:00,3,2004.67,15,1703.97,6,Cancelled,Wallet
O07404,C0075,P093,2023-04-11 0:00:00,4,5937.19,5,5640.33,1,delivered,UPI
O07405,C0238,P073,2023-02-06 0:00:00,3,2313.28,0,2313.28,8,Delivered,UPI
O07406,C0127,P065,2026-01-17 0:00:00,2,9155.8,10,8240.22,3,DELIVERED,UPI
O07407,C0427,P021,2025-09-21 0:00:00,5,6313.2,10,5681.88,7,Delivered,Wallet
O07408,C0188,P037,2024-07-18 0:00:00,1,982.54,5,933.41,9,Returned,UPI
O07409,C0072,P082,2023-03-09 0:00:00,4,4195.42,15,3566.11,7,Cancelled,COD
O07410,C0164,P033,2025-09-02 0:00:00,1,4290.75,0,4290.75,7,delivered,Wallet
O07411,C0187,P019,2024-04-27 0:00:00,1,3089.44,0,3089.44,2,Returned,Wallet
O07412,C0393,P004,2023-01-13 0:00:00,4,9451.99,20,7561.59,1,Returned,Wallet
O07413,C0306,P027,2024-11-28 0:00:00,3,3075.34,10,2767.81,11,Cancelled,Wallet
O07414,C0096,P025,2024-10-25 0:00:00,2,6848.73,20,5478.98,2,DELIVERED,Card
O07415,C0253,P053,2023-04-25 0:00:00,2,4586.59,15,3898.6,4,delivered,UPI
O07416,C0215,P069,2023-03-30 0:00:00,4,804.57,5,764.34,7,delivered,UPI
O07417,C0366,P078,2023-01-29 0:00:00,4,8427.57,15,7163.43,8,DELIVERED,Wallet
O07418,C0379,P009,2026-04-10 0:00:00,4,707.16,10,636.44,4,Returned,COD
O07419,C0312,P009,2025-03-07 0:00:00,5,9813.99,10,8832.59,12,Delivered,COD
O07420,C0288,P020,2025-05-03 0:00:00,5,914.65,20,731.72,12,delivered,Card
O07421,C0452,P100,2023-08-08 0:00:00,3,3695.08,10,3325.57,5,Returned,COD
O07422,C0020,P056,2025-02-25 0:00:00,3,9973.6,0,9973.6,10,Delivered,Card
O07423,C0364,P097,2025-02-18 0:00:00,4,2712.92,0,2712.92,2,Delivered,Wallet
O07424,C0128,P049,2024-02-16 0:00:00,5,2573.14,5,2444.48,4,DELIVERED,COD
O07425,C0092,P095,2025-03-02 0:00:00,2,5573.87,10,5016.48,4,DELIVERED,COD
O07426,C0300,P035,2025-05-01 0:00:00,3,8237.59,20,6590.07,5,Delivered,COD
O07427,C0500,P079,2023-08-12 0:00:00,2,6537.41,15,5556.8,6,DELIVERED,Wallet
O07428,C0424,P076,2024-05-31 0:00:00,4,3365.78,0,3365.78,12,Returned,UPI
O07429,C0217,P003,2026-01-16 0:00:00,4,6711.33,20,5369.06,1,Delivered,Card
O07430,C0357,P079,2025-12-23 0:00:00,3,4676.67,0,4676.67,3,delivered,Card
O07431,C0035,P040,2025-09-01 0:00:00,3,9172.73,20,7338.18,8,Delivered,Wallet
O07432,C0401,P003,2023-02-08 0:00:00,4,3819.12,15,3246.25,1,delivered,UPI
O07433,C0216,P039,2025-06-30 0:00:00,5,7576.44,20,6061.15,12,Delivered,COD
O07434,C0204,P009,2023-10-18 0:00:00,5,4391.56,0,4391.56,6,DELIVERED,Wallet
O07435,C0033,P019,2025-01-31 0:00:00,4,1777.81,15,1511.14,6,Delivered,Wallet
O07436,C0403,P036,2024-01-02 0:00:00,2,5268.06,0,5268.06,2,delivered,Wallet
O07437,C0177,P016,2024-03-07 0:00:00,3,5241.78,15,4455.51,9,Cancelled,Wallet
O07438,C0137,P094,2025-02-09 0:00:00,1,6266.69,20,5013.35,5,delivered,COD
O07439,C0069,P058,2023-10-08 0:00:00,5,9631.07,0,9631.07,11,Returned,UPI
O07440,C0497,P024,2023-03-25 0:00:00,4,1467.08,0,1467.08,2,DELIVERED,Wallet
O07441,C0101,P051,2023-12-11 0:00:00,5,9392.97,20,7514.38,10,Cancelled,Card
O07442,C0015,P060,2025-11-14 0:00:00,1,7851.85,10,7066.67,7,Delivered,Wallet
O07443,C0340,P031,2026-01-19 0:00:00,2,6426.86,5,6105.52,10,DELIVERED,Card
O07444,C0160,P024,2024-04-05 0:00:00,2,2078.18,20,1662.54,2,Delivered,UPI
O07445,C0355,P058,2023-01-18 0:00:00,3,8788.14,10,7909.33,10,DELIVERED,Wallet
O07446,C0041,P091,2023-12-23 0:00:00,5,7798.25,20,6238.6,4,Delivered,Wallet
O07447,C0126,P097,2023-12-08 0:00:00,1,3484.35,5,3310.13,5,Returned,COD
O07448,C0341,P098,2026-02-28 0:00:00,3,8496.21,0,8496.21,10,delivered,Wallet
O07449,C0002,P057,2024-08-22 0:00:00,4,7114.18,20,5691.34,2,Returned,UPI
O07450,C0092,P057,2024-03-20 0:00:00,3,9647.83,20,7718.26,5,Delivered,UPI
O07451,C0032,P100,2025-05-06 0:00:00,5,2085.19,0,2085.19,8,Returned,Wallet
O07452,C0029,P011,2023-08-24 0:00:00,2,1903.83,20,1523.06,5,Cancelled,Card
O07453,C0408,P005,2025-08-08 0:00:00,5,9344.21,0,9344.21,9,delivered,Card
O07454,C0321,P083,2023-03-07 0:00:00,5,1494.55,20,1195.64,6,Cancelled,Wallet
O07455,C0221,P054,2024-12-18 0:00:00,2,1204.69,20,963.75,1,Delivered,COD
O07456,C0026,P020,2025-06-10 0:00:00,4,3935.85,10,3542.26,1,Cancelled,UPI
O07457,C0163,P030,2026-03-05 0:00:00,4,1152.39,5,1094.77,8,DELIVERED,COD
O07458,C0277,P053,2025-11-25 0:00:00,2,6951.45,15,5908.73,2,Delivered,COD
O07459,C0093,P073,2024-05-09 0:00:00,2,6694.1,0,6694.1,10,Delivered,UPI
O07460,C0464,P075,2024-06-29 0:00:00,3,6922.33,10,6230.1,3,Cancelled,Wallet
O07461,C0398,P016,2023-08-27 0:00:00,5,4947.58,0,4947.58,7,Returned,COD
O07462,C0434,P074,2023-11-18 0:00:00,4,844.94,0,844.94,1,Delivered,Wallet
O07463,C0343,P061,2023-08-25 0:00:00,2,4709.53,15,4003.1,6,Returned,COD
O07464,C0036,P084,2024-04-15 0:00:00,3,5084.06,20,4067.25,5,Returned,Wallet
O07465,C0466,P085,2024-04-16 0:00:00,3,1182.19,15,1004.86,11,Cancelled,Card
O07466,C0204,P025,2024-12-06 0:00:00,4,2117.98,20,1694.38,1,Returned,Card
O07467,C0340,P006,2023-03-04 0:00:00,1,1986.2,0,1986.2,2,Returned,Wallet
O07468,C0094,P094,2024-07-13 0:00:00,5,1528.37,20,1222.7,9,Returned,Wallet
O07469,C0452,P042,2025-11-30 0:00:00,1,2571.08,0,2571.08,4,Delivered,Wallet
O07470,C0048,P022,2023-04-29 0:00:00,4,8743.86,0,8743.86,10,DELIVERED,COD
O07471,C0468,P049,2024-04-07 0:00:00,5,2680.84,15,2278.71,10,Returned,COD
O07472,C0476,P015,2025-05-04 0:00:00,3,2873.72,10,2586.35,9,Cancelled,Card
O07473,C0228,P030,2025-03-11 0:00:00,2,8969.91,0,8969.91,11,delivered,Wallet
O07474,C0033,P089,2026-01-07 0:00:00,3,5044.81,0,5044.81,6,Delivered,Wallet
O07475,C0270,P024,2025-04-20 0:00:00,4,8843.6,20,7074.88,7,Delivered,COD
O07476,C0180,P029,2023-05-17 0:00:00,3,4266.98,10,3840.28,8,Delivered,UPI
O07477,C0361,P057,2024-09-26 0:00:00,2,9918.73,15,8430.92,10,delivered,Wallet
O07478,C0493,P009,2023-12-27 0:00:00,3,4722.53,0,4722.53,10,DELIVERED,COD
O07479,C0420,P064,2026-03-08 0:00:00,2,6387.84,15,5429.66,10,DELIVERED,COD
O07480,C0452,P043,2026-02-03 0:00:00,4,2889.3,0,2889.3,12,Cancelled,Wallet
O07481,C0228,P021,2025-01-08 0:00:00,5,8687.91,10,7819.12,3,DELIVERED,COD
O07482,C0442,P020,2024-07-15 0:00:00,2,8783.64,5,8344.46,12,Delivered,Card
O07483,C0038,P018,2023-11-28 0:00:00,2,807.33,20,645.86,12,Returned,COD
O07484,C0019,P014,2023-04-08 0:00:00,2,6345.14,0,6345.14,6,delivered,Card
O07485,C0354,P076,2023-04-25 0:00:00,5,3335.57,10,3002.01,11,Delivered,Wallet
O07486,C0134,P080,2023-07-19 0:00:00,3,884.45,15,751.78,12,Returned,Card
O07487,C0058,P001,2025-05-23 0:00:00,5,2424.93,10,2182.44,2,Cancelled,UPI
O07488,C0296,P078,2024-04-02 0:00:00,2,8927.53,20,7142.02,7,DELIVERED,Wallet
O07489,C0490,P061,2024-07-12 0:00:00,5,7790.89,15,6622.26,10,Cancelled,Wallet
O07490,C0076,P016,2025-09-21 0:00:00,5,2485.26,0,2485.26,8,Returned,Card
O07491,C0366,P008,2025-04-08 0:00:00,1,6655.44,5,6322.67,1,Returned,COD
O07492,C0155,P047,2025-06-24 0:00:00,4,3260.59,20,2608.47,4,Cancelled,Card
O07493,C0044,P028,2025-01-19 0:00:00,3,5372.75,15,4566.84,2,DELIVERED,Wallet
O07494,C0209,P038,2024-10-01 0:00:00,2,3478.3,15,2956.56,6,delivered,UPI
O07495,C0192,P050,2023-06-09 0:00:00,2,2057.88,20,1646.3,12,delivered,Wallet
O07496,C0075,P080,2023-03-12 0:00:00,5,2263.63,5,2150.45,12,DELIVERED,Wallet
O07497,C0227,P039,2023-03-10 0:00:00,1,8621.25,10,7759.12,11,Cancelled,Card
O07498,C0389,P092,2023-08-11 0:00:00,3,8225.89,20,6580.71,1,Returned,Wallet
O07499,C0476,P078,2023-02-15 0:00:00,5,6403.13,15,5442.66,8,Returned,COD
O07500,C0055,P010,2025-01-05 0:00:00,5,1272.41,5,1208.79,12,delivered,Wallet
O07501,C0496,P097,2025-05-21 0:00:00,3,7171.75,15,6095.99,4,Delivered,Card
O07502,C0431,P032,2023-11-30 0:00:00,2,837.34,0,837.34,7,delivered,Card
O07503,C0432,P092,2026-04-05 0:00:00,4,2133.03,20,1706.42,11,Cancelled,Wallet
O07504,C0109,P004,2025-08-30 0:00:00,5,9393.36,0,9393.36,2,delivered,Wallet
O07505,C0460,P015,2026-03-30 0:00:00,4,1355.54,20,1084.43,8,Cancelled,Wallet
O07506,C0195,P023,2025-04-01 0:00:00,4,7976.22,20,6380.98,2,Cancelled,Wallet
O07507,C0089,P053,2025-01-14 0:00:00,1,7698.08,0,7698.08,9,Returned,Wallet
O07508,C0415,P018,2025-07-14 0:00:00,1,1016.14,5,965.33,2,Delivered,Card
O07509,C0456,P084,2023-02-08 0:00:00,1,8210.09,0,8210.09,8,Returned,Wallet
O07510,C0105,P033,2026-03-08 0:00:00,2,4857.64,0,4857.64,8,Returned,Card
O07511,C0213,P095,2023-07-08 0:00:00,5,8468.82,5,8045.38,9,Cancelled,Wallet
O07512,C0058,P017,2023-02-05 0:00:00,3,588.76,10,529.88,11,Cancelled,UPI
O07513,C0241,P002,2023-08-06 0:00:00,2,7495.58,20,5996.46,4,DELIVERED,COD
O07514,C0465,P090,2025-01-21 0:00:00,5,6933.68,20,5546.94,2,Returned,Wallet
O07515,C0498,P094,2023-10-25 0:00:00,2,7713.89,15,6556.81,2,DELIVERED,Wallet
O07516,C0303,P063,2026-03-30 0:00:00,5,2720.1,20,2176.08,2,delivered,Wallet
O07517,C0035,P011,2023-10-01 0:00:00,5,4495.43,10,4045.89,6,Cancelled,UPI
O07518,C0365,P020,2025-09-08 0:00:00,1,6083.25,0,6083.25,9,Cancelled,COD
O07519,C0409,P072,2024-03-11 0:00:00,4,6754.13,10,6078.72,10,Cancelled,Wallet
O07520,C0083,P056,2025-04-30 0:00:00,4,2668.78,5,2535.34,5,Cancelled,Wallet
O07521,C0175,P085,2023-10-08 0:00:00,2,763.41,10,687.07,4,Cancelled,Wallet
O07522,C0038,P090,2025-04-11 0:00:00,3,2773.87,0,2773.87,8,delivered,Wallet
O07523,C0158,P067,2025-06-08 0:00:00,4,4641.95,15,3945.66,12,Delivered,COD
O07524,C0012,P052,2025-04-02 0:00:00,4,2883.93,0,2883.93,12,Cancelled,UPI
O07525,C0171,P016,2024-02-19 0:00:00,2,6322.75,15,5374.34,5,DELIVERED,Wallet
O07526,C0408,P067,2023-01-30 0:00:00,1,6209.44,0,6209.44,5,Cancelled,Wallet
O07527,C0427,P096,2025-01-16 0:00:00,1,1056.19,15,897.76,10,Delivered,Card
O07528,C0244,P042,2023-02-14 0:00:00,4,8459.15,5,8036.19,4,DELIVERED,COD
O07529,C0499,P021,2025-09-13 0:00:00,2,1963.29,5,1865.13,1,Returned,COD
O07530,C0193,P089,2025-11-24 0:00:00,4,9469.38,5,8995.91,1,delivered,Wallet
O07531,C0248,P090,2023-04-22 0:00:00,3,6152.71,10,5537.44,9,delivered,Card
O07532,C0193,P040,2023-03-26 0:00:00,1,4975.05,0,4975.05,6,Delivered,Wallet
O07533,C0254,P079,2024-10-13 0:00:00,4,9446.9,0,9446.9,7,delivered,COD
O07534,C0162,P097,2025-01-27 0:00:00,1,6514.46,15,5537.29,2,Delivered,Wallet
O07535,C0193,P081,2024-05-22 0:00:00,3,5172.78,15,4396.86,10,Returned,Card
O07536,C0086,P036,2023-05-07 0:00:00,1,3389.71,0,3389.71,5,DELIVERED,Card
O07537,C0365,P055,2023-04-14 0:00:00,4,3975.52,10,3577.97,2,Delivered,Card
O07538,C0253,P077,2023-11-18 0:00:00,2,1941.96,10,1747.76,7,Cancelled,Wallet
O07539,C0383,P013,2025-08-07 0:00:00,2,3372.17,10,3034.95,12,Returned,UPI
O07540,C0485,P050,2025-01-08 0:00:00,3,5467.42,0,5467.42,12,Returned,Wallet
O07541,C0355,P010,2026-04-08 0:00:00,1,3338.7,20,2670.96,2,delivered,Wallet
O07542,C0088,P023,2025-11-06 0:00:00,5,4911.14,10,4420.03,2,Cancelled,Wallet
O07543,C0412,P010,2026-01-08 0:00:00,4,612.46,10,551.21,8,Cancelled,Wallet
O07544,C0131,P005,2026-01-10 0:00:00,3,6764.5,5,6426.27,1,Delivered,Wallet
O07545,C0119,P041,2024-11-01 0:00:00,4,1835.19,20,1468.15,12,Cancelled,UPI
O07546,C0305,P011,2024-01-10 0:00:00,3,2248.37,0,2248.37,2,Delivered,Card
O07547,C0487,P043,2024-03-15 0:00:00,3,7965.59,20,6372.47,4,delivered,COD
O07548,C0092,P085,2023-04-03 0:00:00,1,2063.3,15,1753.81,12,Cancelled,Wallet
O07549,C0002,P091,2023-11-08 0:00:00,3,4224.26,0,4224.26,10,Returned,Wallet
O07550,C0367,P016,2023-09-27 0:00:00,3,8055.82,0,8055.82,2,Delivered,UPI
O07551,C0190,P033,2023-11-06 0:00:00,3,820.45,15,697.38,6,Cancelled,Wallet
O07552,C0470,P046,2023-10-07 0:00:00,1,6633.36,0,6633.36,5,Returned,Wallet
O07553,C0011,P080,2023-02-21 0:00:00,4,4359.68,15,3705.73,9,DELIVERED,Wallet
O07554,C0497,P095,2025-10-24 0:00:00,3,1984.14,0,1984.14,2,DELIVERED,COD
O07555,C0075,P099,2026-02-19 0:00:00,4,3127.11,0,3127.11,8,Delivered,UPI
O07556,C0274,P052,2024-04-13 0:00:00,2,2091.03,0,2091.03,9,Cancelled,Wallet
O07557,C0472,P070,2024-12-04 0:00:00,5,815.02,20,652.02,5,Returned,Wallet
O07558,C0448,P098,2025-09-28 0:00:00,4,3627.83,5,3446.44,6,Delivered,UPI
O07559,C0442,P025,2023-10-27 0:00:00,3,4399.88,20,3519.9,5,Returned,UPI
O07560,C0428,P077,2025-04-21 0:00:00,5,1336.76,0,1336.76,12,delivered,Wallet
O07561,C0327,P056,2023-07-07 0:00:00,2,5871.2,10,5284.08,12,delivered,Wallet
O07562,C0004,P027,2025-10-12 0:00:00,1,3580.42,0,3580.42,10,DELIVERED,Wallet
O07563,C0215,P079,2025-11-15 0:00:00,2,1678.75,5,1594.81,10,Cancelled,UPI
O07564,C0168,P058,2023-07-10 0:00:00,1,7089.25,15,6025.86,11,DELIVERED,COD
O07565,C0255,P054,2024-09-24 0:00:00,3,4164.48,5,3956.26,5,Cancelled,Wallet
O07566,C0318,P090,2023-01-15 0:00:00,1,7498.42,10,6748.58,6,Returned,COD
O07567,C0301,P041,2023-05-06 0:00:00,1,6222.2,20,4977.76,1,DELIVERED,Wallet
O07568,C0392,P018,2024-11-27 0:00:00,1,8603.14,5,8172.98,7,Delivered,UPI
O07569,C0416,P005,2024-05-04 0:00:00,2,1421.5,5,1350.42,8,delivered,UPI
O07570,C0341,P080,2025-05-10 0:00:00,2,3125.32,15,2656.52,7,Returned,Wallet
O07571,C0029,P066,2023-04-20 0:00:00,4,7452.19,15,6334.36,2,Returned,UPI
O07572,C0376,P056,2025-10-11 0:00:00,1,4963.55,5,4715.37,10,delivered,Card
O07573,C0175,P081,2025-07-06 0:00:00,3,7813.98,20,6251.18,2,Delivered,Card
O07574,C0225,P010,2023-04-13 0:00:00,3,2428.61,10,2185.75,2,Delivered,Card
O07575,C0117,P084,2024-03-25 0:00:00,3,8258.52,0,8258.52,9,DELIVERED,Wallet
O07576,C0031,P055,2024-03-02 0:00:00,3,2821.06,15,2397.9,6,Cancelled,Wallet
O07577,C0481,P024,2025-11-04 0:00:00,3,2481.91,20,1985.53,12,Cancelled,Card
O07578,C0041,P009,2025-01-15 0:00:00,4,9381.53,5,8912.45,11,delivered,COD
O07579,C0481,P007,2025-06-02 0:00:00,4,3055.68,0,3055.68,6,DELIVERED,Card
O07580,C0385,P093,2025-04-07 0:00:00,2,8403.83,0,8403.83,1,Returned,Wallet
O07581,C0091,P059,2023-10-17 0:00:00,3,1449.14,20,1159.31,9,DELIVERED,Wallet
O07582,C0414,P082,2023-10-30 0:00:00,2,9209.71,5,8749.22,10,delivered,COD
O07583,C0361,P025,2025-05-28 0:00:00,1,1367.87,15,1162.69,6,Cancelled,Card
O07584,C0054,P044,2023-09-28 0:00:00,1,7223.13,10,6500.82,2,Delivered,Wallet
O07585,C0004,P074,2025-10-11 0:00:00,2,8283.27,20,6626.62,7,Delivered,Wallet
O07586,C0120,P012,2023-02-18 0:00:00,2,8721.41,20,6977.13,2,delivered,Wallet
O07587,C0100,P043,2024-08-27 0:00:00,5,4569.78,20,3655.82,7,Delivered,Card
O07588,C0389,P058,2024-09-09 0:00:00,2,590.84,15,502.21,7,DELIVERED,Card
O07589,C0130,P020,2023-10-07 0:00:00,4,9509.91,15,8083.42,7,DELIVERED,Wallet
O07590,C0489,P026,2023-08-13 0:00:00,2,5328.52,10,4795.67,1,delivered,UPI
O07591,C0099,P070,2023-06-11 0:00:00,5,9987.37,10,8988.63,12,DELIVERED,COD
O07592,C0053,P044,2024-06-05 0:00:00,3,1038.72,5,986.78,5,Cancelled,COD
O07593,C0256,P010,2024-01-11 0:00:00,2,1974.59,10,1777.13,3,Delivered,Wallet
O07594,C0198,P021,2025-09-24 0:00:00,3,3110.86,0,3110.86,9,Returned,Card
O07595,C0060,P097,2023-12-05 0:00:00,2,6557,10,5901.3,9,Returned,UPI
O07596,C0007,P089,2023-02-26 0:00:00,4,4622.03,0,4622.03,12,Returned,Wallet
O07597,C0022,P009,2025-08-20 0:00:00,5,9128.2,15,7758.97,8,delivered,UPI
O07598,C0408,P060,2024-08-02 0:00:00,3,7093.54,20,5674.83,11,DELIVERED,UPI
O07599,C0329,P012,2023-11-28 0:00:00,1,1074,10,966.6,4,delivered,Card
O07600,C0085,P039,2024-09-23 0:00:00,4,3341.86,5,3174.77,8,DELIVERED,UPI
O07601,C0335,P036,2026-04-12 0:00:00,2,5284.79,5,5020.55,7,DELIVERED,Card
O07602,C0244,P083,2024-08-29 0:00:00,2,1936.9,10,1743.21,8,delivered,Card
O07603,C0131,P031,2024-12-05 0:00:00,4,7708.17,0,7708.17,9,Delivered,COD
O07604,C0166,P044,2024-04-13 0:00:00,3,9152.67,15,7779.77,1,Returned,COD
O07605,C0302,P013,2025-12-20 0:00:00,3,3823.11,20,3058.49,10,Returned,UPI
O07606,C0141,P096,2026-03-28 0:00:00,2,9344.62,15,7942.93,5,DELIVERED,Wallet
O07607,C0064,P097,2023-05-24 0:00:00,3,2509.98,20,2007.98,2,delivered,UPI
O07608,C0461,P024,2023-08-03 0:00:00,5,8292.42,5,7877.8,2,Cancelled,UPI
O07609,C0234,P027,2023-07-24 0:00:00,4,4486,10,4037.4,10,Delivered,Card
O07610,C0074,P056,2024-10-29 0:00:00,5,5414.48,5,5143.76,2,delivered,Wallet
O07611,C0411,P098,2026-01-24 0:00:00,1,516.18,0,516.18,5,Returned,Wallet
O07612,C0150,P005,2024-07-15 0:00:00,4,1217.49,0,1217.49,9,delivered,Wallet
O07613,C0266,P084,2023-06-08 0:00:00,1,1043.97,15,887.37,6,DELIVERED,Card
O07614,C0395,P031,2024-03-07 0:00:00,5,2857.22,15,2428.64,4,Cancelled,COD
O07615,C0221,P047,2026-02-27 0:00:00,4,5943.59,10,5349.23,5,delivered,UPI
O07616,C0240,P028,2023-11-04 0:00:00,3,3355.64,20,2684.51,1,DELIVERED,Wallet
O07617,C0350,P008,2025-09-11 0:00:00,5,1332.06,5,1265.46,10,Cancelled,Card
O07618,C0021,P078,2025-04-09 0:00:00,4,6257.14,10,5631.43,3,Cancelled,Card
O07619,C0250,P002,2023-05-23 0:00:00,4,9850.17,5,9357.66,1,delivered,UPI
O07620,C0480,P067,2025-11-14 0:00:00,1,8606.26,10,7745.63,6,delivered,Card
O07621,C0316,P029,2023-05-10 0:00:00,2,5050.28,10,4545.25,10,Cancelled,Wallet
O07622,C0106,P035,2023-04-19 0:00:00,3,5298.09,20,4238.47,8,DELIVERED,Card
O07623,C0225,P059,2023-01-25 0:00:00,5,4261.39,15,3622.18,7,delivered,Wallet
O07624,C0285,P006,2024-02-20 0:00:00,2,4701.5,15,3996.28,3,Cancelled,Wallet
O07625,C0129,P088,2025-04-07 0:00:00,1,7237.7,20,5790.16,10,DELIVERED,UPI
O07626,C0491,P023,2024-02-08 0:00:00,1,2269.86,10,2042.87,3,Returned,COD
O07627,C0157,P007,2025-06-09 0:00:00,5,7525.79,0,7525.79,4,delivered,Wallet
O07628,C0038,P035,2026-01-08 0:00:00,2,6432.21,5,6110.6,5,Cancelled,Wallet
O07629,C0290,P036,2023-09-06 0:00:00,4,9358.1,10,8422.29,12,Returned,Wallet
O07630,C0472,P068,2023-05-07 0:00:00,2,4101.2,0,4101.2,9,Returned,Card
O07631,C0371,P068,2023-05-14 0:00:00,2,687.27,20,549.82,5,Cancelled,COD
O07632,C0308,P009,2024-01-09 0:00:00,3,9625.97,10,8663.37,4,DELIVERED,COD
O07633,C0027,P070,2026-03-25 0:00:00,2,9198.25,0,9198.25,4,Cancelled,Card
O07634,C0494,P067,2025-08-28 0:00:00,4,8756.69,0,8756.69,8,Delivered,Card
O07635,C0448,P065,2024-03-04 0:00:00,2,1765.82,0,1765.82,6,Cancelled,Card
O07636,C0269,P095,2025-05-28 0:00:00,1,2372.47,20,1897.98,6,Cancelled,COD
O07637,C0351,P080,2025-12-23 0:00:00,2,9617.34,15,8174.74,9,Returned,Card
O07638,C0478,P057,2024-10-10 0:00:00,2,4225.64,20,3380.51,2,Delivered,Wallet
O07639,C0487,P009,2025-12-30 0:00:00,1,7032.69,10,6329.42,8,Returned,Wallet
O07640,C0353,P045,2023-05-28 0:00:00,1,6907.93,15,5871.74,11,delivered,UPI
O07641,C0230,P026,2023-02-01 0:00:00,5,1656.83,10,1491.15,7,Cancelled,COD
O07642,C0105,P069,2025-02-12 0:00:00,4,8102.49,20,6481.99,12,DELIVERED,Wallet
O07643,C0088,P058,2025-07-24 0:00:00,1,1077.73,15,916.07,2,Returned,COD
O07644,C0489,P066,2026-02-05 0:00:00,5,1662.88,15,1413.45,6,Returned,Card
O07645,C0248,P005,2024-08-24 0:00:00,2,8971.11,0,8971.11,3,Returned,UPI
O07646,C0214,P017,2024-05-01 0:00:00,3,9575.55,0,9575.55,6,delivered,Card
O07647,C0092,P075,2023-04-07 0:00:00,5,8495.69,5,8070.91,8,Delivered,Card
O07648,C0379,P085,2026-04-12 0:00:00,4,1834.98,10,1651.48,1,DELIVERED,UPI
O07649,C0153,P042,2025-01-21 0:00:00,5,9837.47,0,9837.47,8,delivered,Wallet
O07650,C0328,P003,2025-01-20 0:00:00,1,6530.73,5,6204.19,3,Cancelled,UPI
O07651,C0213,P031,2023-01-05 0:00:00,5,2365.93,5,2247.63,3,delivered,UPI
O07652,C0431,P083,2025-04-18 0:00:00,4,5295.93,5,5031.13,2,DELIVERED,Card
O07653,C0469,P046,2025-09-27 0:00:00,5,3116.61,15,2649.12,11,Returned,Wallet
O07654,C0351,P054,2023-03-01 0:00:00,1,8523.4,5,8097.23,2,delivered,UPI
O07655,C0191,P052,2024-05-07 0:00:00,5,7273.45,20,5818.76,11,Delivered,UPI
O07656,C0108,P007,2025-11-08 0:00:00,3,9098.21,5,8643.3,6,Delivered,COD
O07657,C0280,P013,2023-12-12 0:00:00,1,2025.08,15,1721.32,8,Returned,Wallet
O07658,C0132,P018,2023-10-26 0:00:00,2,2831.18,5,2689.62,6,delivered,UPI
O07659,C0091,P015,2024-07-15 0:00:00,4,6963.75,20,5571,7,delivered,Wallet
O07660,C0245,P055,2023-11-05 0:00:00,4,3949.27,15,3356.88,1,Delivered,COD
O07661,C0033,P037,2024-01-19 0:00:00,1,4382.28,10,3944.05,3,Delivered,UPI
O07662,C0024,P096,2025-03-09 0:00:00,4,6685.39,0,6685.39,2,DELIVERED,COD
O07663,C0294,P033,2023-05-12 0:00:00,3,9524.89,5,9048.65,8,delivered,COD
O07664,C0158,P053,2024-11-12 0:00:00,3,3913.75,15,3326.69,10,delivered,Wallet
O07665,C0242,P078,2025-11-27 0:00:00,1,6433.8,5,6112.11,11,delivered,Card
O07666,C0226,P004,2026-02-02 0:00:00,2,2110.36,5,2004.84,8,Returned,COD
O07667,C0255,P008,2023-09-07 0:00:00,2,8736.18,5,8299.37,2,delivered,COD
O07668,C0192,P048,2024-12-18 0:00:00,5,5568.52,0,5568.52,2,delivered,COD
O07669,C0242,P016,2024-02-22 0:00:00,5,5974.13,5,5675.42,9,Delivered,UPI
O07670,C0159,P099,2023-05-21 0:00:00,4,1371.26,20,1097.01,1,Delivered,Card
O07671,C0344,P090,2023-01-10 0:00:00,1,6775.5,15,5759.18,10,Cancelled,UPI
O07672,C0242,P035,2025-05-06 0:00:00,1,7219.15,5,6858.19,7,Returned,Wallet
O07673,C0054,P056,2024-04-21 0:00:00,4,5356.87,5,5089.03,4,Returned,Card
O07674,C0296,P004,2026-01-14 0:00:00,3,5666.1,10,5099.49,5,DELIVERED,Wallet
O07675,C0055,P041,2024-11-15 0:00:00,3,9872.09,15,8391.28,8,Cancelled,COD
O07676,C0078,P092,2024-06-20 0:00:00,5,5964.88,15,5070.15,3,Cancelled,Wallet
O07677,C0167,P069,2025-05-11 0:00:00,4,2710.82,20,2168.66,2,Delivered,Wallet
O07678,C0101,P007,2023-11-03 0:00:00,5,2369.95,5,2251.45,5,Cancelled,Card
O07679,C0058,P045,2023-10-25 0:00:00,1,8222.55,20,6578.04,1,Delivered,Wallet
O07680,C0420,P079,2025-06-29 0:00:00,2,5626.91,0,5626.91,9,delivered,Card
O07681,C0084,P044,2026-02-14 0:00:00,2,3204.84,15,2724.11,11,Returned,Wallet
O07682,C0315,P008,2024-01-24 0:00:00,5,7154.47,15,6081.3,4,Delivered,Wallet
O07683,C0484,P070,2025-11-10 0:00:00,5,4732.94,5,4496.29,2,DELIVERED,Wallet
O07684,C0118,P011,2026-03-16 0:00:00,3,853.89,5,811.2,5,Delivered,Wallet
O07685,C0497,P097,2025-11-22 0:00:00,3,6463.39,5,6140.22,10,Cancelled,Wallet
O07686,C0169,P092,2024-08-10 0:00:00,3,7005.52,20,5604.42,2,delivered,Card
O07687,C0450,P084,2023-11-17 0:00:00,4,875.88,10,788.29,8,Delivered,UPI
O07688,C0369,P100,2023-04-17 0:00:00,3,7100.82,15,6035.7,9,Returned,Wallet
O07689,C0432,P070,2023-12-27 0:00:00,4,3097.25,10,2787.53,4,Delivered,UPI
O07690,C0084,P074,2024-07-04 0:00:00,5,4954.97,15,4211.72,2,DELIVERED,UPI
O07691,C0077,P090,2025-10-08 0:00:00,1,4017.27,0,4017.27,2,Delivered,Wallet
O07692,C0331,P099,2023-11-06 0:00:00,2,9005.1,15,7654.34,7,Cancelled,Card
O07693,C0423,P073,2026-04-05 0:00:00,3,9595.31,10,8635.78,1,Cancelled,Wallet
O07694,C0120,P076,2023-11-14 0:00:00,3,3964.35,15,3369.7,3,DELIVERED,Card
O07695,C0228,P044,2025-06-28 0:00:00,4,6923.09,10,6230.78,11,Cancelled,Wallet
O07696,C0215,P042,2024-10-10 0:00:00,1,1553.42,0,1553.42,6,DELIVERED,Card
O07697,C0143,P026,2024-02-22 0:00:00,1,7621.29,10,6859.16,12,Returned,Wallet
O07698,C0335,P047,2024-03-15 0:00:00,2,8920.4,15,7582.34,8,delivered,COD
O07699,C0286,P039,2024-05-28 0:00:00,5,6707.65,5,6372.27,4,Returned,Card
O07700,C0381,P061,2023-05-09 0:00:00,2,7038.71,20,5630.97,2,Delivered,Wallet
O07701,C0280,P056,2025-12-05 0:00:00,2,5124.48,0,5124.48,2,Returned,Card
O07702,C0142,P081,2024-11-13 0:00:00,5,2504.03,10,2253.63,4,Cancelled,UPI
O07703,C0389,P065,2024-06-22 0:00:00,2,8428.51,10,7585.66,4,Delivered,COD
O07704,C0445,P079,2023-07-09 0:00:00,5,8839.52,15,7513.59,5,Returned,Card
O07705,C0379,P025,2024-10-31 0:00:00,1,5696.47,15,4842,4,Delivered,Wallet
O07706,C0431,P032,2024-09-16 0:00:00,3,992.68,15,843.78,4,DELIVERED,UPI
O07707,C0369,P086,2024-05-15 0:00:00,3,9689.88,20,7751.9,12,Returned,Wallet
O07708,C0267,P063,2024-02-23 0:00:00,5,2727.74,5,2591.35,11,delivered,COD
O07709,C0426,P075,2025-12-23 0:00:00,5,1060.47,20,848.38,11,Returned,COD
O07710,C0275,P002,2024-10-24 0:00:00,5,7604.28,0,7604.28,9,Returned,COD
O07711,C0155,P018,2024-01-10 0:00:00,1,3824.93,15,3251.19,7,Cancelled,Card
O07712,C0020,P036,2025-12-09 0:00:00,1,853.38,5,810.71,8,Cancelled,UPI
O07713,C0496,P035,2026-01-12 0:00:00,3,8429.74,20,6743.79,1,Returned,UPI
O07714,C0227,P055,2024-03-15 0:00:00,5,1838.58,10,1654.72,5,delivered,Wallet
O07715,C0010,P033,2025-07-07 0:00:00,4,7834.92,20,6267.94,9,Delivered,UPI
O07716,C0441,P002,2024-07-07 0:00:00,2,8480.53,5,8056.5,7,Returned,UPI
O07717,C0011,P043,2025-07-21 0:00:00,5,9014.49,15,7662.32,8,Returned,Wallet
O07718,C0250,P096,2023-05-23 0:00:00,2,1447.09,20,1157.67,3,delivered,Wallet
O07719,C0249,P067,2024-08-01 0:00:00,2,8294.62,5,7879.89,6,Delivered,Wallet
O07720,C0113,P090,2025-11-04 0:00:00,1,2867.49,5,2724.12,2,Returned,Wallet
O07721,C0443,P004,2025-08-25 0:00:00,5,6586.42,0,6586.42,7,Delivered,Wallet
O07722,C0082,P099,2024-06-01 0:00:00,3,1258.21,20,1006.57,8,Delivered,Wallet
O07723,C0132,P045,2024-03-03 0:00:00,5,3735.65,20,2988.52,11,Cancelled,Wallet
O07724,C0103,P094,2024-09-25 0:00:00,5,9787.56,0,9787.56,6,Delivered,COD
O07725,C0423,P028,2023-03-27 0:00:00,2,3292.07,10,2962.86,11,Returned,UPI
O07726,C0139,P046,2025-04-11 0:00:00,1,4975.61,20,3980.49,4,DELIVERED,UPI
O07727,C0087,P050,2025-07-20 0:00:00,2,6102.76,0,6102.76,11,DELIVERED,COD
O07728,C0373,P074,2026-03-03 0:00:00,2,7455.29,20,5964.23,6,Delivered,Wallet
O07729,C0096,P018,2025-07-15 0:00:00,5,8503.68,5,8078.5,6,delivered,Wallet
O07730,C0487,P055,2023-08-17 0:00:00,2,7439.69,15,6323.74,9,Cancelled,UPI
O07731,C0428,P025,2024-11-25 0:00:00,4,5839.59,5,5547.61,9,Returned,UPI
O07732,C0153,P083,2024-10-18 0:00:00,4,5315.56,0,5315.56,3,Delivered,Card
O07733,C0092,P010,2023-08-27 0:00:00,3,4809.63,20,3847.7,5,delivered,COD
O07734,C0152,P003,2023-05-04 0:00:00,4,6373.75,15,5417.69,5,DELIVERED,Wallet
O07735,C0043,P044,2023-12-18 0:00:00,5,5905.43,20,4724.34,4,delivered,Wallet
O07736,C0223,P045,2024-11-29 0:00:00,5,1300.93,0,1300.93,5,Delivered,Wallet
O07737,C0485,P001,2023-02-22 0:00:00,3,7751.44,5,7363.87,8,Cancelled,Wallet
O07738,C0156,P018,2023-02-15 0:00:00,4,8011.81,5,7611.22,1,DELIVERED,Card
O07739,C0134,P021,2025-12-04 0:00:00,2,8913.66,15,7576.61,1,DELIVERED,Wallet
O07740,C0071,P038,2024-11-19 0:00:00,3,961.48,0,961.48,8,Delivered,Wallet
O07741,C0163,P095,2026-01-31 0:00:00,5,2751.93,0,2751.93,9,Cancelled,COD
O07742,C0311,P039,2024-07-20 0:00:00,2,1116.54,20,893.23,7,Cancelled,COD
O07743,C0452,P018,2023-02-25 0:00:00,2,1440.69,5,1368.66,12,Returned,Wallet
O07744,C0253,P015,2025-08-20 0:00:00,4,6702.76,20,5362.21,6,Returned,Wallet
O07745,C0296,P064,2024-01-29 0:00:00,2,622.14,20,497.71,10,DELIVERED,Wallet
O07746,C0136,P019,2025-04-03 0:00:00,2,2155.78,10,1940.2,8,Returned,Wallet
O07747,C0245,P045,2024-07-22 0:00:00,1,1633.73,10,1470.36,8,Cancelled,COD
O07748,C0413,P089,2025-11-20 0:00:00,1,2594.12,0,2594.12,11,Delivered,COD
O07749,C0343,P078,2025-05-04 0:00:00,4,2317.15,15,1969.58,1,Returned,UPI
O07750,C0493,P068,2023-09-07 0:00:00,1,2168.12,0,2168.12,1,Returned,Wallet
O07751,C0171,P038,2024-08-14 0:00:00,1,6874.48,15,5843.31,10,Delivered,Wallet
O07752,C0411,P063,2023-11-29 0:00:00,5,5785.2,10,5206.68,4,Delivered,Wallet
O07753,C0267,P084,2024-09-03 0:00:00,2,757.15,0,757.15,1,Returned,Card
O07754,C0215,P021,2023-04-25 0:00:00,5,7816.42,0,7816.42,5,Returned,Wallet
O07755,C0052,P047,2025-03-12 0:00:00,2,8596.24,10,7736.62,3,delivered,COD
O07756,C0074,P081,2024-12-18 0:00:00,2,9830.2,15,8355.67,9,delivered,Card
O07757,C0361,P022,2024-12-30 0:00:00,5,1407.21,10,1266.49,4,DELIVERED,Wallet
O07758,C0224,P045,2024-06-01 0:00:00,3,3472.79,20,2778.23,1,Delivered,Card
O07759,C0447,P033,2024-05-23 0:00:00,5,8239.57,15,7003.63,5,delivered,Wallet
O07760,C0480,P024,2023-09-10 0:00:00,4,5902.52,0,5902.52,3,delivered,Card
O07761,C0325,P084,2023-10-10 0:00:00,4,8980.2,0,8980.2,3,Returned,Wallet
O07762,C0093,P087,2025-06-07 0:00:00,5,6272.71,15,5331.8,11,Delivered,UPI
O07763,C0016,P097,2025-12-09 0:00:00,3,1819.97,15,1546.97,2,DELIVERED,UPI
O07764,C0354,P064,2025-08-28 0:00:00,1,8190.23,15,6961.7,11,Cancelled,COD
O07765,C0341,P082,2025-09-18 0:00:00,2,8990.73,5,8541.19,4,Cancelled,Card
O07766,C0172,P092,2025-08-23 0:00:00,4,7446.11,5,7073.8,9,delivered,Card
O07767,C0361,P090,2024-04-02 0:00:00,5,7337.26,0,7337.26,5,Cancelled,Wallet
O07768,C0378,P028,2026-02-09 0:00:00,1,4670.55,10,4203.49,3,Delivered,Wallet
O07769,C0268,P007,2026-03-20 0:00:00,4,6225.01,0,6225.01,2,Returned,UPI
O07770,C0231,P099,2024-10-17 0:00:00,4,3344.39,10,3009.95,12,delivered,Wallet
O07771,C0089,P095,2024-02-15 0:00:00,1,8946.47,10,8051.82,1,delivered,Wallet
O07772,C0201,P078,2023-09-15 0:00:00,2,5834.2,10,5250.78,2,Cancelled,Wallet
O07773,C0370,P010,2024-04-03 0:00:00,1,2817.67,20,2254.14,11,Cancelled,COD
O07774,C0231,P010,2025-05-17 0:00:00,5,696.34,5,661.52,6,Returned,Wallet
O07775,C0308,P004,2023-06-04 0:00:00,5,5149.15,20,4119.32,2,Delivered,UPI
O07776,C0388,P063,2024-06-15 0:00:00,5,3812.33,10,3431.1,6,DELIVERED,Wallet
O07777,C0356,P064,2023-07-19 0:00:00,4,8769.81,5,8331.32,2,Cancelled,COD
O07778,C0314,P024,2024-05-14 0:00:00,4,3263.32,0,3263.32,8,delivered,Wallet
O07779,C0102,P004,2024-11-08 0:00:00,3,2427.32,15,2063.22,3,Cancelled,Wallet
O07780,C0086,P050,2025-04-12 0:00:00,2,9302.97,0,9302.97,8,Returned,Card
O07781,C0089,P091,2023-07-27 0:00:00,1,8864.81,10,7978.33,6,Returned,Wallet
O07782,C0110,P075,2024-06-24 0:00:00,2,4009.79,20,3207.83,7,Returned,Wallet
O07783,C0300,P008,2024-02-16 0:00:00,3,2265.86,10,2039.27,5,DELIVERED,Card
O07784,C0114,P040,2024-06-05 0:00:00,4,7671.93,20,6137.54,7,DELIVERED,Wallet
O07785,C0158,P044,2025-12-21 0:00:00,2,560.81,0,560.81,6,Returned,Wallet
O07786,C0402,P022,2026-02-02 0:00:00,1,1166.59,5,1108.26,8,Cancelled,Wallet
O07787,C0013,P063,2024-02-03 0:00:00,3,6599.07,15,5609.21,9,DELIVERED,COD
O07788,C0263,P003,2025-04-16 0:00:00,4,8403.65,0,8403.65,8,DELIVERED,COD
O07789,C0104,P010,2024-06-19 0:00:00,1,2133.76,10,1920.38,3,Cancelled,COD
O07790,C0184,P063,2026-03-20 0:00:00,2,938.19,0,938.19,7,Cancelled,Wallet
O07791,C0117,P099,2024-08-29 0:00:00,4,3816.01,0,3816.01,5,DELIVERED,Wallet
O07792,C0204,P091,2026-03-11 0:00:00,4,8429.18,15,7164.8,4,Cancelled,Wallet
O07793,C0430,P034,2024-12-24 0:00:00,2,4741.35,15,4030.15,1,Returned,Wallet
O07794,C0497,P033,2023-04-27 0:00:00,4,7849.99,15,6672.49,11,DELIVERED,Wallet
O07795,C0307,P022,2024-12-15 0:00:00,3,9192.74,0,9192.74,11,Delivered,Wallet
O07796,C0316,P019,2025-07-21 0:00:00,1,1325.09,10,1192.58,3,Returned,UPI
O07797,C0396,P091,2024-06-29 0:00:00,2,4349.98,10,3914.98,1,Cancelled,Wallet
O07798,C0122,P075,2024-11-26 0:00:00,4,9233.17,5,8771.51,9,Delivered,Card
O07799,C0104,P087,2023-08-10 0:00:00,4,5823.8,5,5532.61,7,DELIVERED,UPI
O07800,C0231,P068,2024-10-03 0:00:00,2,3510.54,0,3510.54,10,Delivered,COD
O07801,C0013,P050,2025-10-08 0:00:00,1,2177.99,0,2177.99,10,Cancelled,Card
O07802,C0478,P099,2024-09-27 0:00:00,4,5672.91,5,5389.26,8,Cancelled,Wallet
O07803,C0300,P086,2025-09-05 0:00:00,1,1598.2,10,1438.38,5,delivered,Wallet
O07804,C0183,P019,2023-07-06 0:00:00,3,592.3,20,473.84,1,delivered,COD
O07805,C0247,P067,2025-02-13 0:00:00,1,6834.75,15,5809.54,7,Delivered,Wallet
O07806,C0125,P067,2024-02-13 0:00:00,5,4194.46,15,3565.29,4,Cancelled,Card
O07807,C0225,P052,2023-02-21 0:00:00,2,1666.71,15,1416.7,5,delivered,UPI
O07808,C0127,P031,2026-03-29 0:00:00,1,4961.7,15,4217.44,6,Cancelled,COD
O07809,C0405,P098,2025-01-26 0:00:00,1,3065.87,10,2759.28,8,Cancelled,Wallet
O07810,C0030,P079,2024-02-08 0:00:00,5,5746.12,5,5458.81,3,DELIVERED,Card
O07811,C0233,P046,2024-11-28 0:00:00,3,1182.45,0,1182.45,9,DELIVERED,Wallet
O07812,C0182,P088,2026-01-26 0:00:00,4,8766.67,0,8766.67,8,Cancelled,UPI
O07813,C0235,P005,2024-01-28 0:00:00,1,9944.67,20,7955.74,9,DELIVERED,UPI
O07814,C0047,P002,2025-12-21 0:00:00,1,4222.93,20,3378.34,1,delivered,UPI
O07815,C0325,P018,2025-07-08 0:00:00,1,4029.06,10,3626.15,11,Returned,UPI
O07816,C0261,P069,2025-04-15 0:00:00,1,8162.17,10,7345.95,1,delivered,Wallet
O07817,C0160,P014,2024-06-19 0:00:00,3,1312.83,15,1115.91,9,DELIVERED,Wallet
O07818,C0297,P022,2024-05-24 0:00:00,3,4196.08,0,4196.08,8,delivered,UPI
O07819,C0277,P045,2024-02-07 0:00:00,5,2378.74,10,2140.87,12,Returned,Wallet
O07820,C0058,P078,2024-12-11 0:00:00,2,2301.5,15,1956.27,5,Delivered,Wallet
O07821,C0473,P023,2025-08-06 0:00:00,5,4316.04,0,4316.04,10,Returned,Wallet
O07822,C0370,P073,2025-02-26 0:00:00,5,7790.27,10,7011.24,8,Cancelled,Card
O07823,C0267,P005,2025-11-26 0:00:00,4,7037.57,20,5630.06,9,DELIVERED,Wallet
O07824,C0438,P028,2024-09-14 0:00:00,4,4646.46,5,4414.14,7,Returned,Wallet
O07825,C0013,P016,2023-04-16 0:00:00,5,9910.18,15,8423.65,9,DELIVERED,UPI
O07826,C0473,P039,2023-09-11 0:00:00,1,5303.8,5,5038.61,7,Delivered,Card
O07827,C0165,P075,2024-10-23 0:00:00,2,8205.84,0,8205.84,4,Cancelled,Wallet
O07828,C0193,P023,2025-07-05 0:00:00,5,703.7,20,562.96,3,delivered,Wallet
O07829,C0234,P005,2025-03-25 0:00:00,2,4697.98,0,4697.98,12,delivered,COD
O07830,C0374,P084,2023-12-10 0:00:00,1,9335.02,0,9335.02,8,Cancelled,UPI
O07831,C0312,P042,2025-06-14 0:00:00,1,6373.41,20,5098.73,1,Delivered,Wallet
O07832,C0100,P056,2025-10-01 0:00:00,5,6289.76,5,5975.27,12,delivered,Wallet
O07833,C0375,P062,2024-03-14 0:00:00,3,7024.25,0,7024.25,10,Delivered,UPI
O07834,C0447,P060,2023-12-13 0:00:00,1,7813.48,0,7813.48,3,delivered,UPI
O07835,C0347,P081,2023-07-15 0:00:00,4,2799.7,0,2799.7,11,Returned,Wallet
O07836,C0125,P029,2024-07-25 0:00:00,2,9982.39,20,7985.91,8,Delivered,Wallet
O07837,C0300,P024,2024-05-26 0:00:00,3,5620.94,5,5339.89,7,delivered,Wallet
O07838,C0447,P096,2025-05-19 0:00:00,4,1821.31,5,1730.24,10,Cancelled,Card
O07839,C0198,P055,2024-02-22 0:00:00,5,663.19,15,563.71,11,delivered,Wallet
O07840,C0005,P024,2024-03-31 0:00:00,5,1299.25,5,1234.29,1,Cancelled,UPI
O07841,C0235,P086,2024-05-17 0:00:00,4,702.79,5,667.65,2,delivered,Wallet
O07842,C0047,P071,2024-06-10 0:00:00,1,2020.22,20,1616.18,9,DELIVERED,COD
O07843,C0401,P088,2024-11-20 0:00:00,5,9333.98,10,8400.58,12,delivered,Card
O07844,C0179,P003,2025-02-22 0:00:00,5,6971.53,20,5577.22,3,Cancelled,UPI
O07845,C0381,P003,2026-04-01 0:00:00,2,1846.29,5,1753.98,12,Delivered,Card
O07846,C0310,P002,2023-06-21 0:00:00,1,2778.31,15,2361.56,4,DELIVERED,Card
O07847,C0355,P018,2025-05-17 0:00:00,2,5991.87,10,5392.68,4,DELIVERED,UPI
O07848,C0259,P040,2025-12-28 0:00:00,5,624.01,5,592.81,2,Returned,Card
O07849,C0127,P087,2023-04-17 0:00:00,4,3346.76,20,2677.41,1,Delivered,Wallet
O07850,C0450,P026,2024-08-04 0:00:00,4,9324.26,20,7459.41,11,Cancelled,Wallet
O07851,C0034,P019,2023-08-18 0:00:00,1,4125.8,0,4125.8,7,Cancelled,COD
O07852,C0156,P005,2025-06-08 0:00:00,4,1817.7,15,1545.05,4,Returned,Wallet
O07853,C0472,P082,2024-02-11 0:00:00,4,5213.46,15,4431.44,6,Returned,Wallet
O07854,C0107,P094,2024-09-05 0:00:00,4,5719.2,15,4861.32,8,delivered,UPI
O07855,C0315,P087,2024-02-23 0:00:00,5,9072.08,0,9072.08,9,Delivered,Wallet
O07856,C0485,P099,2025-01-31 0:00:00,5,5298.3,5,5033.39,10,delivered,COD
O07857,C0258,P003,2025-07-23 0:00:00,2,6958.8,0,6958.8,7,delivered,COD
O07858,C0452,P023,2026-01-09 0:00:00,2,4261.97,10,3835.77,6,Delivered,COD
O07859,C0061,P002,2023-02-03 0:00:00,2,6675.61,0,6675.61,7,DELIVERED,Wallet
O07860,C0050,P073,2024-11-30 0:00:00,1,8345.28,10,7510.75,1,Delivered,UPI
O07861,C0203,P035,2025-05-07 0:00:00,5,8137.32,20,6509.86,3,delivered,Wallet
O07862,C0435,P002,2025-01-09 0:00:00,1,4467.8,15,3797.63,3,Returned,Card
O07863,C0375,P021,2024-04-26 0:00:00,3,8444.71,0,8444.71,8,Returned,Wallet
O07864,C0333,P042,2026-01-12 0:00:00,3,2258.08,15,1919.37,3,Returned,UPI
O07865,C0387,P040,2025-05-27 0:00:00,5,8647.79,10,7783.01,8,DELIVERED,UPI
O07866,C0194,P028,2023-08-14 0:00:00,5,5560.76,15,4726.65,6,Cancelled,UPI
O07867,C0302,P034,2025-12-31 0:00:00,2,2255,20,1804,9,Returned,Wallet
O07868,C0448,P064,2023-09-16 0:00:00,5,8367.92,20,6694.34,12,Cancelled,Card
O07869,C0006,P087,2025-12-20 0:00:00,3,1768.84,20,1415.07,9,delivered,Card
O07870,C0179,P020,2023-03-23 0:00:00,1,3464.12,0,3464.12,3,Delivered,Card
O07871,C0083,P086,2025-04-28 0:00:00,5,7663.64,20,6130.91,5,Returned,Wallet
O07872,C0122,P034,2025-02-11 0:00:00,1,5651.5,20,4521.2,6,Cancelled,UPI
O07873,C0384,P043,2023-03-17 0:00:00,5,6064.03,15,5154.43,9,Cancelled,UPI
O07874,C0236,P068,2025-12-29 0:00:00,4,1140.04,0,1140.04,2,Returned,Wallet
O07875,C0314,P066,2025-09-02 0:00:00,1,4628.17,5,4396.76,7,DELIVERED,Card
O07876,C0474,P037,2024-09-15 0:00:00,2,8855.33,5,8412.56,9,DELIVERED,Wallet
O07877,C0155,P077,2025-01-23 0:00:00,1,1366.08,20,1092.86,6,Cancelled,UPI
O07878,C0330,P090,2024-09-25 0:00:00,1,4690.36,0,4690.36,5,Delivered,COD
O07879,C0352,P086,2026-01-14 0:00:00,2,4168.46,0,4168.46,2,delivered,UPI
O07880,C0412,P061,2023-03-23 0:00:00,2,1935.71,20,1548.57,7,DELIVERED,Wallet
O07881,C0030,P063,2023-09-19 0:00:00,1,9188.6,15,7810.31,1,Cancelled,UPI
O07882,C0037,P054,2024-08-19 0:00:00,4,9429.4,20,7543.52,6,Delivered,Wallet
O07883,C0498,P092,2024-08-12 0:00:00,3,816.57,0,816.57,12,DELIVERED,COD
O07884,C0247,P018,2024-06-19 0:00:00,1,7370.13,5,7001.62,3,delivered,Wallet
O07885,C0414,P098,2024-08-04 0:00:00,5,5670.49,0,5670.49,7,Returned,Wallet
O07886,C0162,P077,2024-10-20 0:00:00,2,6871.97,20,5497.58,3,Cancelled,COD
O07887,C0106,P064,2024-12-21 0:00:00,5,3974.84,0,3974.84,4,Returned,Wallet
O07888,C0400,P027,2026-01-27 0:00:00,2,2624.1,10,2361.69,3,Returned,UPI
O07889,C0382,P057,2024-12-06 0:00:00,5,5142.69,15,4371.29,7,Cancelled,Wallet
O07890,C0419,P024,2024-09-26 0:00:00,5,6844.76,5,6502.52,11,Cancelled,Wallet
O07891,C0293,P057,2024-12-31 0:00:00,5,804.31,5,764.09,11,Delivered,Card
O07892,C0256,P084,2025-05-14 0:00:00,1,3575.59,10,3218.03,7,delivered,UPI
O07893,C0146,P091,2024-07-18 0:00:00,2,7014.11,0,7014.11,10,DELIVERED,Wallet
O07894,C0342,P063,2025-03-09 0:00:00,2,7986.32,5,7587,6,Returned,Wallet
O07895,C0320,P037,2025-12-18 0:00:00,5,5575.47,15,4739.15,2,Returned,Card
O07896,C0316,P073,2025-06-02 0:00:00,2,7316.95,15,6219.41,4,Delivered,UPI
O07897,C0379,P074,2026-03-20 0:00:00,3,9446.85,15,8029.82,11,Cancelled,Wallet
O07898,C0357,P079,2025-03-15 0:00:00,1,5966.14,10,5369.53,6,Delivered,COD
O07899,C0044,P066,2024-07-30 0:00:00,1,8829.28,15,7504.89,5,Delivered,Card
O07900,C0494,P047,2023-10-04 0:00:00,4,2894.36,0,2894.36,4,Returned,Card
O07901,C0249,P025,2023-05-01 0:00:00,2,1781.41,15,1514.2,12,DELIVERED,Wallet
O07902,C0114,P017,2025-06-10 0:00:00,2,1632.44,15,1387.57,11,Delivered,Wallet
O07903,C0328,P091,2024-07-23 0:00:00,5,1225.96,10,1103.36,4,DELIVERED,Card
O07904,C0411,P002,2024-12-26 0:00:00,2,4746.66,20,3797.33,9,DELIVERED,COD
O07905,C0271,P063,2024-04-29 0:00:00,4,982.81,15,835.39,9,Delivered,Card
O07906,C0378,P053,2024-05-19 0:00:00,5,4464.88,5,4241.64,6,delivered,Wallet
O07907,C0386,P070,2023-11-26 0:00:00,3,955.25,20,764.2,3,Cancelled,UPI
O07908,C0126,P016,2023-02-10 0:00:00,2,7592.29,20,6073.83,7,Returned,Wallet
O07909,C0024,P057,2025-10-06 0:00:00,5,4829.46,5,4587.99,5,DELIVERED,Wallet
O07910,C0443,P065,2023-11-07 0:00:00,5,7364.63,0,7364.63,7,Delivered,COD
O07911,C0249,P028,2023-08-20 0:00:00,2,2051.58,20,1641.26,8,Cancelled,Wallet
O07912,C0310,P083,2024-06-26 0:00:00,3,6949.77,5,6602.28,9,delivered,Wallet
O07913,C0237,P045,2025-10-23 0:00:00,5,6968,15,5922.8,3,Delivered,COD
O07914,C0170,P070,2023-01-17 0:00:00,1,7088.92,10,6380.03,12,Returned,COD
O07915,C0313,P082,2024-06-23 0:00:00,2,1521.12,10,1369.01,6,Returned,Wallet
O07916,C0324,P081,2024-03-18 0:00:00,4,3714.6,10,3343.14,11,delivered,Wallet
O07917,C0121,P019,2023-10-11 0:00:00,3,3776.53,20,3021.22,10,Returned,UPI
O07918,C0480,P070,2023-09-03 0:00:00,4,1327.66,0,1327.66,3,Returned,COD
O07919,C0235,P046,2024-05-22 0:00:00,1,2538.39,10,2284.55,8,delivered,Wallet
O07920,C0436,P037,2024-11-29 0:00:00,4,7897.66,5,7502.78,9,DELIVERED,Wallet
O07921,C0049,P027,2025-10-28 0:00:00,1,6890.14,15,5856.62,9,delivered,Card
O07922,C0256,P100,2025-03-24 0:00:00,1,8738.88,0,8738.88,12,DELIVERED,Wallet
O07923,C0194,P049,2024-05-19 0:00:00,3,6831.1,5,6489.55,6,Returned,Wallet
O07924,C0205,P087,2026-04-03 0:00:00,2,9099.9,5,8644.9,1,Cancelled,Wallet
O07925,C0093,P075,2025-11-01 0:00:00,4,5114.36,0,5114.36,5,DELIVERED,UPI
O07926,C0222,P070,2023-07-02 0:00:00,4,8392.38,0,8392.38,4,Delivered,COD
O07927,C0381,P003,2023-06-29 0:00:00,4,7950.92,15,6758.28,3,DELIVERED,COD
O07928,C0434,P012,2023-12-26 0:00:00,4,1177.03,0,1177.03,10,delivered,Wallet
O07929,C0134,P094,2023-09-05 0:00:00,4,6929.34,5,6582.87,10,Returned,COD
O07930,C0164,P087,2023-08-01 0:00:00,5,9602.11,15,8161.79,11,Delivered,Wallet
O07931,C0004,P024,2024-03-11 0:00:00,3,7145.39,20,5716.31,3,Delivered,COD
O07932,C0036,P020,2024-09-27 0:00:00,2,1464.33,20,1171.46,7,Returned,Card
O07933,C0381,P030,2024-10-26 0:00:00,1,9551.52,20,7641.22,5,Returned,Wallet
O07934,C0164,P061,2023-10-26 0:00:00,2,614.19,20,491.35,7,Cancelled,Card
O07935,C0158,P047,2025-05-07 0:00:00,5,953.61,15,810.57,9,delivered,Card
O07936,C0185,P029,2025-06-03 0:00:00,3,8422.12,10,7579.91,12,Delivered,Wallet
O07937,C0321,P002,2025-12-02 0:00:00,3,4509.53,0,4509.53,5,DELIVERED,Card
O07938,C0224,P017,2023-11-02 0:00:00,1,4777.28,15,4060.69,10,Returned,Card
O07939,C0247,P014,2026-01-09 0:00:00,2,7363.81,10,6627.43,7,DELIVERED,COD
O07940,C0153,P032,2023-02-21 0:00:00,4,1205.37,15,1024.56,8,Cancelled,Wallet
O07941,C0051,P082,2025-11-29 0:00:00,4,4738.22,10,4264.4,1,DELIVERED,Wallet
O07942,C0188,P025,2024-12-06 0:00:00,4,9151.52,20,7321.22,12,Returned,Wallet
O07943,C0282,P033,2025-08-30 0:00:00,1,4715.62,0,4715.62,1,Cancelled,COD
O07944,C0352,P039,2025-07-18 0:00:00,2,8845.56,10,7961,3,Delivered,Wallet
O07945,C0413,P081,2024-08-18 0:00:00,1,2281.29,20,1825.03,2,delivered,Wallet
O07946,C0330,P067,2024-01-19 0:00:00,1,1071.54,10,964.39,6,Cancelled,UPI
O07947,C0373,P059,2024-10-07 0:00:00,5,4319.96,0,4319.96,1,Delivered,Wallet
O07948,C0234,P065,2023-01-19 0:00:00,5,4813.32,5,4572.65,2,Cancelled,Wallet
O07949,C0262,P075,2024-02-14 0:00:00,4,4716.96,10,4245.26,2,Delivered,UPI
O07950,C0065,P055,2024-05-09 0:00:00,4,2427.09,15,2063.03,5,delivered,Wallet
O07951,C0163,P044,2025-06-10 0:00:00,1,5697.6,20,4558.08,4,DELIVERED,Wallet
O07952,C0058,P085,2025-10-29 0:00:00,2,4921.02,20,3936.82,9,DELIVERED,UPI
O07953,C0122,P066,2023-03-17 0:00:00,3,8625.89,15,7332.01,11,delivered,Wallet
O07954,C0286,P055,2025-08-04 0:00:00,4,1050.55,20,840.44,2,Cancelled,UPI
O07955,C0135,P054,2023-04-17 0:00:00,4,8869.7,10,7982.73,2,DELIVERED,Wallet
O07956,C0220,P026,2023-10-25 0:00:00,5,1326.95,20,1061.56,4,delivered,Wallet
O07957,C0413,P066,2023-01-10 0:00:00,1,9033.55,5,8581.87,10,Delivered,Card
O07958,C0251,P032,2026-01-07 0:00:00,3,5114.88,0,5114.88,7,Cancelled,Wallet
O07959,C0228,P050,2025-07-25 0:00:00,4,3776.12,20,3020.9,4,Delivered,Card
O07960,C0490,P077,2023-06-25 0:00:00,5,8738.42,5,8301.5,10,DELIVERED,Card
O07961,C0176,P029,2023-01-29 0:00:00,5,2750,15,2337.5,1,Returned,Card
O07962,C0220,P063,2023-08-18 0:00:00,2,8346.58,0,8346.58,5,DELIVERED,UPI
O07963,C0285,P091,2024-01-12 0:00:00,1,9595.28,20,7676.22,9,Cancelled,UPI
O07964,C0314,P009,2024-04-29 0:00:00,2,2012.33,5,1911.71,9,Cancelled,UPI
O07965,C0230,P083,2025-03-20 0:00:00,3,8932.7,15,7592.8,6,Cancelled,Card
O07966,C0494,P017,2025-10-14 0:00:00,5,8665.33,0,8665.33,10,DELIVERED,Wallet
O07967,C0304,P039,2025-07-14 0:00:00,3,7234.43,5,6872.71,6,Returned,Card
O07968,C0078,P033,2025-02-07 0:00:00,2,4910.71,0,4910.71,10,Cancelled,COD
O07969,C0126,P061,2023-09-03 0:00:00,5,3489.31,20,2791.45,4,Delivered,Wallet
O07970,C0234,P015,2025-05-02 0:00:00,2,3532.12,15,3002.3,9,DELIVERED,UPI
O07971,C0411,P088,2025-06-18 0:00:00,5,8160.66,0,8160.66,4,Cancelled,UPI
O07972,C0220,P075,2024-07-17 0:00:00,2,3607.93,10,3247.14,2,DELIVERED,Card
O07973,C0325,P083,2025-08-09 0:00:00,5,2959.53,10,2663.58,11,delivered,COD
O07974,C0406,P080,2026-02-09 0:00:00,3,6575.82,15,5589.45,4,Cancelled,Wallet
O07975,C0076,P079,2023-12-10 0:00:00,2,6778.04,0,6778.04,9,delivered,Wallet
O07976,C0375,P087,2025-02-19 0:00:00,5,9918.59,5,9422.66,10,Returned,Wallet
O07977,C0206,P045,2024-11-20 0:00:00,3,579.06,15,492.2,2,Returned,Wallet
O07978,C0122,P042,2025-01-15 0:00:00,3,1399.1,10,1259.19,1,DELIVERED,Wallet
O07979,C0491,P088,2023-04-15 0:00:00,1,8114.45,20,6491.56,11,Cancelled,Wallet
O07980,C0328,P014,2024-01-20 0:00:00,1,3877.21,15,3295.63,3,Cancelled,UPI
O07981,C0277,P005,2023-02-19 0:00:00,1,5606.81,10,5046.13,4,Cancelled,Card
O07982,C0399,P032,2025-05-14 0:00:00,5,6224.84,5,5913.6,3,Returned,UPI
O07983,C0340,P068,2025-07-16 0:00:00,1,6231.39,20,4985.11,8,delivered,UPI
O07984,C0353,P085,2023-08-14 0:00:00,5,1445.66,15,1228.81,1,Cancelled,COD
O07985,C0095,P014,2024-10-30 0:00:00,1,4480.42,0,4480.42,8,delivered,COD
O07986,C0170,P066,2025-07-10 0:00:00,4,8951.72,0,8951.72,4,Delivered,Wallet
O07987,C0180,P042,2025-01-17 0:00:00,1,9047.6,0,9047.6,12,Delivered,UPI
O07988,C0335,P042,2024-01-19 0:00:00,5,4785.56,20,3828.45,1,Returned,Wallet
O07989,C0136,P026,2024-02-08 0:00:00,3,1873.01,5,1779.36,11,DELIVERED,Wallet
O07990,C0473,P023,2024-09-11 0:00:00,2,7019.77,5,6668.78,2,delivered,UPI
O07991,C0112,P052,2023-05-30 0:00:00,2,3644.96,5,3462.71,1,delivered,Card
O07992,C0457,P033,2025-09-17 0:00:00,2,9828.6,15,8354.31,1,DELIVERED,COD
O07993,C0370,P066,2023-07-28 0:00:00,4,9053.58,5,8600.9,11,Delivered,UPI
O07994,C0428,P072,2025-09-26 0:00:00,4,9139.24,20,7311.39,12,Cancelled,Wallet
O07995,C0149,P082,2024-01-27 0:00:00,4,5512.77,10,4961.49,4,delivered,COD
O07996,C0348,P010,2025-11-05 0:00:00,4,5367.23,5,5098.87,2,Delivered,Card
O07997,C0201,P028,2025-09-11 0:00:00,2,7544.56,15,6412.88,4,DELIVERED,UPI
O07998,C0476,P048,2023-07-19 0:00:00,4,708.62,0,708.62,12,Delivered,Wallet
O07999,C0445,P046,2025-07-12 0:00:00,2,8095.94,15,6881.55,5,delivered,Wallet
O08000,C0340,P084,2023-09-15 0:00:00,2,3836.32,5,3644.5,5,Cancelled,UPI
O08001,C0206,P079,2023-09-25 0:00:00,2,4684.66,5,4450.43,3,Cancelled,Card
O08002,C0382,P002,2023-02-03 0:00:00,5,4907.88,5,4662.49,5,Returned,Wallet
O08003,C0292,P031,2024-06-25 0:00:00,3,1272.33,0,1272.33,0,Delivered,Wallet
O08004,C0291,P046,2025-02-16 0:00:00,5,4422.19,15,3758.86,9,DELIVERED,COD
O08005,C0033,P027,2023-03-19 0:00:00,5,9737.92,20,7790.34,8,delivered,Card
O08006,C0369,P022,2023-08-08 0:00:00,5,1878.14,20,1502.51,3,delivered,Wallet
O08007,C0450,P030,2023-03-18 0:00:00,3,7496.02,5,7121.22,4,Delivered,UPI
O08008,C0001,P025,2023-03-01 0:00:00,3,7453.89,5,7081.2,7,delivered,Wallet
O08009,C0252,P083,2024-01-10 0:00:00,2,6983.95,20,5587.16,9,Delivered,Card
O08010,C0430,P089,2023-12-19 0:00:00,1,7812.98,10,7031.68,1,DELIVERED,COD
O08011,C0004,P056,2023-11-28 0:00:00,4,6143,0,6143,7,delivered,UPI
O08012,C0253,P032,2023-01-15 0:00:00,3,2796.99,15,2377.44,4,DELIVERED,Card
O08013,C0121,P002,2023-03-13 0:00:00,3,6350.64,5,6033.11,7,Returned,Wallet
O08014,C0337,P032,2025-06-19 0:00:00,4,7762.12,5,7374.01,8,Cancelled,Wallet
O08015,C0049,P036,2023-10-27 0:00:00,3,5718.74,0,5718.74,10,Delivered,Card
O08016,C0033,P040,2024-05-23 0:00:00,4,3943.08,15,3351.62,5,Delivered,COD
O08017,C0358,P072,2024-09-24 0:00:00,1,1465.67,20,1172.54,8,delivered,Wallet
O08018,C0053,P066,2026-04-15 0:00:00,3,2789.11,5,2649.65,8,DELIVERED,Card
O08019,C0322,P069,2025-11-03 0:00:00,5,8919.03,0,8919.03,12,DELIVERED,Wallet
O08020,C0077,P009,2023-11-08 0:00:00,2,5266.3,5,5002.98,6,Delivered,UPI
O08021,C0456,P090,2025-01-06 0:00:00,3,6595.69,15,5606.34,9,Delivered,COD
O08022,C0424,P005,2024-01-21 0:00:00,3,5890.57,15,5006.98,8,delivered,UPI
O08023,C0021,P093,2026-01-27 0:00:00,5,4900.57,5,4655.54,12,Returned,Wallet
O08024,C0317,P034,2023-01-18 0:00:00,5,3154.89,5,2997.15,6,delivered,UPI
O08025,C0036,P030,2024-12-02 0:00:00,4,5964.88,0,5964.88,9,Cancelled,Card
O08026,C0222,P099,2024-01-12 0:00:00,4,8675.24,5,8241.48,5,Cancelled,COD
O08027,C0231,P017,2024-04-14 0:00:00,3,4409.72,10,3968.75,11,DELIVERED,COD
O08028,C0282,P038,2025-07-21 0:00:00,1,9771.27,5,9282.71,12,Returned,Card
O08029,C0474,P036,2025-02-12 0:00:00,4,907.46,10,816.71,5,Delivered,Wallet
O08030,C0257,P037,2024-08-18 0:00:00,2,3495.9,15,2971.51,12,Cancelled,UPI
O08031,C0380,P009,2023-11-18 0:00:00,4,7372.72,15,6266.81,10,Cancelled,UPI
O08032,C0012,P093,2025-07-05 0:00:00,2,6539.74,15,5558.78,1,Delivered,UPI
O08033,C0398,P025,2023-10-24 0:00:00,1,4575.02,10,4117.52,3,DELIVERED,Wallet
O08034,C0397,P070,2026-01-01 0:00:00,4,5850.01,20,4680.01,1,Delivered,COD
O08035,C0481,P043,2024-06-20 0:00:00,5,3356.94,20,2685.55,11,Delivered,UPI
O08036,C0211,P008,2025-05-19 0:00:00,2,3134.41,5,2977.69,10,Returned,UPI
O08037,C0243,P092,2023-11-21 0:00:00,2,7972.42,5,7573.8,2,Returned,COD
O08038,C0265,P019,2024-03-09 0:00:00,2,7031.78,20,5625.42,8,Returned,Wallet
O08039,C0300,P038,2026-02-13 0:00:00,4,3569.57,15,3034.13,6,Cancelled,Card
O08040,C0371,P057,2023-08-14 0:00:00,4,5791.7,20,4633.36,10,Delivered,Wallet
O08041,C0460,P015,2025-12-21 0:00:00,5,9103.74,5,8648.55,9,Cancelled,UPI
O08042,C0134,P057,2023-11-09 0:00:00,4,2390.66,15,2032.06,8,Cancelled,Wallet
O08043,C0120,P054,2023-05-15 0:00:00,2,2058.86,15,1750.03,2,DELIVERED,Wallet
O08044,C0069,P006,2023-12-27 0:00:00,2,4289.91,0,4289.91,7,Returned,Card
O08045,C0364,P079,2025-04-16 0:00:00,1,5075.27,20,4060.22,6,delivered,COD
O08046,C0472,P094,2023-08-11 0:00:00,1,6587.5,5,6258.12,10,delivered,Card
O08047,C0416,P045,2025-12-02 0:00:00,1,3212.84,0,3212.84,2,delivered,COD
O08048,C0412,P016,2024-05-29 0:00:00,3,9596.7,10,8637.03,11,delivered,COD
O08049,C0270,P094,2025-02-21 0:00:00,2,5647.76,5,5365.37,1,Returned,Wallet
O08050,C0129,P089,2023-06-03 0:00:00,2,9789.79,10,8810.81,4,DELIVERED,Wallet
O08051,C0391,P018,2026-01-17 0:00:00,3,7643.21,20,6114.57,11,delivered,COD
O08052,C0227,P008,2025-05-08 0:00:00,5,3192.05,20,2553.64,3,Delivered,Wallet
O08053,C0203,P038,2023-10-20 0:00:00,4,6646.67,0,6646.67,8,delivered,Wallet
O08054,C0160,P023,2024-01-09 0:00:00,5,1514.82,0,1514.82,3,delivered,COD
O08055,C0395,P020,2023-06-13 0:00:00,1,9899.69,15,8414.74,12,Delivered,Wallet
O08056,C0202,P002,2023-02-19 0:00:00,1,842.22,5,800.11,10,Delivered,Card
O08057,C0289,P087,2026-01-06 0:00:00,4,8577.54,15,7290.91,1,DELIVERED,UPI
O08058,C0139,P026,2023-07-06 0:00:00,2,4725.44,0,4725.44,10,DELIVERED,Card
O08059,C0425,P063,2023-09-09 0:00:00,1,1378.88,20,1103.1,10,Cancelled,Wallet
O08060,C0356,P012,2025-01-23 0:00:00,4,7350.61,10,6615.55,7,Cancelled,Card
O08061,C0198,P082,2024-11-23 0:00:00,4,5776.07,15,4909.66,11,Delivered,COD
O08062,C0213,P021,2025-11-26 0:00:00,3,4068.82,15,3458.5,9,DELIVERED,Card
O08063,C0088,P072,2023-05-18 0:00:00,4,9944.15,15,8452.53,10,Returned,Wallet
O08064,C0469,P091,2025-04-21 0:00:00,1,8198.81,0,8198.81,4,delivered,COD
O08065,C0048,P089,2023-10-17 0:00:00,3,2315.63,0,2315.63,2,Cancelled,UPI
O08066,C0453,P068,2024-02-24 0:00:00,4,7346.94,10,6612.25,8,Returned,Wallet
O08067,C0046,P003,2024-05-04 0:00:00,1,3151.57,20,2521.26,12,Delivered,Card
O08068,C0037,P066,2024-11-16 0:00:00,2,8373.25,20,6698.6,7,Delivered,Card
O08069,C0132,P037,2023-01-13 0:00:00,5,4896.83,15,4162.31,7,Returned,Card
O08070,C0432,P092,2023-06-27 0:00:00,1,7168.66,10,6451.79,7,DELIVERED,UPI
O08071,C0177,P037,2023-11-13 0:00:00,4,6065.78,5,5762.49,1,Returned,Wallet
O08072,C0258,P085,2024-11-21 0:00:00,2,3802.66,15,3232.26,9,Delivered,Wallet
O08073,C0391,P068,2026-01-22 0:00:00,3,3022.58,10,2720.32,4,delivered,COD
O08074,C0176,P019,2025-03-14 0:00:00,5,6663.59,5,6330.41,6,delivered,Wallet
O08075,C0392,P013,2025-10-11 0:00:00,2,2830.6,0,2830.6,7,Cancelled,Wallet
O08076,C0274,P089,2023-06-27 0:00:00,5,5368.48,0,5368.48,4,Delivered,UPI
O08077,C0324,P095,2024-12-21 0:00:00,4,2549.39,0,2549.39,10,Delivered,Wallet
O08078,C0220,P065,2025-08-15 0:00:00,4,1682.01,0,1682.01,9,Delivered,Wallet
O08079,C0285,P019,2023-08-07 0:00:00,5,1064.15,5,1010.94,4,Delivered,Wallet
O08080,C0309,P093,2025-12-12 0:00:00,2,1006.77,20,805.42,5,Returned,Card
O08081,C0294,P066,2024-07-26 0:00:00,1,7019.45,20,5615.56,1,Cancelled,Wallet
O08082,C0463,P051,2023-01-23 0:00:00,2,6332.21,5,6015.6,5,Cancelled,UPI
O08083,C0267,P094,2023-11-14 0:00:00,1,6325.41,0,6325.41,4,delivered,Card
O08084,C0109,P059,2024-10-10 0:00:00,5,6493.76,5,6169.07,6,DELIVERED,Wallet
O08085,C0387,P082,2024-10-11 0:00:00,2,4918.31,0,4918.31,3,Delivered,UPI
O08086,C0210,P079,2025-04-02 0:00:00,5,8607.37,20,6885.9,1,DELIVERED,Wallet
O08087,C0242,P016,2024-01-24 0:00:00,4,4358.63,15,3704.84,9,Delivered,Wallet
O08088,C0068,P001,2023-03-22 0:00:00,3,8263.37,20,6610.7,8,Cancelled,Wallet
O08089,C0277,P049,2024-12-25 0:00:00,2,1735.58,10,1562.02,10,Cancelled,COD
O08090,C0206,P060,2023-02-07 0:00:00,5,9448.73,20,7558.98,4,Cancelled,UPI
O08091,C0002,P028,2025-12-09 0:00:00,5,7159.11,15,6085.24,1,Delivered,COD
O08092,C0182,P027,2023-05-24 0:00:00,1,2945.09,20,2356.07,2,DELIVERED,UPI
O08093,C0098,P039,2026-01-14 0:00:00,1,7644.98,20,6115.98,11,DELIVERED,Wallet
O08094,C0142,P009,2025-06-23 0:00:00,3,7968.12,10,7171.31,2,Returned,COD
O08095,C0397,P067,2024-02-10 0:00:00,2,8890.76,15,7557.15,2,delivered,COD
O08096,C0197,P077,2024-12-28 0:00:00,4,6953.15,20,5562.52,12,delivered,COD
O08097,C0098,P097,2025-05-25 0:00:00,2,2979.85,15,2532.87,10,Delivered,COD
O08098,C0411,P088,2023-01-15 0:00:00,2,3616.6,20,2893.28,12,Delivered,Wallet
O08099,C0295,P066,2023-06-13 0:00:00,2,9251.27,10,8326.14,9,Returned,COD
O08100,C0456,P047,2025-10-13 0:00:00,2,7294.41,10,6564.97,5,DELIVERED,Card
O08101,C0039,P021,2023-11-16 0:00:00,3,6667.13,10,6000.42,11,Returned,Wallet
O08102,C0448,P095,2025-10-23 0:00:00,5,3671.17,20,2936.94,4,delivered,UPI
O08103,C0070,P013,2023-03-29 0:00:00,1,4634.75,20,3707.8,6,Delivered,Wallet
O08104,C0376,P082,2024-12-22 0:00:00,2,3693.77,0,3693.77,3,Cancelled,UPI
O08105,C0074,P020,2024-07-25 0:00:00,3,3226.86,0,3226.86,9,delivered,UPI
O08106,C0286,P047,2024-10-29 0:00:00,2,8865.17,20,7092.14,9,Cancelled,Card
O08107,C0328,P052,2023-01-16 0:00:00,5,8540.24,20,6832.19,3,Returned,COD
O08108,C0406,P076,2023-08-13 0:00:00,3,922.19,15,783.86,6,DELIVERED,Card
O08109,C0412,P041,2025-04-14 0:00:00,3,2568.39,20,2054.71,10,Returned,UPI
O08110,C0223,P090,2025-09-22 0:00:00,4,9778.75,0,9778.75,4,Returned,Wallet
O08111,C0113,P007,2023-07-17 0:00:00,5,6199.49,5,5889.52,7,DELIVERED,Card
O08112,C0278,P012,2023-09-09 0:00:00,4,9213.53,5,8752.85,12,Returned,COD
O08113,C0183,P020,2026-03-22 0:00:00,3,5689.51,20,4551.61,1,Delivered,Wallet
O08114,C0176,P042,2025-11-22 0:00:00,3,3249.56,20,2599.65,3,Cancelled,Wallet
O08115,C0109,P003,2024-01-03 0:00:00,2,3578.32,15,3041.57,2,delivered,UPI
O08116,C0155,P006,2025-01-18 0:00:00,2,4800.94,5,4560.89,6,delivered,Card
O08117,C0214,P036,2025-07-31 0:00:00,3,7889.02,0,7889.02,2,Returned,COD
O08118,C0458,P093,2024-04-13 0:00:00,1,8290.74,15,7047.13,10,delivered,Wallet
O08119,C0037,P003,2023-09-25 0:00:00,1,6393.67,15,5434.62,6,Delivered,COD
O08120,C0414,P099,2024-02-26 0:00:00,4,3564.64,20,2851.71,10,delivered,Card
O08121,C0181,P022,2024-10-10 0:00:00,1,8009.69,15,6808.24,2,Delivered,UPI
O08122,C0365,P057,2026-03-01 0:00:00,5,8201.32,15,6971.12,9,DELIVERED,UPI
O08123,C0094,P018,2024-10-22 0:00:00,3,4927.75,0,4927.75,7,Delivered,UPI
O08124,C0352,P037,2026-01-24 0:00:00,4,8233.1,10,7409.79,8,Returned,UPI
O08125,C0210,P003,2024-09-23 0:00:00,5,9321.85,5,8855.76,4,DELIVERED,Wallet
O08126,C0373,P046,2025-10-06 0:00:00,1,4908.65,0,4908.65,1,Returned,Wallet
O08127,C0127,P010,2023-07-15 0:00:00,3,1715.95,5,1630.15,9,delivered,COD
O08128,C0264,P091,2026-01-02 0:00:00,5,5283.53,5,5019.35,2,Cancelled,UPI
O08129,C0131,P035,2024-12-05 0:00:00,1,4602.44,5,4372.32,11,Delivered,Wallet
O08130,C0125,P034,2023-03-02 0:00:00,5,9453.22,0,9453.22,1,Returned,COD
O08131,C0366,P006,2023-10-12 0:00:00,5,5011.65,10,4510.48,6,Cancelled,COD
O08132,C0439,P073,2023-07-27 0:00:00,2,5850.25,20,4680.2,2,Cancelled,COD
O08133,C0211,P018,2023-04-23 0:00:00,3,3492.64,10,3143.38,1,Returned,COD
O08134,C0481,P082,2025-03-19 0:00:00,2,7505.72,15,6379.86,9,Delivered,Wallet
O08135,C0341,P092,2024-03-25 0:00:00,2,3861.14,20,3088.91,11,Delivered,Card
O08136,C0007,P042,2024-03-15 0:00:00,1,8207.17,20,6565.74,3,Returned,COD
O08137,C0294,P060,2025-11-19 0:00:00,3,8000.59,20,6400.47,5,DELIVERED,Wallet
O08138,C0044,P005,2024-03-05 0:00:00,3,8725.21,5,8288.95,7,Returned,Card
O08139,C0407,P097,2023-03-30 0:00:00,1,1629.54,15,1385.11,6,delivered,COD
O08140,C0301,P080,2025-03-14 0:00:00,3,1125.31,0,1125.31,11,delivered,Wallet
O08141,C0256,P098,2025-10-03 0:00:00,3,2210.61,15,1879.02,10,Delivered,Wallet
O08142,C0183,P046,2024-11-07 0:00:00,1,2578.1,10,2320.29,2,delivered,Wallet
O08143,C0300,P046,2025-09-20 0:00:00,3,1955.53,0,1955.53,2,DELIVERED,Wallet
O08144,C0166,P034,2026-03-22 0:00:00,3,1589.1,20,1271.28,5,Delivered,Wallet
O08145,C0312,P019,2024-09-07 0:00:00,3,3360.31,15,2856.26,3,Delivered,Wallet
O08146,C0056,P068,2025-06-28 0:00:00,5,5468.32,15,4648.07,11,Delivered,UPI
O08147,C0007,P054,2023-07-07 0:00:00,4,3059.48,20,2447.58,1,Returned,UPI
O08148,C0222,P060,2025-08-03 0:00:00,2,8795.86,5,8356.07,6,DELIVERED,Card
O08149,C0410,P021,2024-06-09 0:00:00,1,9848.79,15,8371.47,10,DELIVERED,COD
O08150,C0157,P059,2025-12-17 0:00:00,3,9079.23,0,9079.23,6,Returned,Wallet
O08151,C0275,P075,2025-08-12 0:00:00,1,8075.83,10,7268.25,10,Cancelled,COD
O08152,C0257,P003,2025-10-15 0:00:00,1,8693.25,5,8258.59,12,DELIVERED,Card
O08153,C0381,P028,2025-04-26 0:00:00,2,1584.61,0,1584.61,8,Delivered,UPI
O08154,C0126,P017,2023-08-12 0:00:00,1,3368.78,5,3200.34,3,DELIVERED,Card
O08155,C0368,P074,2024-11-02 0:00:00,1,3008.85,0,3008.85,4,delivered,Wallet
O08156,C0156,P053,2025-06-01 0:00:00,3,2325.95,15,1977.06,9,Delivered,Wallet
O08157,C0306,P007,2024-03-02 0:00:00,1,2815.31,10,2533.78,5,delivered,Card
O08158,C0019,P046,2025-08-27 0:00:00,1,2847.65,5,2705.27,12,delivered,UPI
O08159,C0391,P092,2025-04-25 0:00:00,4,2414.07,0,2414.07,11,Cancelled,Wallet
O08160,C0273,P017,2025-04-09 0:00:00,2,9366.13,20,7492.9,6,delivered,UPI
O08161,C0018,P086,2024-03-16 0:00:00,1,7222.69,0,7222.69,4,Returned,Wallet
O08162,C0346,P037,2023-01-16 0:00:00,5,7734.88,10,6961.39,4,DELIVERED,COD
O08163,C0206,P080,2025-12-01 0:00:00,4,3898.54,0,3898.54,11,delivered,Card
O08164,C0458,P009,2023-11-30 0:00:00,2,6285.77,20,5028.62,9,Returned,UPI
O08165,C0241,P090,2023-02-28 0:00:00,5,9710.93,20,7768.74,8,Delivered,Wallet
O08166,C0234,P076,2024-11-19 0:00:00,5,2275.74,15,1934.38,2,Cancelled,Wallet
O08167,C0224,P016,2023-11-13 0:00:00,5,3630.52,20,2904.42,7,Delivered,Wallet
O08168,C0160,P014,2024-12-08 0:00:00,4,7287,10,6558.3,5,Cancelled,COD
O08169,C0496,P077,2025-12-17 0:00:00,4,3216.68,15,2734.18,6,delivered,COD
O08170,C0259,P002,2023-07-14 0:00:00,5,1209.43,5,1148.96,2,delivered,Wallet
O08171,C0230,P025,2024-10-27 0:00:00,3,3841.73,10,3457.56,6,delivered,Wallet
O08172,C0490,P039,2026-03-15 0:00:00,3,831.59,15,706.85,12,Delivered,Card
O08173,C0074,P064,2024-09-29 0:00:00,1,894.35,15,760.2,6,Delivered,COD
O08174,C0035,P082,2023-12-31 0:00:00,3,4602.11,10,4141.9,4,Returned,UPI
O08175,C0079,P097,2024-06-06 0:00:00,2,5517.37,5,5241.5,2,Cancelled,Card
O08176,C0231,P005,2023-03-10 0:00:00,5,6031.37,15,5126.66,4,Returned,COD
O08177,C0348,P024,2023-10-26 0:00:00,1,1159.78,20,927.82,2,delivered,Wallet
O08178,C0178,P090,2023-06-22 0:00:00,4,1438.99,20,1151.19,3,Delivered,Wallet
O08179,C0287,P043,2025-11-04 0:00:00,4,7083.41,5,6729.24,2,delivered,UPI
O08180,C0103,P038,2023-02-28 0:00:00,2,2127.56,15,1808.43,1,Returned,Wallet
O08181,C0190,P040,2024-04-13 0:00:00,1,7428.51,20,5942.81,9,Cancelled,Card
O08182,C0055,P072,2025-08-09 0:00:00,4,9580.44,10,8622.4,12,delivered,UPI
O08183,C0222,P038,2023-11-29 0:00:00,4,7385.65,10,6647.09,8,Returned,COD
O08184,C0034,P063,2024-12-22 0:00:00,4,5724.48,0,5724.48,7,Returned,Wallet
O08185,C0026,P083,2023-04-19 0:00:00,5,1912.22,10,1721,10,delivered,Wallet
O08186,C0056,P014,2023-07-27 0:00:00,1,4227.11,0,4227.11,2,Cancelled,UPI
O08187,C0411,P061,2024-04-16 0:00:00,3,694.16,15,590.04,11,Cancelled,COD
O08188,C0238,P094,2023-01-08 0:00:00,5,968.28,5,919.87,11,delivered,UPI
O08189,C0322,P011,2025-05-02 0:00:00,4,9211.02,20,7368.82,1,delivered,UPI
O08190,C0471,P007,2025-07-13 0:00:00,4,1732.03,10,1558.83,2,Cancelled,UPI
O08191,C0486,P033,2023-05-16 0:00:00,5,4257.96,15,3619.27,12,Cancelled,Wallet
O08192,C0349,P096,2025-12-08 0:00:00,1,4348.63,20,3478.9,9,Returned,COD
O08193,C0462,P035,2025-11-04 0:00:00,3,3024.95,5,2873.7,1,Returned,Wallet
O08194,C0383,P038,2024-10-09 0:00:00,3,8595.63,5,8165.85,9,Delivered,Card
O08195,C0216,P057,2024-05-01 0:00:00,4,3634.02,5,3452.32,7,Delivered,COD
O08196,C0425,P070,2024-03-11 0:00:00,3,2133.53,10,1920.18,8,delivered,UPI
O08197,C0212,P067,2025-01-28 0:00:00,1,1937.46,20,1549.97,9,Delivered,Wallet
O08198,C0383,P089,2025-10-03 0:00:00,2,3333.08,20,2666.46,7,Cancelled,UPI
O08199,C0452,P071,2024-01-11 0:00:00,1,3244.88,15,2758.15,12,Cancelled,Card
O08200,C0316,P024,2025-12-22 0:00:00,3,2177.49,10,1959.74,6,Returned,Wallet
O08201,C0408,P027,2025-03-18 0:00:00,1,9155.05,10,8239.55,2,delivered,Wallet
O08202,C0051,P009,2024-06-10 0:00:00,2,3611.19,15,3069.51,3,Delivered,Wallet
O08203,C0212,P015,2024-12-11 0:00:00,3,9670.47,20,7736.38,3,DELIVERED,Wallet
O08204,C0481,P017,2025-08-25 0:00:00,1,8117,0,8117,7,DELIVERED,Wallet
O08205,C0216,P013,2023-08-20 0:00:00,2,2790.56,5,2651.03,1,Returned,Card
O08206,C0356,P086,2025-08-19 0:00:00,4,5760.17,10,5184.15,10,DELIVERED,Wallet
O08207,C0082,P031,2024-10-15 0:00:00,1,2103.42,5,1998.25,6,Returned,COD
O08208,C0497,P086,2025-11-22 0:00:00,3,6176.03,5,5867.23,4,DELIVERED,Wallet
O08209,C0383,P079,2025-12-05 0:00:00,1,4778.67,20,3822.94,7,Delivered,COD
O08210,C0220,P097,2023-04-16 0:00:00,3,3571.58,0,3571.58,10,DELIVERED,Wallet
O08211,C0149,P024,2024-07-04 0:00:00,3,9157.09,0,9157.09,1,delivered,COD
O08212,C0298,P027,2024-02-14 0:00:00,5,2967.91,10,2671.12,10,delivered,COD
O08213,C0185,P025,2025-11-05 0:00:00,4,1378.16,15,1171.44,12,DELIVERED,Wallet
O08214,C0380,P058,2025-08-09 0:00:00,5,8046.49,0,8046.49,5,delivered,Wallet
O08215,C0447,P018,2025-10-15 0:00:00,5,9417.86,5,8946.97,10,Cancelled,UPI
O08216,C0146,P049,2024-06-09 0:00:00,3,504.08,0,504.08,11,Delivered,Wallet
O08217,C0222,P015,2025-11-08 0:00:00,4,6214.42,0,6214.42,4,Returned,COD
O08218,C0083,P015,2025-03-10 0:00:00,4,7604.04,5,7223.84,6,DELIVERED,Card
O08219,C0026,P068,2023-12-12 0:00:00,1,7080.46,0,7080.46,9,Returned,COD
O08220,C0483,P011,2023-10-08 0:00:00,3,6488.92,10,5840.03,12,Delivered,COD
O08221,C0288,P014,2025-08-26 0:00:00,5,8924.95,15,7586.21,4,Returned,Wallet
O08222,C0052,P060,2025-08-14 0:00:00,3,1901.33,15,1616.13,1,Delivered,Wallet
O08223,C0240,P008,2023-09-10 0:00:00,5,6612.25,10,5951.03,4,Returned,Card
O08224,C0209,P095,2024-11-25 0:00:00,4,2659.49,20,2127.59,12,Delivered,COD
O08225,C0366,P090,2026-03-17 0:00:00,2,4375.79,15,3719.42,7,Delivered,COD
O08226,C0401,P075,2023-12-07 0:00:00,3,7321.64,5,6955.56,1,Cancelled,Wallet
O08227,C0006,P038,2025-10-09 0:00:00,1,2273.83,10,2046.45,5,Cancelled,UPI
O08228,C0225,P032,2024-11-06 0:00:00,5,9735.45,5,9248.68,1,DELIVERED,Wallet
O08229,C0131,P008,2025-08-23 0:00:00,1,646.18,15,549.25,12,Cancelled,Wallet
O08230,C0354,P020,2024-10-03 0:00:00,3,7704.21,10,6933.79,10,DELIVERED,Wallet
O08231,C0291,P041,2024-09-23 0:00:00,2,2845.18,20,2276.14,7,Cancelled,Wallet
O08232,C0314,P057,2025-05-14 0:00:00,1,547.62,5,520.24,11,DELIVERED,Wallet
O08233,C0353,P079,2024-11-23 0:00:00,3,2412.91,15,2050.97,6,Returned,Wallet
O08234,C0119,P039,2023-09-08 0:00:00,2,7021.22,15,5968.04,4,delivered,Wallet
O08235,C0012,P031,2025-08-02 0:00:00,2,3231.66,5,3070.08,8,DELIVERED,Card
O08236,C0183,P030,2023-05-13 0:00:00,4,8740.74,15,7429.63,8,Cancelled,Wallet
O08237,C0119,P031,2023-09-19 0:00:00,1,2293.62,10,2064.26,10,Cancelled,Wallet
O08238,C0319,P065,2024-07-29 0:00:00,4,9382.1,0,9382.1,4,Returned,UPI
O08239,C0410,P042,2025-09-11 0:00:00,1,4856.12,5,4613.31,3,DELIVERED,Wallet
O08240,C0325,P007,2025-02-11 0:00:00,1,8679.22,5,8245.26,7,delivered,Wallet
O08241,C0180,P035,2023-12-19 0:00:00,5,1523.92,20,1219.14,3,Delivered,Wallet
O08242,C0410,P081,2025-03-19 0:00:00,1,6299.26,20,5039.41,10,Delivered,UPI
O08243,C0174,P099,2023-01-14 0:00:00,4,5703.28,10,5132.95,4,Cancelled,UPI
O08244,C0017,P059,2024-12-20 0:00:00,4,4804.8,5,4564.56,3,Delivered,UPI
O08245,C0303,P054,2026-02-14 0:00:00,2,3349.48,15,2847.06,8,Delivered,UPI
O08246,C0051,P063,2024-03-31 0:00:00,2,2270.66,5,2157.13,1,delivered,Wallet
O08247,C0108,P009,2023-10-20 0:00:00,1,3532.2,10,3178.98,5,DELIVERED,Wallet
O08248,C0004,P039,2024-05-14 0:00:00,4,2877.09,0,2877.09,5,Cancelled,Wallet
O08249,C0271,P060,2024-04-04 0:00:00,1,8746.3,0,8746.3,6,Cancelled,UPI
O08250,C0414,P011,2024-02-18 0:00:00,4,7130.1,5,6773.6,6,Delivered,UPI
O08251,C0096,P058,2026-03-03 0:00:00,3,4897.01,5,4652.16,4,Delivered,Wallet
O08252,C0215,P018,2026-04-02 0:00:00,2,2654.27,0,2654.27,2,Cancelled,Wallet
O08253,C0148,P038,2023-09-22 0:00:00,1,6761.9,10,6085.71,2,delivered,Card
O08254,C0208,P007,2023-10-16 0:00:00,3,8231.14,5,7819.58,6,delivered,Card
O08255,C0487,P068,2025-09-10 0:00:00,3,8885.17,15,7552.39,7,Returned,Card
O08256,C0118,P060,2023-04-22 0:00:00,4,1313.22,10,1181.9,2,delivered,COD
O08257,C0376,P003,2026-02-18 0:00:00,5,4791.91,20,3833.53,9,Cancelled,Wallet
O08258,C0317,P084,2024-04-03 0:00:00,3,1451.16,20,1160.93,8,Returned,Card
O08259,C0452,P077,2026-04-15 0:00:00,4,6162.91,20,4930.33,12,DELIVERED,Wallet
O08260,C0084,P016,2023-05-07 0:00:00,2,783.34,0,783.34,6,DELIVERED,Wallet
O08261,C0324,P012,2024-05-11 0:00:00,1,1626.7,10,1464.03,9,Returned,Wallet
O08262,C0351,P085,2024-08-14 0:00:00,2,2816.38,5,2675.56,4,Returned,Card
O08263,C0101,P063,2023-08-17 0:00:00,2,8028.49,5,7627.07,10,Delivered,COD
O08264,C0471,P043,2023-08-04 0:00:00,1,4915.85,5,4670.06,9,Delivered,Card
O08265,C0379,P035,2023-02-22 0:00:00,1,9402.64,0,9402.64,1,delivered,Wallet
O08266,C0271,P072,2023-02-11 0:00:00,4,7659.17,15,6510.29,2,Cancelled,Wallet
O08267,C0156,P083,2025-11-15 0:00:00,1,3127.39,20,2501.91,2,delivered,UPI
O08268,C0076,P033,2024-08-11 0:00:00,5,9079.63,0,9079.63,7,Delivered,Wallet
O08269,C0400,P054,2024-08-20 0:00:00,3,7631.77,0,7631.77,7,Delivered,COD
O08270,C0419,P043,2025-03-01 0:00:00,1,6249.82,10,5624.84,12,Returned,UPI
O08271,C0115,P024,2024-03-31 0:00:00,1,6650.85,10,5985.77,6,Delivered,COD
O08272,C0331,P020,2023-11-17 0:00:00,5,2707.18,5,2571.82,9,delivered,COD
O08273,C0245,P022,2025-05-28 0:00:00,5,8573.83,5,8145.14,12,delivered,COD
O08274,C0293,P013,2025-05-11 0:00:00,4,1489.48,20,1191.58,4,DELIVERED,Card
O08275,C0003,P070,2025-08-31 0:00:00,4,6902.83,15,5867.41,4,delivered,COD
O08276,C0007,P089,2023-12-05 0:00:00,1,2720.69,10,2448.62,1,DELIVERED,COD
O08277,C0490,P081,2025-02-20 0:00:00,1,4599.22,10,4139.3,12,Cancelled,Wallet
O08278,C0256,P091,2024-10-03 0:00:00,3,9487.45,15,8064.33,12,delivered,Card
O08279,C0167,P095,2024-11-11 0:00:00,5,1572.96,5,1494.31,7,Cancelled,COD
O08280,C0038,P095,2025-01-23 0:00:00,3,1530.64,20,1224.51,1,Returned,UPI
O08281,C0122,P007,2026-04-11 0:00:00,2,9315.2,5,8849.44,1,delivered,Card
O08282,C0494,P039,2025-01-26 0:00:00,5,2627.12,10,2364.41,5,Cancelled,Wallet
O08283,C0161,P071,2023-04-19 0:00:00,2,721.85,0,721.85,10,DELIVERED,Wallet
O08284,C0160,P053,2025-01-25 0:00:00,3,679.56,15,577.63,5,Delivered,COD
O08285,C0026,P002,2023-10-08 0:00:00,4,1393.19,20,1114.55,4,Returned,Wallet
O08286,C0065,P069,2024-06-30 0:00:00,2,9429.66,10,8486.69,11,DELIVERED,COD
O08287,C0418,P022,2025-11-20 0:00:00,3,7671.96,0,7671.96,11,delivered,Wallet
O08288,C0141,P035,2023-03-03 0:00:00,1,2364.24,15,2009.6,11,Delivered,UPI
O08289,C0478,P062,2025-08-28 0:00:00,1,534.88,10,481.39,10,Returned,UPI
O08290,C0193,P039,2024-09-09 0:00:00,2,9416.58,15,8004.09,10,delivered,Card
O08291,C0268,P078,2023-12-14 0:00:00,1,8322.51,20,6658.01,11,Returned,Wallet
O08292,C0120,P038,2025-10-21 0:00:00,5,5123.02,15,4354.57,10,DELIVERED,Wallet
O08293,C0065,P017,2024-02-13 0:00:00,4,9691.98,5,9207.38,8,Delivered,COD
O08294,C0235,P076,2024-08-08 0:00:00,2,7848.06,15,6670.85,12,Returned,UPI
O08295,C0019,P010,2025-01-25 0:00:00,3,4843.7,20,3874.96,1,DELIVERED,COD
O08296,C0252,P031,2025-09-03 0:00:00,4,3917.87,5,3721.98,6,Returned,Wallet
O08297,C0411,P001,2024-04-01 0:00:00,3,5354.62,0,5354.62,3,delivered,Wallet
O08298,C0397,P074,2025-02-26 0:00:00,4,8590.68,0,8590.68,9,Delivered,Wallet
O08299,C0453,P018,2025-02-03 0:00:00,5,7378.92,5,7009.97,11,Delivered,Wallet
O08300,C0092,P019,2024-01-13 0:00:00,1,7974.5,10,7177.05,3,delivered,Card
O08301,C0147,P019,2025-03-16 0:00:00,4,8900.53,0,8900.53,6,Returned,Wallet
O08302,C0295,P081,2023-06-13 0:00:00,5,7903.83,5,7508.64,10,delivered,COD
O08303,C0332,P097,2023-03-19 0:00:00,2,2478.61,20,1982.89,10,Cancelled,UPI
O08304,C0248,P019,2025-06-16 0:00:00,5,3071.62,10,2764.46,12,Returned,COD
O08305,C0108,P085,2024-08-18 0:00:00,4,2370.48,5,2251.96,12,Returned,COD
O08306,C0120,P027,2023-04-10 0:00:00,4,7124.35,0,7124.35,8,Returned,Card
O08307,C0109,P021,2025-09-21 0:00:00,1,2806.42,15,2385.46,9,DELIVERED,UPI
O08308,C0443,P095,2025-09-05 0:00:00,2,9763.92,15,8299.33,11,DELIVERED,Card
O08309,C0445,P081,2025-07-03 0:00:00,3,1316.11,20,1052.89,6,Cancelled,COD
O08310,C0206,P034,2024-11-28 0:00:00,1,4051.05,0,4051.05,9,Returned,Wallet
O08311,C0244,P053,2024-05-18 0:00:00,2,1316.65,10,1184.99,2,Returned,Wallet
O08312,C0155,P002,2024-04-01 0:00:00,1,5742.32,20,4593.86,6,Delivered,Card
O08313,C0303,P078,2025-01-08 0:00:00,2,9779.72,5,9290.73,6,delivered,Wallet
O08314,C0002,P082,2025-05-05 0:00:00,4,2219.98,10,1997.98,1,DELIVERED,Card
O08315,C0252,P032,2025-04-29 0:00:00,1,6259.49,5,5946.52,10,Cancelled,UPI
O08316,C0413,P003,2023-07-24 0:00:00,4,8130.18,0,8130.18,12,Delivered,Card
O08317,C0082,P032,2024-12-27 0:00:00,1,2627.59,5,2496.21,11,DELIVERED,Card
O08318,C0360,P043,2025-03-28 0:00:00,2,7036.15,10,6332.53,7,Delivered,Card
O08319,C0042,P051,2024-03-27 0:00:00,4,5017.94,10,4516.15,3,Returned,Card
O08320,C0489,P030,2025-09-25 0:00:00,3,3485.43,15,2962.62,3,delivered,COD
O08321,C0378,P090,2023-04-12 0:00:00,5,8258.86,5,7845.92,12,Returned,Wallet
O08322,C0444,P011,2023-01-09 0:00:00,4,7129.15,15,6059.78,10,DELIVERED,UPI
O08323,C0480,P068,2023-06-08 0:00:00,3,6484.93,15,5512.19,1,Cancelled,COD
O08324,C0273,P047,2023-05-10 0:00:00,2,7067.48,10,6360.73,11,DELIVERED,Card
O08325,C0335,P048,2024-05-01 0:00:00,2,1088.69,20,870.95,4,DELIVERED,Card
O08326,C0164,P022,2025-12-26 0:00:00,3,6574.86,10,5917.37,-1,Delivered,UPI
O08327,C0488,P081,2024-10-04 0:00:00,4,2998.79,20,2399.03,2,Cancelled,Wallet
O08328,C0319,P084,2025-03-30 0:00:00,5,6028.26,5,5726.85,12,DELIVERED,Wallet
O08329,C0317,P084,2026-02-26 0:00:00,2,9518.31,20,7614.65,9,Returned,Wallet
O08330,C0292,P093,2024-01-30 0:00:00,5,603.04,5,572.89,7,Delivered,UPI
O08331,C0379,P037,2024-07-11 0:00:00,3,3457.45,15,2938.83,3,DELIVERED,Card
O08332,C0457,P025,2023-11-13 0:00:00,5,2194.03,20,1755.22,9,DELIVERED,COD
O08333,C0495,P077,2023-05-15 0:00:00,1,8310.81,15,7064.19,12,Cancelled,Wallet
O08334,C0058,P031,2025-06-07 0:00:00,2,8497.97,5,8073.07,3,Returned,UPI
O08335,C0301,P052,2024-04-13 0:00:00,5,4243.41,0,4243.41,3,Delivered,Wallet
O08336,C0425,P008,2024-08-28 0:00:00,3,8527.86,0,8527.86,5,Delivered,Card
O08337,C0003,P086,2025-09-26 0:00:00,3,9819.78,0,9819.78,7,Delivered,Card
O08338,C0153,P003,2024-06-20 0:00:00,4,5034.81,20,4027.85,7,Cancelled,UPI
O08339,C0484,P055,2025-04-07 0:00:00,3,8329.36,5,7912.89,9,DELIVERED,Wallet
O08340,C0138,P032,2023-01-29 0:00:00,5,4476.55,10,4028.9,11,Delivered,Card
O08341,C0337,P042,2024-05-29 0:00:00,2,4182.54,10,3764.29,4,delivered,UPI
O08342,C0178,P097,2023-03-24 0:00:00,5,4975.16,0,4975.16,11,Returned,Wallet
O08343,C0371,P048,2024-03-30 0:00:00,2,9100.11,0,9100.11,3,delivered,Card
O08344,C0325,P003,2025-10-16 0:00:00,3,582.75,20,466.2,5,DELIVERED,Wallet
O08345,C0072,P032,2023-10-26 0:00:00,2,5542.5,10,4988.25,7,DELIVERED,Card
O08346,C0072,P073,2023-08-19 0:00:00,5,5247.03,10,4722.33,1,delivered,Card
O08347,C0301,P024,2023-09-10 0:00:00,2,1942.56,15,1651.18,4,Returned,UPI
O08348,C0133,P028,2025-11-14 0:00:00,4,8098.63,20,6478.9,7,DELIVERED,COD
O08349,C0360,P031,2023-08-19 0:00:00,1,1818.86,20,1455.09,7,Returned,UPI
O08350,C0315,P058,2025-03-11 0:00:00,3,5330.68,5,5064.15,1,Returned,UPI
O08351,C0255,P061,2024-04-21 0:00:00,3,9414.91,5,8944.16,1,Delivered,Wallet
O08352,C0236,P047,2024-05-06 0:00:00,5,3709.73,20,2967.78,8,delivered,COD
O08353,C0483,P041,2024-05-14 0:00:00,5,6856.4,10,6170.76,10,delivered,Card
O08354,C0436,P093,2024-11-01 0:00:00,3,6954.01,5,6606.31,4,Delivered,Wallet
O08355,C0112,P094,2025-11-25 0:00:00,5,7632.87,10,6869.58,4,Returned,UPI
O08356,C0340,P023,2025-08-27 0:00:00,2,3577.39,10,3219.65,2,Returned,UPI
O08357,C0496,P053,2025-09-15 0:00:00,4,4087.82,10,3679.04,11,Returned,Wallet
O08358,C0183,P092,2024-10-09 0:00:00,5,6176.75,15,5250.24,9,Delivered,Card
O08359,C0271,P092,2024-02-22 0:00:00,4,7782.96,0,7782.96,2,Cancelled,UPI
O08360,C0255,P002,2024-10-18 0:00:00,4,9883.96,5,9389.76,12,DELIVERED,COD
O08361,C0321,P012,2024-07-23 0:00:00,3,4390.62,10,3951.56,5,delivered,Card
O08362,C0157,P016,2024-04-05 0:00:00,5,4471.59,10,4024.43,10,Returned,Card
O08363,C0018,P011,2023-01-19 0:00:00,2,8106.45,20,6485.16,12,Delivered,UPI
O08364,C0158,P094,2023-12-16 0:00:00,5,736.17,0,736.17,12,Returned,UPI
O08365,C0500,P005,2025-12-16 0:00:00,4,3397.96,10,3058.16,12,Delivered,UPI
O08366,C0252,P019,2025-03-27 0:00:00,4,7152.52,10,6437.27,10,delivered,COD
O08367,C0082,P038,2025-10-08 0:00:00,3,3893.8,15,3309.73,9,Cancelled,Wallet
O08368,C0183,P076,2025-10-18 0:00:00,2,7057.7,10,6351.93,5,delivered,Card
O08369,C0012,P003,2023-10-14 0:00:00,1,4020.06,0,4020.06,7,Cancelled,Wallet
O08370,C0222,P095,2023-09-06 0:00:00,3,6908.31,15,5872.06,8,Returned,Card
O08371,C0229,P044,2024-12-12 0:00:00,1,1760.08,15,1496.07,8,DELIVERED,Wallet
O08372,C0306,P025,2025-02-23 0:00:00,5,8629.01,5,8197.56,11,Cancelled,Wallet
O08373,C0172,P023,2023-10-04 0:00:00,1,1370.14,5,1301.63,4,Returned,Card
O08374,C0244,P082,2026-04-12 0:00:00,5,4279.03,20,3423.22,9,delivered,Wallet
O08375,C0325,P017,2025-09-06 0:00:00,3,6260.11,5,5947.1,8,DELIVERED,UPI
O08376,C0074,P003,2025-08-24 0:00:00,2,1238.96,10,1115.06,7,Delivered,Card
O08377,C0499,P086,2026-02-08 0:00:00,5,5932.02,10,5338.82,8,DELIVERED,COD
O08378,C0315,P028,2024-07-14 0:00:00,1,4717.77,10,4245.99,4,Delivered,UPI
O08379,C0355,P024,2026-01-17 0:00:00,2,9522.73,15,8094.32,7,DELIVERED,UPI
O08380,C0443,P001,2025-03-24 0:00:00,4,5947.08,15,5055.02,12,DELIVERED,Wallet
O08381,C0115,P061,2024-10-08 0:00:00,3,551.2,10,496.08,1,Delivered,UPI
O08382,C0143,P062,2025-11-07 0:00:00,4,500.66,10,450.59,1,Cancelled,UPI
O08383,C0122,P047,2025-09-28 0:00:00,2,2705.59,5,2570.31,12,Cancelled,Wallet
O08384,C0109,P097,2026-04-02 0:00:00,3,4621.55,5,4390.47,6,Returned,UPI
O08385,C0225,P033,2023-07-17 0:00:00,5,3470.99,15,2950.34,12,Cancelled,Wallet
O08386,C0202,P016,2024-11-19 0:00:00,4,5135.7,10,4622.13,10,Delivered,Wallet
O08387,C0187,P095,2026-01-02 0:00:00,1,664.97,0,664.97,4,delivered,COD
O08388,C0018,P093,2025-07-03 0:00:00,1,517.91,15,440.22,8,Cancelled,UPI
O08389,C0114,P003,2023-03-06 0:00:00,2,9080.8,10,8172.72,6,Cancelled,Card
O08390,C0079,P095,2023-06-24 0:00:00,3,1332.66,5,1266.03,11,delivered,Wallet
O08391,C0124,P068,2023-04-23 0:00:00,1,2834.63,0,2834.63,5,Delivered,Wallet
O08392,C0395,P025,2025-07-18 0:00:00,1,5631.61,15,4786.87,6,DELIVERED,UPI
O08393,C0497,P055,2025-06-18 0:00:00,2,7388.43,0,7388.43,3,DELIVERED,COD
O08394,C0132,P017,2023-03-02 0:00:00,5,4166.51,20,3333.21,11,Cancelled,Card
O08395,C0475,P004,2023-11-26 0:00:00,3,5592.18,15,4753.35,11,Returned,Card
O08396,C0077,P020,2023-02-14 0:00:00,3,9769.04,15,8303.68,6,DELIVERED,Card
O08397,C0090,P046,2023-07-29 0:00:00,5,3227.45,20,2581.96,1,DELIVERED,Wallet
O08398,C0153,P053,2025-07-25 0:00:00,1,4219.5,0,4219.5,12,delivered,Card
O08399,C0280,P047,2023-03-18 0:00:00,5,643.17,10,578.85,2,Cancelled,UPI
O08400,C0177,P009,2024-06-16 0:00:00,1,2470.49,5,2346.97,11,Cancelled,Card
O08401,C0142,P069,2026-02-09 0:00:00,3,3260.77,15,2771.65,9,DELIVERED,COD
O08402,C0423,P030,2024-08-04 0:00:00,4,4386.18,0,4386.18,10,Returned,Wallet
O08403,C0056,P091,2025-09-04 0:00:00,4,2513.28,0,2513.28,3,Cancelled,UPI
O08404,C0156,P093,2023-06-21 0:00:00,4,8357.85,5,7939.96,7,Cancelled,Card
O08405,C0415,P066,2024-11-03 0:00:00,2,3920.57,0,3920.57,9,Delivered,UPI
O08406,C0314,P012,2023-01-21 0:00:00,5,2223.94,20,1779.15,1,Delivered,UPI
O08407,C0342,P014,2026-04-08 0:00:00,2,4095.35,20,3276.28,1,Delivered,Wallet
O08408,C0127,P040,2023-01-01 0:00:00,2,5890.7,10,5301.63,9,delivered,Wallet
O08409,C0428,P009,2025-12-27 0:00:00,1,4522.75,0,4522.75,8,Cancelled,Card
O08410,C0347,P048,2026-01-21 0:00:00,5,5119.31,5,4863.34,1,Returned,Card
O08411,C0393,P076,2024-08-05 0:00:00,1,2128.65,10,1915.79,11,delivered,Wallet
O08412,C0304,P094,2025-11-11 0:00:00,4,3259.87,5,3096.88,8,delivered,UPI
O08413,C0105,P066,2023-11-25 0:00:00,3,8638.4,5,8206.48,6,delivered,Card
O08414,C0112,P071,2025-02-25 0:00:00,2,1360.54,0,1360.54,10,Returned,Card
O08415,C0052,P009,2024-08-12 0:00:00,2,4274.05,5,4060.35,7,delivered,Wallet
O08416,C0230,P072,2026-01-17 0:00:00,1,3186.85,10,2868.16,10,delivered,Card
O08417,C0479,P083,2024-06-10 0:00:00,3,3722.33,5,3536.21,9,DELIVERED,COD
O08418,C0172,P051,2024-02-13 0:00:00,4,6196.92,10,5577.23,4,DELIVERED,Wallet
O08419,C0030,P014,2025-08-24 0:00:00,1,8228.89,15,6994.56,9,Cancelled,UPI
O08420,C0188,P034,2023-03-23 0:00:00,1,9635.65,15,8190.3,7,Cancelled,COD
O08421,C0156,P100,2023-06-20 0:00:00,1,991.65,5,942.07,12,DELIVERED,UPI
O08422,C0364,P003,2024-10-12 0:00:00,4,4808.22,10,4327.4,2,DELIVERED,Card
O08423,C0260,P030,2024-06-18 0:00:00,3,7560.76,0,7560.76,2,Returned,Wallet
O08424,C0368,P070,2023-03-28 0:00:00,5,5943.53,5,5646.35,1,Cancelled,Wallet
O08425,C0313,P081,2023-06-25 0:00:00,5,8743.66,20,6994.93,6,Returned,Card
O08426,C0223,P076,2025-05-28 0:00:00,5,6096.26,5,5791.45,8,Delivered,Card
O08427,C0221,P020,2025-04-18 0:00:00,5,8764.17,10,7887.75,9,DELIVERED,Wallet
O08428,C0027,P009,2025-12-25 0:00:00,1,7352.49,0,7352.49,11,Cancelled,UPI
O08429,C0388,P080,2023-01-27 0:00:00,3,622.59,10,560.33,12,Cancelled,Wallet
O08430,C0012,P088,2025-08-08 0:00:00,4,1150.44,0,1150.44,5,Cancelled,Wallet
O08431,C0068,P051,2024-01-27 0:00:00,1,2698.34,15,2293.59,9,Cancelled,COD
O08432,C0497,P045,2023-03-30 0:00:00,4,8011.33,15,6809.63,11,Cancelled,COD
O08433,C0378,P032,2026-01-17 0:00:00,4,4636.24,0,4636.24,10,delivered,COD
O08434,C0290,P057,2023-05-06 0:00:00,5,2680.46,0,2680.46,5,Cancelled,UPI
O08435,C0053,P059,2023-06-08 0:00:00,5,6076.45,10,5468.81,2,DELIVERED,COD
O08436,C0164,P081,2025-04-08 0:00:00,1,8797.11,10,7917.4,8,Cancelled,Card
O08437,C0198,P001,2024-01-09 0:00:00,1,7439.51,0,7439.51,7,Cancelled,Wallet
O08438,C0019,P080,2025-11-17 0:00:00,1,6975.41,15,5929.1,5,DELIVERED,Wallet
O08439,C0153,P072,2023-09-07 0:00:00,5,8766.43,0,8766.43,4,Delivered,UPI
O08440,C0097,P015,2025-09-01 0:00:00,2,2317.93,10,2086.14,10,DELIVERED,Card
O08441,C0050,P011,2025-01-09 0:00:00,2,1383.53,10,1245.18,9,Cancelled,Wallet
O08442,C0341,P067,2024-11-30 0:00:00,1,9415.94,15,8003.55,8,delivered,Wallet
O08443,C0317,P049,2026-01-21 0:00:00,5,1881.28,20,1505.02,4,delivered,COD
O08444,C0112,P009,2023-07-09 0:00:00,5,1207.14,5,1146.78,2,DELIVERED,Wallet
O08445,C0143,P086,2024-01-12 0:00:00,2,3613.55,20,2890.84,4,Delivered,UPI
O08446,C0094,P069,2025-12-11 0:00:00,2,1400.01,20,1120.01,12,delivered,Wallet
O08447,C0023,P083,2024-10-17 0:00:00,1,2963.85,10,2667.47,8,DELIVERED,Card
O08448,C0184,P084,2024-08-23 0:00:00,2,2187.7,5,2078.31,12,delivered,Card
O08449,C0090,P008,2025-08-13 0:00:00,3,3273.95,5,3110.25,3,Returned,UPI
O08450,C0286,P089,2024-07-06 0:00:00,1,3638.1,0,3638.1,10,Delivered,Wallet
O08451,C0206,P075,2024-05-15 0:00:00,1,4350.63,15,3698.04,4,DELIVERED,UPI
O08452,C0415,P028,2024-08-14 0:00:00,1,4908.53,20,3926.82,6,delivered,COD
O08453,C0148,P086,2023-01-13 0:00:00,4,5034.84,20,4027.87,6,Returned,COD
O08454,C0101,P063,2026-02-11 0:00:00,4,1407.49,10,1266.74,7,Delivered,UPI
O08455,C0117,P002,2023-01-11 0:00:00,5,5102.08,0,5102.08,2,Cancelled,Card
O08456,C0090,P083,2026-03-20 0:00:00,3,836.57,15,711.08,2,delivered,Wallet
O08457,C0057,P070,2023-08-16 0:00:00,2,6995.61,5,6645.83,7,DELIVERED,Wallet
O08458,C0104,P060,2025-12-22 0:00:00,5,4934.1,15,4193.99,3,Returned,COD
O08459,C0325,P040,2025-08-01 0:00:00,1,4802.45,20,3841.96,11,DELIVERED,COD
O08460,C0355,P089,2024-10-02 0:00:00,2,2372.19,0,2372.19,4,Delivered,UPI
O08461,C0404,P014,2023-08-27 0:00:00,2,2662.27,20,2129.82,-2,delivered,COD
O08462,C0352,P065,2023-11-06 0:00:00,5,2740.06,0,2740.06,6,delivered,UPI
O08463,C0283,P070,2023-01-01 0:00:00,2,8709.18,10,7838.26,1,Returned,Wallet
O08464,C0308,P091,2024-04-08 0:00:00,5,3763.77,0,3763.77,6,DELIVERED,Wallet
O08465,C0051,P039,2024-12-18 0:00:00,1,7253.08,0,7253.08,12,delivered,Wallet
O08466,C0248,P095,2024-09-20 0:00:00,4,606.75,20,485.4,2,DELIVERED,Wallet
O08467,C0171,P023,2023-10-12 0:00:00,1,9299.69,10,8369.72,12,DELIVERED,Wallet
O08468,C0227,P052,2024-04-14 0:00:00,5,3007.79,20,2406.23,10,Returned,UPI
O08469,C0043,P089,2025-05-06 0:00:00,4,782.95,15,665.51,5,DELIVERED,Wallet
O08470,C0179,P007,2025-05-05 0:00:00,4,751.63,0,751.63,10,delivered,COD
O08471,C0171,P029,2023-02-23 0:00:00,3,1546.74,15,1314.73,11,DELIVERED,COD
O08472,C0480,P088,2023-05-10 0:00:00,3,4183.06,10,3764.75,9,Returned,Wallet
O08473,C0102,P041,2023-01-18 0:00:00,2,8490.17,10,7641.15,4,Returned,COD
O08474,C0464,P066,2023-07-24 0:00:00,1,8762.29,5,8324.18,5,Cancelled,Card
O08475,C0468,P004,2024-11-26 0:00:00,4,7578.83,20,6063.06,3,Cancelled,Wallet
O08476,C0378,P025,2023-10-27 0:00:00,1,3668.23,20,2934.58,12,Delivered,Wallet
O08477,C0106,P081,2025-12-23 0:00:00,4,7792.53,15,6623.65,7,delivered,COD
O08478,C0327,P051,2023-07-07 0:00:00,4,6191.22,5,5881.66,8,Returned,Wallet
O08479,C0443,P015,2023-02-14 0:00:00,4,8033.08,0,8033.08,10,delivered,UPI
O08480,C0302,P075,2024-04-21 0:00:00,5,5244.49,10,4720.04,9,Cancelled,COD
O08481,C0273,P041,2025-07-24 0:00:00,1,901.26,5,856.2,1,Returned,Wallet
O08482,C0010,P066,2025-02-11 0:00:00,2,3510.03,10,3159.03,3,DELIVERED,Card
O08483,C0025,P024,2024-12-25 0:00:00,1,4813.66,10,4332.29,7,Cancelled,Card
O08484,C0339,P081,2025-03-05 0:00:00,4,8377.49,0,8377.49,12,Returned,UPI
O08485,C0257,P048,2025-02-02 0:00:00,5,4659.38,15,3960.47,11,Cancelled,Wallet
O08486,C0383,P001,2025-12-05 0:00:00,5,8830.07,10,7947.06,5,DELIVERED,Card
O08487,C0065,P057,2023-10-29 0:00:00,2,5478.11,0,5478.11,9,Cancelled,UPI
O08488,C0317,P077,2025-06-12 0:00:00,4,3719.44,15,3161.52,12,Cancelled,Card
O08489,C0358,P080,2025-08-02 0:00:00,5,2192.52,10,1973.27,12,Returned,Wallet
O08490,C0251,P066,2023-11-28 0:00:00,5,9259.95,10,8333.96,9,DELIVERED,Wallet
O08491,C0152,P016,2025-01-02 0:00:00,5,4256.34,15,3617.89,12,DELIVERED,UPI
O08492,C0292,P049,2025-08-05 0:00:00,3,4990.71,15,4242.1,7,delivered,Wallet
O08493,C0171,P044,2023-05-16 0:00:00,5,1801.93,15,1531.64,6,DELIVERED,Wallet
O08494,C0103,P008,2024-12-08 0:00:00,3,6262.83,20,5010.26,5,delivered,Card
O08495,C0186,P088,2024-05-24 0:00:00,1,5645.07,5,5362.82,11,Delivered,COD
O08496,C0135,P070,2024-03-03 0:00:00,5,7356.14,15,6252.72,6,delivered,Wallet
O08497,C0253,P037,2023-12-22 0:00:00,5,922.4,15,784.04,2,DELIVERED,UPI
O08498,C0169,P086,2025-04-22 0:00:00,5,8653.64,15,7355.59,12,Cancelled,Wallet
O08499,C0065,P039,2023-04-04 0:00:00,1,8412.19,15,7150.36,12,Returned,Wallet
O08500,C0336,P100,2026-02-28 0:00:00,3,5411.45,0,5411.45,4,delivered,COD
O08501,C0025,P039,2024-09-18 0:00:00,4,2969.27,20,2375.42,1,Delivered,Wallet
O08502,C0019,P025,2023-01-17 0:00:00,3,6506.59,0,6506.59,7,Cancelled,Wallet
O08503,C0270,P052,2023-06-19 0:00:00,5,3418.24,15,2905.5,5,DELIVERED,Wallet
O08504,C0150,P004,2024-06-09 0:00:00,3,5680.76,15,4828.65,4,Returned,Wallet
O08505,C0037,P026,2025-08-30 0:00:00,5,9288.49,5,8824.07,5,Delivered,Wallet
O08506,C0421,P007,2023-06-29 0:00:00,5,4970.98,5,4722.43,4,DELIVERED,UPI
O08507,C0355,P006,2025-03-06 0:00:00,1,5310.33,15,4513.78,7,Returned,Card
O08508,C0427,P083,2025-03-28 0:00:00,1,5001.11,15,4250.94,5,Cancelled,UPI
O08509,C0177,P005,2023-05-06 0:00:00,3,8841.47,10,7957.32,1,Returned,UPI
O08510,C0215,P001,2025-03-28 0:00:00,1,9592.85,0,9592.85,3,delivered,UPI
O08511,C0427,P069,2026-02-16 0:00:00,1,1655.35,20,1324.28,4,Cancelled,UPI
O08512,C0126,P020,2025-04-17 0:00:00,5,881.25,0,881.25,3,Cancelled,Card
O08513,C0321,P034,2023-03-10 0:00:00,3,3817.16,10,3435.44,11,Cancelled,Wallet
O08514,C0065,P002,2023-12-08 0:00:00,3,8140.58,10,7326.52,3,Delivered,Card
O08515,C0242,P053,2024-06-20 0:00:00,5,6608.08,10,5947.27,1,delivered,COD
O08516,C0473,P083,2025-11-09 0:00:00,5,2553.83,10,2298.45,2,delivered,Wallet
O08517,C0157,P040,2023-06-24 0:00:00,1,1680.94,10,1512.85,8,Cancelled,Wallet
O08518,C0157,P087,2025-11-25 0:00:00,2,1611.78,10,1450.6,9,DELIVERED,Wallet
O08519,C0494,P094,2023-07-20 0:00:00,1,4550.27,20,3640.22,7,Cancelled,COD
O08520,C0205,P069,2023-05-12 0:00:00,4,5755.12,5,5467.36,11,DELIVERED,UPI
O08521,C0152,P043,2025-07-21 0:00:00,3,3619.83,0,3619.83,11,Delivered,UPI
O08522,C0329,P030,2025-07-26 0:00:00,3,6908.23,0,6908.23,4,DELIVERED,Wallet
O08523,C0359,P010,2024-04-13 0:00:00,1,1480.48,5,1406.46,7,Delivered,Wallet
O08524,C0047,P054,2023-02-28 0:00:00,5,2496.46,10,2246.81,1,Delivered,Wallet
O08525,C0190,P074,2024-08-31 0:00:00,1,6776.16,20,5420.93,12,delivered,COD
O08526,C0231,P002,2024-09-07 0:00:00,2,3586.59,5,3407.26,4,delivered,UPI
O08527,C0334,P085,2024-07-28 0:00:00,4,3896.24,20,3116.99,6,DELIVERED,UPI
O08528,C0311,P020,2025-11-27 0:00:00,5,9924.98,20,7939.98,9,delivered,UPI
O08529,C0353,P093,2025-05-22 0:00:00,3,8072.53,20,6458.02,11,delivered,UPI
O08530,C0337,P044,2023-08-21 0:00:00,5,2735.49,15,2325.17,3,Returned,Wallet
O08531,C0419,P076,2023-06-10 0:00:00,2,2337.49,20,1869.99,5,Delivered,Card
O08532,C0304,P029,2025-01-23 0:00:00,4,2635.51,20,2108.41,5,DELIVERED,COD
O08533,C0443,P041,2024-08-17 0:00:00,5,6381.05,15,5423.89,6,DELIVERED,Card
O08534,C0373,P035,2023-03-03 0:00:00,5,5692.43,5,5407.81,11,Returned,UPI
O08535,C0165,P063,2024-09-17 0:00:00,4,817.45,20,653.96,10,delivered,Wallet
O08536,C0226,P046,2026-04-03 0:00:00,2,4566.27,20,3653.02,3,Returned,Wallet
O08537,C0391,P009,2023-04-03 0:00:00,4,5482.1,0,5482.1,9,DELIVERED,UPI
O08538,C0298,P080,2024-03-24 0:00:00,2,1535.22,15,1304.94,3,delivered,Wallet
O08539,C0249,P022,2024-04-04 0:00:00,4,7555.24,5,7177.48,9,Cancelled,Card
O08540,C0148,P083,2026-01-20 0:00:00,4,1925.18,10,1732.66,9,Delivered,UPI
O08541,C0236,P029,2025-12-24 0:00:00,3,8511.2,15,7234.52,12,Cancelled,Wallet
O08542,C0161,P013,2023-09-10 0:00:00,5,782.52,0,782.52,5,DELIVERED,Card
O08543,C0226,P096,2023-06-23 0:00:00,3,4894.4,0,4894.4,12,Delivered,UPI
O08544,C0175,P085,2023-10-01 0:00:00,1,7707.58,0,7707.58,4,Cancelled,COD
O08545,C0066,P036,2024-09-18 0:00:00,1,4906.07,5,4660.77,4,Returned,Wallet
O08546,C0368,P087,2023-03-27 0:00:00,5,9904.03,5,9408.83,1,delivered,Wallet
O08547,C0279,P024,2025-10-29 0:00:00,5,3376.52,10,3038.87,12,Delivered,COD
O08548,C0086,P061,2023-03-05 0:00:00,4,6476.05,15,5504.64,12,Delivered,Wallet
O08549,C0059,P063,2023-09-26 0:00:00,5,1608.65,20,1286.92,3,Returned,Card
O08550,C0259,P097,2024-07-13 0:00:00,4,519.49,20,415.59,9,DELIVERED,Wallet
O08551,C0100,P026,2023-10-02 0:00:00,4,6065.67,20,4852.54,8,delivered,UPI
O08552,C0016,P060,2023-11-25 0:00:00,4,8579.6,10,7721.64,9,Cancelled,COD
O08553,C0293,P028,2023-09-19 0:00:00,2,3690.82,20,2952.66,7,Returned,Wallet
O08554,C0071,P007,2024-11-08 0:00:00,3,9578.8,5,9099.86,5,Delivered,Card
O08555,C0022,P072,2024-03-07 0:00:00,3,1025.94,20,820.75,6,DELIVERED,COD
O08556,C0007,P078,2024-01-03 0:00:00,1,2361.79,15,2007.52,6,Cancelled,Wallet
O08557,C0191,P011,2025-01-20 0:00:00,2,3758.26,5,3570.35,8,DELIVERED,UPI
O08558,C0478,P088,2025-11-04 0:00:00,5,9310.39,5,8844.87,3,Cancelled,UPI
O08559,C0046,P028,2026-03-30 0:00:00,1,1856.49,5,1763.67,11,Returned,Card
O08560,C0366,P057,2024-07-27 0:00:00,2,1972.25,5,1873.64,9,DELIVERED,COD
O08561,C0334,P088,2023-01-06 0:00:00,1,9333.37,5,8866.7,7,Cancelled,Wallet
O08562,C0149,P037,2023-09-18 0:00:00,4,4578.31,15,3891.56,7,Delivered,Wallet
O08563,C0190,P087,2026-03-18 0:00:00,1,5190.44,0,5190.44,11,Returned,Card
O08564,C0299,P065,2024-10-09 0:00:00,2,9129.42,0,9129.42,10,Delivered,UPI
O08565,C0103,P010,2023-07-27 0:00:00,5,7526.78,0,7526.78,3,delivered,Wallet
O08566,C0497,P077,2024-07-29 0:00:00,2,3857.73,15,3279.07,9,Cancelled,Wallet
O08567,C0232,P041,2023-05-10 0:00:00,4,3401.96,10,3061.76,6,Returned,COD
O08568,C0325,P041,2023-01-19 0:00:00,2,2917.91,10,2626.12,3,Returned,COD
O08569,C0231,P089,2025-02-04 0:00:00,1,1253.75,10,1128.38,5,Delivered,COD
O08570,C0175,P039,2023-11-09 0:00:00,4,9213.07,10,8291.76,3,delivered,Wallet
O08571,C0002,P022,2026-03-12 0:00:00,5,720.6,5,684.57,7,Cancelled,COD
O08572,C0355,P082,2026-02-09 0:00:00,5,731.26,10,658.13,7,Cancelled,Card
O08573,C0282,P078,2025-07-19 0:00:00,2,7706.78,5,7321.44,9,Cancelled,UPI
O08574,C0499,P026,2023-03-21 0:00:00,1,992.17,20,793.74,7,delivered,Wallet
O08575,C0338,P072,2023-06-06 0:00:00,4,4533.92,10,4080.53,12,Returned,Wallet
O08576,C0337,P057,2023-11-21 0:00:00,5,3865.12,15,3285.35,2,Delivered,COD
O08577,C0285,P091,2025-01-01 0:00:00,5,4302.07,20,3441.66,4,DELIVERED,UPI
O08578,C0207,P055,2025-06-16 0:00:00,3,1466.88,20,1173.5,5,delivered,UPI
O08579,C0003,P068,2023-07-08 0:00:00,5,8226.88,0,8226.88,11,delivered,Wallet
O08580,C0042,P097,2023-09-07 0:00:00,2,8559.31,10,7703.38,1,Delivered,COD
O08581,C0062,P095,2023-05-14 0:00:00,4,9265.71,15,7875.85,11,Delivered,Wallet
O08582,C0332,P025,2024-04-04 0:00:00,3,5674.3,10,5106.87,10,Returned,UPI
O08583,C0208,P050,2026-04-08 0:00:00,2,2875.38,0,2875.38,8,Cancelled,COD
O08584,C0055,P004,2023-08-22 0:00:00,5,3011.14,0,3011.14,10,DELIVERED,COD
O08585,C0234,P085,2024-02-20 0:00:00,2,9233.75,15,7848.69,2,Delivered,COD
O08586,C0098,P065,2025-06-30 0:00:00,2,6898.92,0,6898.92,2,DELIVERED,UPI
O08587,C0453,P014,2025-09-13 0:00:00,5,2314.63,0,2314.63,12,delivered,COD
O08588,C0452,P062,2025-09-04 0:00:00,3,6814.07,20,5451.26,2,Cancelled,Card
O08589,C0414,P050,2023-12-31 0:00:00,1,4573.48,10,4116.13,2,DELIVERED,Wallet
O08590,C0314,P097,2025-08-26 0:00:00,3,2360.83,10,2124.75,8,delivered,Wallet
O08591,C0254,P020,2024-10-18 0:00:00,1,5267.82,20,4214.26,4,Returned,COD
O08592,C0103,P064,2024-10-08 0:00:00,4,1514.13,20,1211.3,9,Delivered,UPI
O08593,C0468,P022,2025-10-15 0:00:00,3,5759.89,0,5759.89,1,Delivered,Card
O08594,C0244,P051,2023-05-19 0:00:00,4,8799.85,15,7479.87,12,Delivered,COD
O08595,C0418,P045,2024-09-27 0:00:00,2,8234.63,5,7822.9,8,delivered,COD
O08596,C0061,P041,2023-12-19 0:00:00,3,4986,20,3988.8,1,Cancelled,UPI
O08597,C0111,P044,2025-11-19 0:00:00,4,3319.3,15,2821.41,10,Returned,Card
O08598,C0307,P015,2025-04-06 0:00:00,5,5105.8,20,4084.64,8,Cancelled,COD
O08599,C0009,P029,2024-01-02 0:00:00,5,6601.35,10,5941.22,6,delivered,UPI
O08600,C0290,P015,2024-06-06 0:00:00,2,2998.71,20,2398.97,12,delivered,Wallet
O08601,C0185,P077,2025-02-17 0:00:00,3,1718.29,10,1546.46,2,DELIVERED,COD
O08602,C0484,P028,2025-07-28 0:00:00,3,8960.94,20,7168.75,8,delivered,UPI
O08603,C0312,P089,2024-06-30 0:00:00,3,1586.83,20,1269.46,4,delivered,COD
O08604,C0269,P076,2023-05-01 0:00:00,1,5476.4,10,4928.76,5,Delivered,Wallet
O08605,C0254,P052,2023-09-16 0:00:00,1,4248.25,0,4248.25,12,DELIVERED,UPI
O08606,C0324,P007,2023-03-05 0:00:00,5,9989.8,20,7991.84,4,Returned,Card
O08607,C0458,P077,2023-12-31 0:00:00,4,2576.55,20,2061.24,9,DELIVERED,Wallet
O08608,C0035,P070,2023-12-10 0:00:00,1,8346.1,15,7094.19,3,DELIVERED,Wallet
O08609,C0063,P062,2024-11-04 0:00:00,1,8103.16,15,6887.69,12,delivered,Wallet
O08610,C0305,P006,2024-03-27 0:00:00,2,6284.14,20,5027.31,11,Cancelled,UPI
O08611,C0275,P022,2023-11-24 0:00:00,5,8806.09,5,8365.79,7,Returned,Wallet
O08612,C0173,P057,2023-08-10 0:00:00,2,9698.89,15,8244.06,10,Cancelled,Wallet
O08613,C0195,P040,2024-05-30 0:00:00,2,597.45,5,567.58,6,Delivered,COD
O08614,C0249,P040,2025-12-03 0:00:00,5,6147.64,20,4918.11,11,delivered,Wallet
O08615,C0350,P025,2023-07-19 0:00:00,4,3514.46,20,2811.57,11,Returned,Card
O08616,C0168,P091,2025-10-04 0:00:00,5,672.57,5,638.94,2,delivered,Card
O08617,C0438,P093,2025-02-12 0:00:00,1,5576.64,5,5297.81,2,delivered,Card
O08618,C0498,P009,2023-02-01 0:00:00,5,4956.74,10,4461.07,2,Returned,Wallet
O08619,C0209,P013,2023-05-11 0:00:00,2,1056.76,10,951.08,2,delivered,Card
O08620,C0424,P048,2025-09-06 0:00:00,4,9892.2,20,7913.76,12,Delivered,UPI
O08621,C0242,P014,2026-03-11 0:00:00,3,5664.7,20,4531.76,7,Cancelled,COD
O08622,C0085,P086,2025-04-12 0:00:00,2,6619.38,5,6288.41,1,Cancelled,Wallet
O08623,C0227,P093,2024-03-04 0:00:00,5,940.61,5,893.58,11,Returned,Wallet
O08624,C0035,P027,2025-07-24 0:00:00,4,4627.93,5,4396.53,10,DELIVERED,UPI
O08625,C0037,P085,2025-06-24 0:00:00,2,5678.76,5,5394.82,11,DELIVERED,Wallet
O08626,C0090,P017,2023-01-21 0:00:00,4,2527.32,10,2274.59,9,DELIVERED,Wallet
O08627,C0345,P004,2025-07-03 0:00:00,2,709.74,20,567.79,10,DELIVERED,Wallet
O08628,C0329,P028,2024-12-23 0:00:00,5,2178.02,0,2178.02,4,Cancelled,Wallet
O08629,C0010,P014,2024-07-08 0:00:00,2,795.14,0,795.14,10,Cancelled,Card
O08630,C0026,P067,2026-03-14 0:00:00,3,7545.51,5,7168.23,3,DELIVERED,Wallet
O08631,C0238,P037,2026-01-10 0:00:00,1,6341.94,0,6341.94,2,Returned,Wallet
O08632,C0485,P054,2025-09-11 0:00:00,4,1758.91,0,1758.91,9,delivered,Wallet
O08633,C0394,P048,2023-12-01 0:00:00,3,2767.23,20,2213.78,2,delivered,COD
O08634,C0448,P018,2026-03-16 0:00:00,5,5446.75,5,5174.41,1,Delivered,UPI
O08635,C0186,P009,2025-08-06 0:00:00,4,7297.39,15,6202.78,2,DELIVERED,Wallet
O08636,C0108,P088,2025-05-31 0:00:00,4,9686.27,5,9201.96,5,Cancelled,Wallet
O08637,C0150,P081,2025-06-02 0:00:00,3,4662.89,20,3730.31,11,DELIVERED,UPI
O08638,C0399,P090,2023-04-07 0:00:00,2,2783.24,0,2783.24,9,Delivered,COD
O08639,C0410,P051,2023-03-10 0:00:00,2,4757.7,15,4044.04,10,delivered,UPI
O08640,C0176,P053,2024-02-18 0:00:00,4,8342.43,10,7508.19,9,Returned,Wallet
O08641,C0302,P080,2023-09-09 0:00:00,2,8928.02,5,8481.62,3,Returned,COD
O08642,C0112,P032,2026-04-06 0:00:00,3,7072.96,15,6012.02,5,Cancelled,UPI
O08643,C0061,P078,2024-04-02 0:00:00,2,2824.67,5,2683.44,7,Cancelled,Wallet
O08644,C0446,P069,2023-04-08 0:00:00,1,4266.58,20,3413.26,8,Delivered,Wallet
O08645,C0336,P075,2026-03-13 0:00:00,4,8125.57,0,8125.57,7,delivered,COD
O08646,C0085,P034,2023-09-20 0:00:00,1,1020.42,10,918.38,11,Cancelled,COD
O08647,C0462,P038,2024-01-01 0:00:00,2,830.46,15,705.89,9,Cancelled,UPI
O08648,C0451,P052,2024-09-17 0:00:00,4,9348.97,0,9348.97,6,Returned,Wallet
O08649,C0212,P036,2025-12-26 0:00:00,4,7589.61,0,7589.61,4,Returned,Card
O08650,C0483,P002,2025-10-22 0:00:00,4,1292.51,15,1098.63,10,Returned,Wallet
O08651,C0285,P022,2026-02-16 0:00:00,1,1065.87,5,1012.58,9,Delivered,Wallet
O08652,C0135,P038,2023-05-22 0:00:00,1,2088.38,10,1879.54,4,Delivered,UPI
O08653,C0037,P053,2023-02-20 0:00:00,2,2158.65,0,2158.65,3,Returned,Card
O08654,C0001,P095,2025-09-24 0:00:00,2,9231.29,20,7385.03,8,delivered,Wallet
O08655,C0341,P007,2023-01-25 0:00:00,2,2789.08,20,2231.26,4,delivered,Card
O08656,C0138,P002,2023-03-25 0:00:00,2,5656.63,10,5090.97,3,Cancelled,Card
O08657,C0271,P052,2023-03-31 0:00:00,2,3070.38,15,2609.82,12,Delivered,Wallet
O08658,C0379,P021,2024-05-28 0:00:00,3,8100.97,20,6480.78,9,Cancelled,Wallet
O08659,C0090,P060,2025-04-01 0:00:00,5,739.37,5,702.4,12,Returned,Wallet
O08660,C0345,P072,2024-01-17 0:00:00,5,706.42,10,635.78,1,Delivered,Card
O08661,C0085,P088,2025-10-02 0:00:00,4,7356.53,20,5885.22,9,delivered,COD
O08662,C0149,P041,2024-04-07 0:00:00,2,5978.59,5,5679.66,8,Cancelled,COD
O08663,C0386,P079,2023-03-15 0:00:00,1,1213.54,5,1152.86,5,Returned,COD
O08664,C0405,P043,2024-04-09 0:00:00,4,3278.75,5,3114.81,7,Delivered,Card
O08665,C0498,P058,2023-04-12 0:00:00,3,5425.43,20,4340.34,3,Cancelled,COD
O08666,C0380,P043,2024-07-12 0:00:00,3,3702.75,5,3517.61,9,Delivered,Card
O08667,C0214,P024,2025-01-23 0:00:00,2,2716.62,15,2309.13,2,delivered,Card
O08668,C0237,P028,2024-01-29 0:00:00,1,9439.81,20,7551.85,11,DELIVERED,Wallet
O08669,C0144,P019,2023-05-02 0:00:00,3,3664.95,0,3664.95,3,DELIVERED,Card
O08670,C0313,P002,2025-07-13 0:00:00,4,6984.9,5,6635.65,9,Cancelled,UPI
O08671,C0197,P030,2024-11-23 0:00:00,2,1644.39,20,1315.51,12,DELIVERED,UPI
O08672,C0362,P021,2025-06-08 0:00:00,1,8210.3,5,7799.78,1,Cancelled,Wallet
O08673,C0245,P095,2023-01-04 0:00:00,5,8054.67,20,6443.74,3,DELIVERED,Wallet
O08674,C0395,P088,2024-04-21 0:00:00,1,7259.72,15,6170.76,1,Returned,Card
O08675,C0431,P012,2023-08-13 0:00:00,1,1015.96,0,1015.96,1,Delivered,Wallet
O08676,C0058,P099,2023-01-08 0:00:00,1,980.22,5,931.21,3,delivered,Wallet
O08677,C0054,P060,2025-10-28 0:00:00,5,5070.06,0,5070.06,5,Returned,Card
O08678,C0091,P095,2024-07-30 0:00:00,4,3986.46,0,3986.46,7,delivered,Wallet
O08679,C0262,P062,2023-04-12 0:00:00,3,9262.92,10,8336.63,4,Returned,Wallet
O08680,C0472,P091,2023-04-16 0:00:00,5,1347.94,10,1213.15,3,DELIVERED,Wallet
O08681,C0357,P048,2025-12-21 0:00:00,2,9484.84,20,7587.87,2,Cancelled,COD
O08682,C0136,P020,2024-08-19 0:00:00,3,2917.58,20,2334.06,3,Cancelled,Wallet
O08683,C0137,P020,2024-01-12 0:00:00,1,3464.6,5,3291.37,9,Delivered,Wallet
O08684,C0489,P006,2023-05-19 0:00:00,1,638.21,10,574.39,2,Cancelled,UPI
O08685,C0333,P006,2024-06-05 0:00:00,5,4693.47,0,4693.47,8,delivered,UPI
O08686,C0017,P065,2023-01-28 0:00:00,2,3093.9,20,2475.12,6,DELIVERED,COD
O08687,C0183,P016,2026-01-31 0:00:00,2,2446.06,10,2201.45,2,Delivered,Card
O08688,C0186,P011,2024-07-26 0:00:00,3,9558.86,20,7647.09,2,Cancelled,Card
O08689,C0238,P075,2026-03-31 0:00:00,5,7485.69,20,5988.55,1,Returned,UPI
O08690,C0283,P092,2025-09-16 0:00:00,3,6756.62,10,6080.96,3,Cancelled,Wallet
O08691,C0217,P017,2026-02-11 0:00:00,3,6659.64,0,6659.64,2,delivered,Wallet
O08692,C0134,P030,2024-08-20 0:00:00,1,8180.9,5,7771.85,3,Delivered,Wallet
O08693,C0164,P073,2024-04-14 0:00:00,1,4899.84,5,4654.85,10,delivered,Wallet
O08694,C0015,P043,2024-10-17 0:00:00,3,8832.47,10,7949.22,12,DELIVERED,Wallet
O08695,C0011,P002,2025-03-11 0:00:00,2,7017.23,0,7017.23,8,delivered,Wallet
O08696,C0476,P100,2024-09-04 0:00:00,5,8464.52,0,8464.52,9,DELIVERED,Wallet
O08697,C0261,P075,2025-12-15 0:00:00,4,9674.71,15,8223.5,10,Returned,Wallet
O08698,C0119,P026,2026-02-05 0:00:00,2,5445.87,15,4628.99,4,Returned,Wallet
O08699,C0263,P008,2024-09-20 0:00:00,3,8289.79,5,7875.3,9,Returned,Wallet
O08700,C0452,P072,2023-03-02 0:00:00,2,3883.62,10,3495.26,6,delivered,UPI
O08701,C0373,P025,2023-06-01 0:00:00,3,2597.94,10,2338.15,2,delivered,COD
O08702,C0174,P010,2025-07-10 0:00:00,2,1133.54,20,906.83,8,DELIVERED,Card
O08703,C0211,P017,2023-06-10 0:00:00,1,6261.26,5,5948.2,11,Returned,Wallet
O08704,C0333,P048,2024-09-09 0:00:00,2,1492.77,10,1343.49,7,delivered,COD
O08705,C0292,P088,2024-06-23 0:00:00,5,6751.68,15,5738.93,-1,Cancelled,UPI
O08706,C0249,P039,2024-11-20 0:00:00,1,4525.4,20,3620.32,1,delivered,COD
O08707,C0061,P083,2024-11-06 0:00:00,3,6573.65,20,5258.92,7,Delivered,Wallet
O08708,C0385,P100,2026-01-06 0:00:00,3,3601.15,0,3601.15,11,Delivered,Card
O08709,C0048,P008,2024-10-15 0:00:00,1,4311.28,0,4311.28,8,Cancelled,Wallet
O08710,C0054,P027,2023-08-16 0:00:00,4,9647.28,0,9647.28,8,Delivered,Wallet
O08711,C0102,P054,2025-02-28 0:00:00,3,6572.54,15,5586.66,1,Cancelled,UPI
O08712,C0318,P068,2026-02-15 0:00:00,4,2493.02,20,1994.42,8,Delivered,COD
O08713,C0032,P051,2026-03-17 0:00:00,5,3092.58,10,2783.32,12,DELIVERED,COD
O08714,C0093,P061,2024-10-04 0:00:00,5,5897.93,0,5897.93,5,Delivered,Wallet
O08715,C0349,P051,2024-06-08 0:00:00,1,1466.48,0,1466.48,11,DELIVERED,Card
O08716,C0430,P032,2023-01-14 0:00:00,1,4121.87,5,3915.78,1,Delivered,COD
O08717,C0270,P097,2023-11-22 0:00:00,3,7872.25,5,7478.64,1,delivered,COD
O08718,C0489,P096,2025-11-15 0:00:00,1,8715.2,20,6972.16,9,Returned,Card
O08719,C0261,P053,2025-10-11 0:00:00,1,1330.53,20,1064.42,12,Cancelled,Wallet
O08720,C0397,P020,2023-08-19 0:00:00,3,9158.88,10,8242.99,11,Returned,UPI
O08721,C0321,P015,2025-10-20 0:00:00,4,7764.71,15,6600,3,Returned,Wallet
O08722,C0078,P002,2023-01-15 0:00:00,3,1700.58,15,1445.49,4,delivered,Wallet
O08723,C0181,P078,2024-09-29 0:00:00,1,2015.21,0,2015.21,3,delivered,Wallet
O08724,C0059,P005,2024-11-17 0:00:00,2,7863.29,20,6290.63,3,Returned,Wallet
O08725,C0346,P036,2023-11-07 0:00:00,1,9053.72,0,9053.72,5,delivered,Wallet
O08726,C0459,P023,2023-12-12 0:00:00,1,7141.39,10,6427.25,4,Returned,UPI
O08727,C0451,P077,2024-10-24 0:00:00,4,1482.51,5,1408.38,1,DELIVERED,COD
O08728,C0367,P066,2026-01-11 0:00:00,1,6398.45,10,5758.6,7,Cancelled,Wallet
O08729,C0407,P053,2025-02-01 0:00:00,1,3156.25,0,3156.25,7,Cancelled,Wallet
O08730,C0020,P032,2025-11-06 0:00:00,2,687.7,0,687.7,10,Cancelled,COD
O08731,C0120,P035,2024-01-08 0:00:00,3,4444.24,15,3777.6,2,Returned,Card
O08732,C0121,P003,2024-05-29 0:00:00,2,2333.46,10,2100.11,5,Cancelled,UPI
O08733,C0178,P011,2024-01-31 0:00:00,3,2134.76,5,2028.02,1,Returned,COD
O08734,C0388,P055,2023-08-29 0:00:00,3,8060.55,10,7254.49,2,Delivered,UPI
O08735,C0329,P012,2025-03-19 0:00:00,2,5516.32,5,5240.5,7,delivered,Card
O08736,C0046,P025,2025-08-16 0:00:00,2,6535.53,20,5228.42,6,Cancelled,Card
O08737,C0184,P077,2023-01-23 0:00:00,4,4263.27,20,3410.62,3,Returned,COD
O08738,C0159,P053,2024-06-30 0:00:00,5,2459.9,0,2459.9,5,delivered,UPI
O08739,C0429,P084,2023-12-23 0:00:00,4,3180.12,20,2544.1,9,Delivered,Wallet
O08740,C0240,P066,2025-10-23 0:00:00,4,7855.82,15,6677.45,3,Returned,Wallet
O08741,C0208,P080,2026-03-03 0:00:00,1,8982.1,0,8982.1,3,DELIVERED,UPI
O08742,C0155,P019,2023-02-23 0:00:00,5,983.95,15,836.36,5,DELIVERED,Card
O08743,C0452,P063,2023-07-29 0:00:00,1,8286.78,0,8286.78,6,delivered,Wallet
O08744,C0450,P037,2025-11-02 0:00:00,4,3865.67,5,3672.39,11,Delivered,Wallet
O08745,C0419,P073,2024-08-26 0:00:00,1,1204.39,15,1023.73,5,Cancelled,COD
O08746,C0355,P095,2026-01-03 0:00:00,2,1640.85,5,1558.81,12,delivered,Wallet
O08747,C0164,P059,2025-03-18 0:00:00,1,5818.09,20,4654.47,5,Returned,Card
O08748,C0359,P039,2025-08-31 0:00:00,2,5867.46,5,5574.09,9,Delivered,Wallet
O08749,C0346,P076,2025-01-14 0:00:00,2,1599.24,15,1359.35,11,Returned,UPI
O08750,C0395,P012,2025-08-16 0:00:00,3,2645.83,10,2381.25,4,DELIVERED,UPI
O08751,C0246,P001,2023-03-27 0:00:00,4,2847.32,20,2277.86,1,Returned,Wallet
O08752,C0112,P042,2023-08-24 0:00:00,3,1086.32,5,1032,8,Delivered,Wallet
O08753,C0046,P067,2025-05-04 0:00:00,1,9068.09,20,7254.47,4,Returned,Card
O08754,C0354,P050,2024-05-13 0:00:00,5,5474.04,10,4926.64,5,Cancelled,Wallet
O08755,C0026,P006,2026-04-08 0:00:00,4,2698.59,0,2698.59,10,Delivered,Wallet
O08756,C0266,P076,2024-12-28 0:00:00,1,8938.7,5,8491.76,2,Delivered,COD
O08757,C0201,P005,2025-07-14 0:00:00,1,6330.23,5,6013.72,9,Delivered,Wallet
O08758,C0249,P082,2025-01-13 0:00:00,4,3471.56,10,3124.4,1,Cancelled,Wallet
O08759,C0479,P090,2026-03-18 0:00:00,4,5711.9,10,5140.71,8,Delivered,UPI
O08760,C0273,P047,2026-03-26 0:00:00,1,8199.88,5,7789.89,12,Cancelled,Wallet
O08761,C0128,P080,2024-01-19 0:00:00,4,9355.91,20,7484.73,2,Delivered,UPI
O08762,C0200,P049,2025-03-09 0:00:00,4,1022.85,10,920.57,5,Delivered,COD
O08763,C0450,P066,2026-04-04 0:00:00,4,6000.83,15,5100.71,4,delivered,Wallet
O08764,C0375,P048,2023-09-21 0:00:00,5,3033.46,0,3033.46,4,Returned,COD
O08765,C0170,P030,2023-02-26 0:00:00,3,6498.26,0,6498.26,5,DELIVERED,Card
O08766,C0472,P054,2025-04-19 0:00:00,1,3209.26,5,3048.8,12,DELIVERED,UPI
O08767,C0131,P004,2024-02-10 0:00:00,5,8947.49,20,7157.99,10,Cancelled,COD
O08768,C0260,P063,2026-02-17 0:00:00,1,1824.96,20,1459.97,7,delivered,Card
O08769,C0344,P070,2024-11-20 0:00:00,2,4107.02,0,4107.02,4,Returned,Wallet
O08770,C0190,P013,2024-10-19 0:00:00,3,5019.23,20,4015.38,6,delivered,UPI
O08771,C0110,P091,2023-02-26 0:00:00,5,5526.98,5,5250.63,3,Returned,UPI
O08772,C0221,P012,2023-09-14 0:00:00,4,1842.84,15,1566.41,8,DELIVERED,Card
O08773,C0352,P018,2023-05-03 0:00:00,1,3432.98,0,3432.98,9,Cancelled,Card
O08774,C0292,P038,2026-03-16 0:00:00,4,6954.04,20,5563.23,11,Returned,COD
O08775,C0420,P067,2026-03-28 0:00:00,1,8069.29,0,8069.29,10,delivered,Wallet
O08776,C0500,P083,2025-02-19 0:00:00,4,2225.48,20,1780.38,12,Cancelled,COD
O08777,C0020,P004,2023-12-04 0:00:00,1,5314.81,15,4517.59,12,delivered,Wallet
O08778,C0303,P025,2024-12-10 0:00:00,3,7677.33,15,6525.73,5,DELIVERED,Card
O08779,C0455,P089,2025-12-04 0:00:00,3,1616.38,15,1373.92,10,Cancelled,Wallet
O08780,C0283,P099,2023-09-11 0:00:00,4,6154.86,5,5847.12,12,Returned,COD
O08781,C0471,P032,2024-08-05 0:00:00,2,920.5,20,736.4,12,Cancelled,Wallet
O08782,C0448,P026,2024-03-22 0:00:00,4,2946.19,10,2651.57,7,DELIVERED,COD
O08783,C0092,P075,2023-05-16 0:00:00,1,6317.46,0,6317.46,1,DELIVERED,Card
O08784,C0133,P065,2023-04-27 0:00:00,5,2955.63,5,2807.85,8,Delivered,COD
O08785,C0161,P018,2023-12-17 0:00:00,3,6215.3,5,5904.53,7,Cancelled,UPI
O08786,C0238,P048,2023-03-14 0:00:00,5,1813.06,15,1541.1,1,Delivered,Wallet
O08787,C0456,P067,2025-12-16 0:00:00,4,4845.5,20,3876.4,4,Returned,UPI
O08788,C0272,P017,2025-11-04 0:00:00,4,5847.8,15,4970.63,4,Cancelled,Wallet
O08789,C0496,P057,2023-11-06 0:00:00,5,6558.43,20,5246.74,11,delivered,COD
O08790,C0098,P056,2023-12-14 0:00:00,2,5806.12,20,4644.9,2,Returned,Wallet
O08791,C0433,P075,2025-08-22 0:00:00,1,9761.11,0,9761.11,4,Cancelled,UPI
O08792,C0190,P009,2025-04-14 0:00:00,3,2600.07,5,2470.07,12,delivered,Wallet
O08793,C0259,P079,2025-06-24 0:00:00,5,9581.98,20,7665.58,3,Delivered,UPI
O08794,C0415,P010,2023-08-25 0:00:00,3,4903.53,10,4413.18,9,Delivered,Wallet
O08795,C0449,P002,2026-01-22 0:00:00,1,6346.7,0,6346.7,11,Returned,Wallet
O08796,C0154,P062,2023-07-21 0:00:00,5,9825.77,0,9825.77,2,DELIVERED,Card
O08797,C0174,P081,2024-08-03 0:00:00,5,6932.94,0,6932.94,2,Delivered,Card
O08798,C0029,P008,2025-07-29 0:00:00,2,9373.39,20,7498.71,10,Delivered,COD
O08799,C0374,P063,2025-07-04 0:00:00,3,2434.2,20,1947.36,3,Delivered,Wallet
O08800,C0031,P015,2025-06-29 0:00:00,4,6057.72,15,5149.06,4,Cancelled,Wallet
O08801,C0319,P019,2025-09-09 0:00:00,2,4353.81,20,3483.05,12,DELIVERED,COD
O08802,C0317,P054,2026-01-31 0:00:00,2,4963.76,10,4467.38,7,delivered,Wallet
O08803,C0158,P016,2025-07-09 0:00:00,1,7233.38,20,5786.7,1,Returned,COD
O08804,C0175,P007,2023-02-25 0:00:00,5,5595.33,5,5315.56,4,delivered,Wallet
O08805,C0445,P041,2024-11-02 0:00:00,4,4237.5,0,4237.5,9,Delivered,Card
O08806,C0004,P054,2025-11-23 0:00:00,5,8788.77,10,7909.89,2,Returned,Wallet
O08807,C0428,P020,2024-05-25 0:00:00,2,7886.21,15,6703.28,8,Delivered,UPI
O08808,C0428,P074,2025-08-09 0:00:00,1,7265.26,20,5812.21,6,DELIVERED,UPI
O08809,C0115,P003,2026-01-18 0:00:00,2,790.4,5,750.88,8,Delivered,Wallet
O08810,C0391,P044,2023-02-11 0:00:00,2,9701.69,20,7761.35,1,delivered,Wallet
O08811,C0494,P100,2023-12-20 0:00:00,2,9535.83,10,8582.25,8,Cancelled,UPI
O08812,C0058,P090,2023-11-29 0:00:00,5,3523.24,10,3170.92,7,Cancelled,Card
O08813,C0100,P039,2025-12-12 0:00:00,3,5832.36,20,4665.89,5,delivered,Card
O08814,C0170,P058,2025-02-18 0:00:00,5,9231,0,9231,9,delivered,Card
O08815,C0054,P032,2024-11-25 0:00:00,4,2122.94,20,1698.35,12,Delivered,Card
O08816,C0401,P097,2023-12-28 0:00:00,3,5566.5,10,5009.85,6,DELIVERED,Wallet
O08817,C0201,P090,2024-02-28 0:00:00,5,9483.46,0,9483.46,1,DELIVERED,Wallet
O08818,C0282,P019,2023-03-30 0:00:00,2,8065.03,20,6452.02,10,DELIVERED,COD
O08819,C0315,P013,2023-12-29 0:00:00,1,2773.44,5,2634.77,3,Cancelled,UPI
O08820,C0318,P043,2026-01-28 0:00:00,4,9312.04,5,8846.44,7,Delivered,UPI
O08821,C0413,P055,2023-03-11 0:00:00,4,5462.96,0,5462.96,2,delivered,UPI
O08822,C0277,P040,2025-10-02 0:00:00,1,2104.05,0,2104.05,6,delivered,Card
O08823,C0260,P074,2024-04-10 0:00:00,5,4878.1,10,4390.29,5,Cancelled,Wallet
O08824,C0289,P014,2024-03-20 0:00:00,5,647.3,5,614.93,1,DELIVERED,Wallet
O08825,C0093,P014,2024-09-15 0:00:00,5,7906.96,5,7511.61,5,Delivered,COD
O08826,C0032,P097,2024-06-28 0:00:00,4,715.97,20,572.78,2,Cancelled,UPI
O08827,C0062,P015,2023-02-19 0:00:00,3,6401.09,20,5120.87,7,DELIVERED,COD
O08828,C0360,P037,2026-03-18 0:00:00,4,7567.74,15,6432.58,2,DELIVERED,Card
O08829,C0478,P065,2023-07-26 0:00:00,3,624.43,0,624.43,7,Returned,COD
O08830,C0357,P047,2023-12-11 0:00:00,3,4817.39,10,4335.65,12,delivered,COD
O08831,C0414,P041,2025-01-17 0:00:00,3,7655.09,20,6124.07,10,Delivered,COD
O08832,C0266,P063,2023-06-29 0:00:00,3,9879.98,10,8891.98,1,DELIVERED,COD
O08833,C0317,P088,2024-02-04 0:00:00,1,7981.17,20,6384.94,3,DELIVERED,Wallet
O08834,C0486,P038,2026-02-07 0:00:00,4,2095.09,15,1780.83,12,delivered,COD
O08835,C0096,P056,2024-02-29 0:00:00,3,8047.93,20,6438.34,8,DELIVERED,Wallet
O08836,C0080,P032,2023-03-04 0:00:00,3,8214.24,10,7392.82,1,Returned,Wallet
O08837,C0449,P021,2026-01-14 0:00:00,2,6153.1,15,5230.14,9,Cancelled,Wallet
O08838,C0320,P004,2024-07-04 0:00:00,1,5941.34,5,5644.27,6,Delivered,Wallet
O08839,C0409,P037,2023-08-24 0:00:00,2,1005.57,10,905.01,4,Delivered,Card
O08840,C0101,P007,2023-08-14 0:00:00,2,7322.23,0,7322.23,11,Delivered,Card
O08841,C0283,P053,2025-11-20 0:00:00,2,4195.04,5,3985.29,9,DELIVERED,Wallet
O08842,C0495,P036,2025-11-14 0:00:00,4,4547.69,20,3638.15,4,Delivered,COD
O08843,C0308,P002,2024-06-04 0:00:00,2,9071.96,0,9071.96,2,delivered,Wallet
O08844,C0389,P031,2025-04-25 0:00:00,1,9154.95,15,7781.71,5,DELIVERED,COD
O08845,C0155,P018,2023-05-16 0:00:00,3,7381.63,15,6274.39,5,Delivered,UPI
O08846,C0488,P047,2024-03-03 0:00:00,4,4708.72,20,3766.98,1,Delivered,Card
O08847,C0324,P072,2025-08-02 0:00:00,2,4393.42,0,4393.42,2,Delivered,UPI
O08848,C0134,P098,2025-03-31 0:00:00,3,687.71,10,618.94,7,delivered,Wallet
O08849,C0020,P009,2024-09-22 0:00:00,5,5813.92,5,5523.22,5,DELIVERED,Wallet
O08850,C0113,P042,2025-11-03 0:00:00,4,5928.21,10,5335.39,11,Delivered,COD
O08851,C0367,P021,2025-06-27 0:00:00,3,1541.28,5,1464.22,10,DELIVERED,UPI
O08852,C0053,P043,2024-01-24 0:00:00,1,4427.04,20,3541.63,3,Returned,UPI
O08853,C0248,P092,2024-08-07 0:00:00,1,9562.42,0,9562.42,12,Returned,UPI
O08854,C0104,P087,2024-04-24 0:00:00,4,6333.3,20,5066.64,1,Delivered,Card
O08855,C0425,P095,2025-11-12 0:00:00,5,2732.46,10,2459.21,11,Delivered,Card
O08856,C0313,P075,2024-08-05 0:00:00,1,7057.01,5,6704.16,1,DELIVERED,Wallet
O08857,C0131,P015,2023-05-06 0:00:00,3,8833.88,0,8833.88,4,delivered,Wallet
O08858,C0279,P098,2024-11-12 0:00:00,1,4640.5,15,3944.42,12,delivered,Wallet
O08859,C0447,P076,2025-02-12 0:00:00,1,1042.11,15,885.79,7,Cancelled,UPI
O08860,C0244,P014,2025-08-20 0:00:00,2,3580.94,20,2864.75,3,Cancelled,Card
O08861,C0254,P069,2023-05-26 0:00:00,2,4279.94,10,3851.95,11,Delivered,COD
O08862,C0354,P071,2025-05-18 0:00:00,2,5273.91,10,4746.52,11,delivered,UPI
O08863,C0163,P054,2025-07-27 0:00:00,5,9628.48,10,8665.63,11,Cancelled,Wallet
O08864,C0154,P016,2023-06-15 0:00:00,5,4665.98,0,4665.98,12,Cancelled,Wallet
O08865,C0148,P003,2024-10-10 0:00:00,5,9013.67,0,9013.67,4,delivered,COD
O08866,C0339,P075,2025-06-01 0:00:00,2,4532.48,20,3625.98,7,Returned,Wallet
O08867,C0027,P060,2026-02-16 0:00:00,4,5404.97,20,4323.98,1,delivered,Wallet
O08868,C0254,P076,2025-05-18 0:00:00,1,4302.5,0,4302.5,4,DELIVERED,UPI
O08869,C0121,P040,2023-07-14 0:00:00,3,9180.16,15,7803.14,9,Delivered,Card
O08870,C0386,P082,2025-09-12 0:00:00,1,8818.46,0,8818.46,8,Delivered,UPI
O08871,C0471,P003,2025-10-29 0:00:00,5,2612.23,15,2220.4,10,delivered,COD
O08872,C0472,P020,2023-02-20 0:00:00,3,4081.67,20,3265.34,4,Delivered,Card
O08873,C0128,P084,2024-12-12 0:00:00,1,1934.96,5,1838.21,11,DELIVERED,UPI
O08874,C0392,P072,2024-06-17 0:00:00,2,4049,0,4049,4,DELIVERED,Wallet
O08875,C0306,P050,2024-10-03 0:00:00,2,6451.4,20,5161.12,2,Cancelled,Card
O08876,C0291,P049,2023-04-09 0:00:00,3,9184.39,10,8265.95,5,Cancelled,Wallet
O08877,C0047,P019,2024-07-11 0:00:00,1,4752.87,15,4039.94,8,delivered,COD
O08878,C0168,P038,2025-07-22 0:00:00,4,6597.14,20,5277.71,9,DELIVERED,UPI
O08879,C0013,P041,2025-11-09 0:00:00,3,8447.34,20,6757.87,1,delivered,Card
O08880,C0027,P056,2024-04-19 0:00:00,4,6592.51,15,5603.63,7,Delivered,UPI
O08881,C0420,P092,2023-07-05 0:00:00,4,8450.02,20,6760.02,3,Delivered,Wallet
O08882,C0455,P092,2024-04-22 0:00:00,3,6426.45,15,5462.48,4,delivered,Wallet
O08883,C0458,P034,2024-10-13 0:00:00,3,6431.96,15,5467.17,4,Delivered,UPI
O08884,C0178,P012,2024-10-04 0:00:00,4,8529.24,0,8529.24,7,Delivered,Card
O08885,C0315,P099,2024-02-08 0:00:00,5,1923.96,5,1827.76,3,Cancelled,COD
O08886,C0474,P079,2025-03-02 0:00:00,5,5705.96,10,5135.36,10,Delivered,COD
O08887,C0455,P041,2023-10-25 0:00:00,2,9838.12,10,8854.31,3,Cancelled,Wallet
O08888,C0192,P012,2024-12-27 0:00:00,5,1225,5,1163.75,9,Returned,Wallet
O08889,C0445,P060,2023-06-08 0:00:00,5,3207.91,0,3207.91,9,Returned,Wallet
O08890,C0004,P099,2025-10-14 0:00:00,2,6154.84,0,6154.84,9,Cancelled,Wallet
O08891,C0378,P002,2025-05-25 0:00:00,1,9306.97,10,8376.27,9,Delivered,Wallet
O08892,C0161,P009,2023-10-29 0:00:00,4,999.84,0,999.84,7,delivered,UPI
O08893,C0054,P031,2025-04-09 0:00:00,1,4501.15,10,4051.03,10,DELIVERED,Wallet
O08894,C0196,P070,2024-07-07 0:00:00,2,8599.6,10,7739.64,6,delivered,UPI
O08895,C0393,P042,2024-05-29 0:00:00,2,1733.78,20,1387.02,4,Delivered,COD
O08896,C0453,P060,2024-04-21 0:00:00,2,850.91,20,680.73,7,Cancelled,Card
O08897,C0023,P091,2024-06-22 0:00:00,2,3597.35,0,3597.35,2,delivered,UPI
O08898,C0396,P005,2023-12-16 0:00:00,5,767.64,10,690.88,1,DELIVERED,Wallet
O08899,C0224,P077,2023-06-29 0:00:00,1,3302.22,10,2972,8,Cancelled,UPI
O08900,C0497,P036,2025-04-25 0:00:00,2,3776.51,10,3398.86,9,Returned,UPI
O08901,C0074,P058,2023-08-17 0:00:00,4,1924.08,10,1731.67,2,Returned,Wallet
O08902,C0361,P063,2026-01-07 0:00:00,2,5146.79,10,4632.11,9,delivered,Card
O08903,C0318,P058,2025-03-24 0:00:00,2,2505.77,15,2129.9,11,Delivered,Card
O08904,C0079,P017,2025-06-27 0:00:00,3,3756.88,5,3569.04,12,Returned,Wallet
O08905,C0018,P012,2023-12-19 0:00:00,1,6758.36,15,5744.61,1,Returned,UPI
O08906,C0094,P084,2024-07-08 0:00:00,5,3771.53,10,3394.38,8,Returned,Wallet
O08907,C0048,P073,2025-11-11 0:00:00,5,5728.01,5,5441.61,2,Returned,Wallet
O08908,C0347,P042,2025-03-23 0:00:00,5,2835.93,10,2552.34,3,DELIVERED,UPI
O08909,C0467,P018,2023-01-23 0:00:00,4,728.61,10,655.75,4,Delivered,Wallet
O08910,C0172,P064,2024-01-01 0:00:00,5,6298.85,0,6298.85,2,Cancelled,COD
O08911,C0212,P022,2023-11-09 0:00:00,1,7769.45,15,6604.03,11,Returned,Wallet
O08912,C0126,P066,2025-03-12 0:00:00,2,8720.57,5,8284.54,6,DELIVERED,Card
O08913,C0355,P034,2023-11-12 0:00:00,1,1728.23,10,1555.41,9,Delivered,Wallet
O08914,C0365,P097,2023-11-17 0:00:00,3,1386.53,10,1247.88,7,Delivered,COD
O08915,C0240,P024,2025-07-06 0:00:00,2,3423.38,15,2909.87,10,delivered,UPI
O08916,C0046,P014,2025-11-09 0:00:00,2,9072.81,20,7258.25,12,Delivered,Wallet
O08917,C0019,P059,2024-07-17 0:00:00,2,6809.01,5,6468.56,9,delivered,Wallet
O08918,C0024,P030,2023-10-06 0:00:00,3,7776.77,15,6610.25,10,Delivered,Wallet
O08919,C0451,P047,2025-05-24 0:00:00,3,8837.44,0,8837.44,6,Cancelled,Card
O08920,C0406,P057,2025-08-16 0:00:00,2,4669.1,0,4669.1,3,Returned,Wallet
O08921,C0078,P038,2025-05-09 0:00:00,4,6486.9,20,5189.52,4,Delivered,COD
O08922,C0355,P012,2023-07-14 0:00:00,4,7639.17,0,7639.17,3,Returned,Card
O08923,C0500,P099,2024-03-23 0:00:00,3,599.77,10,539.79,11,Cancelled,Wallet
O08924,C0327,P019,2024-07-26 0:00:00,2,3627.67,0,3627.67,1,DELIVERED,COD
O08925,C0291,P088,2024-04-28 0:00:00,2,4065.52,15,3455.69,7,DELIVERED,COD
O08926,C0099,P058,2023-12-16 0:00:00,2,2194.79,5,2085.05,9,Delivered,Card
O08927,C0401,P004,2024-09-08 0:00:00,1,2259.18,15,1920.3,3,DELIVERED,Wallet
O08928,C0111,P039,2024-08-14 0:00:00,3,588.93,0,588.93,6,DELIVERED,Wallet
O08929,C0432,P018,2025-10-21 0:00:00,2,8293.85,15,7049.77,10,Delivered,Wallet
O08930,C0135,P060,2025-07-06 0:00:00,2,5099.24,10,4589.32,4,delivered,UPI
O08931,C0147,P031,2025-09-28 0:00:00,3,8702.86,20,6962.29,5,Cancelled,Card
O08932,C0310,P040,2026-02-15 0:00:00,5,8273.29,10,7445.96,10,DELIVERED,Wallet
O08933,C0187,P048,2026-02-03 0:00:00,2,7597.61,15,6457.97,7,Cancelled,Wallet
O08934,C0002,P065,2025-06-17 0:00:00,5,2877.58,0,2877.58,1,Delivered,UPI
O08935,C0057,P051,2026-02-28 0:00:00,4,1894.59,10,1705.13,11,delivered,UPI
O08936,C0428,P098,2025-03-02 0:00:00,5,2246.45,10,2021.8,5,DELIVERED,Wallet
O08937,C0344,P085,2024-11-14 0:00:00,3,8516.75,15,7239.24,7,Cancelled,Wallet
O08938,C0073,P036,2024-10-02 0:00:00,1,2248.39,0,2248.39,11,Delivered,Card
O08939,C0236,P094,2024-04-07 0:00:00,1,6026.3,0,6026.3,3,DELIVERED,Wallet
O08940,C0320,P039,2023-06-03 0:00:00,3,8334.48,20,6667.58,5,Returned,COD
O08941,C0327,P041,2024-04-01 0:00:00,3,2075.44,10,1867.9,10,Cancelled,UPI
O08942,C0043,P043,2025-11-15 0:00:00,3,4977.13,10,4479.42,5,Cancelled,COD
O08943,C0073,P021,2024-11-05 0:00:00,3,6165.32,10,5548.79,3,Delivered,Wallet
O08944,C0264,P011,2023-06-03 0:00:00,3,6790.89,20,5432.71,7,Cancelled,COD
O08945,C0305,P008,2025-12-09 0:00:00,3,552.18,20,441.74,5,Cancelled,Wallet
O08946,C0387,P004,2023-05-03 0:00:00,5,5860.45,10,5274.4,9,DELIVERED,Wallet
O08947,C0007,P092,2023-11-14 0:00:00,4,9404.65,20,7523.72,11,Cancelled,Wallet
O08948,C0408,P078,2024-05-01 0:00:00,5,1868.72,10,1681.85,12,DELIVERED,Card
O08949,C0152,P059,2024-10-19 0:00:00,4,3055.91,20,2444.73,9,delivered,Card
O08950,C0208,P024,2024-09-02 0:00:00,5,8003.03,10,7202.73,6,Returned,Wallet
O08951,C0412,P093,2023-10-05 0:00:00,2,7526.41,5,7150.09,6,Delivered,COD
O08952,C0427,P054,2024-04-16 0:00:00,2,824.28,15,700.64,3,Cancelled,COD
O08953,C0499,P074,2025-11-03 0:00:00,5,6198.21,15,5268.48,3,DELIVERED,Wallet
O08954,C0235,P053,2023-03-03 0:00:00,5,9128.44,20,7302.75,6,DELIVERED,UPI
O08955,C0242,P047,2024-02-08 0:00:00,3,4966.55,20,3973.24,10,Returned,Card
O08956,C0484,P084,2023-08-08 0:00:00,5,6910.97,0,6910.97,11,Returned,COD
O08957,C0212,P093,2025-01-03 0:00:00,1,3767.94,20,3014.35,5,delivered,Wallet
O08958,C0185,P067,2023-04-16 0:00:00,1,7173.34,20,5738.67,4,DELIVERED,Wallet
O08959,C0348,P001,2024-10-13 0:00:00,2,979.32,15,832.42,3,DELIVERED,Card
O08960,C0062,P012,2025-09-17 0:00:00,4,724.53,10,652.08,12,delivered,Wallet
O08961,C0128,P092,2025-04-22 0:00:00,3,6337.28,5,6020.42,5,Returned,COD
O08962,C0484,P090,2024-09-11 0:00:00,5,3952.87,15,3359.94,4,delivered,Card
O08963,C0157,P090,2023-02-21 0:00:00,2,3580.98,10,3222.88,5,DELIVERED,Wallet
O08964,C0453,P083,2023-03-09 0:00:00,1,9614.42,15,8172.26,9,delivered,UPI
O08965,C0490,P047,2025-11-10 0:00:00,1,6672.73,0,6672.73,3,Returned,Wallet
O08966,C0083,P041,2023-04-01 0:00:00,1,3273.35,15,2782.35,8,Returned,Card
O08967,C0173,P021,2025-03-19 0:00:00,1,1680,20,1344,6,Delivered,Wallet
O08968,C0367,P049,2023-09-02 0:00:00,2,5405.12,5,5134.86,3,delivered,COD
O08969,C0476,P001,2024-05-29 0:00:00,5,1707.71,15,1451.55,7,Delivered,Card
O08970,C0006,P007,2025-11-21 0:00:00,4,1542.27,5,1465.16,2,DELIVERED,Wallet
O08971,C0382,P095,2024-03-08 0:00:00,3,1891.7,10,1702.53,1,DELIVERED,UPI
O08972,C0162,P064,2025-02-26 0:00:00,5,5342.26,20,4273.81,12,DELIVERED,Wallet
O08973,C0080,P050,2026-04-02 0:00:00,3,4704.78,20,3763.82,10,Delivered,UPI
O08974,C0133,P050,2025-02-21 0:00:00,4,6694.06,0,6694.06,11,Cancelled,Card
O08975,C0042,P066,2026-01-16 0:00:00,2,4636.91,5,4405.06,12,delivered,Wallet
O08976,C0424,P020,2024-08-22 0:00:00,4,5282.63,15,4490.24,12,DELIVERED,Wallet
O08977,C0455,P024,2025-05-22 0:00:00,3,5309.97,10,4778.97,7,delivered,COD
O08978,C0169,P023,2024-09-05 0:00:00,4,7942.04,10,7147.84,5,Delivered,COD
O08979,C0396,P026,2023-09-04 0:00:00,3,7961.6,15,6767.36,4,DELIVERED,Card
O08980,C0122,P067,2023-03-08 0:00:00,1,6859.8,10,6173.82,11,delivered,Card
O08981,C0005,P022,2025-09-19 0:00:00,4,970.17,10,873.15,5,DELIVERED,UPI
O08982,C0170,P068,2023-11-23 0:00:00,2,2875.14,5,2731.38,12,Delivered,Wallet
O08983,C0478,P087,2025-06-12 0:00:00,5,8479.46,10,7631.51,7,Delivered,Card
O08984,C0321,P067,2025-01-11 0:00:00,4,6669.04,15,5668.68,5,delivered,Wallet
O08985,C0445,P066,2023-01-15 0:00:00,3,6998.35,5,6648.43,6,delivered,UPI
O08986,C0381,P062,2025-03-25 0:00:00,2,743.87,5,706.68,3,Returned,COD
O08987,C0040,P095,2023-06-29 0:00:00,3,7823.71,15,6650.15,3,Cancelled,Wallet
O08988,C0444,P008,2024-10-17 0:00:00,5,8467.11,0,8467.11,2,Returned,Card
O08989,C0411,P092,2023-09-09 0:00:00,5,701.99,5,666.89,5,Cancelled,Wallet
O08990,C0412,P081,2023-04-23 0:00:00,1,2067.59,0,2067.59,3,Cancelled,Wallet
O08991,C0343,P018,2024-12-19 0:00:00,2,3120.58,0,3120.58,8,Delivered,Card
O08992,C0299,P028,2023-04-26 0:00:00,1,8185.87,20,6548.7,6,Cancelled,UPI
O08993,C0047,P032,2025-02-04 0:00:00,5,3088.01,20,2470.41,10,delivered,Wallet
O08994,C0263,P099,2025-09-17 0:00:00,3,9836.87,0,9836.87,2,delivered,Wallet
O08995,C0239,P045,2025-06-04 0:00:00,3,2152.75,20,1722.2,2,Delivered,Card
O08996,C0470,P049,2024-12-16 0:00:00,4,9852.49,0,9852.49,10,DELIVERED,COD
O08997,C0284,P044,2024-12-01 0:00:00,5,6991.39,15,5942.68,9,Cancelled,Wallet
O08998,C0057,P055,2024-06-28 0:00:00,2,2986.37,15,2538.41,4,Delivered,Card
O08999,C0369,P035,2025-01-23 0:00:00,2,4782.8,20,3826.24,1,Cancelled,COD
O09000,C0220,P003,2024-05-24 0:00:00,1,6889.48,20,5511.58,9,Cancelled,Wallet
O09001,C0401,P029,2023-06-20 0:00:00,5,7682.26,10,6914.03,6,Cancelled,UPI
O09002,C0481,P081,2025-07-26 0:00:00,2,5187.07,15,4409.01,2,Returned,Wallet
O09003,C0488,P020,2025-03-05 0:00:00,4,7398.92,20,5919.14,9,DELIVERED,UPI
O09004,C0478,P027,2025-02-03 0:00:00,1,8655.98,5,8223.18,3,DELIVERED,Wallet
O09005,C0193,P063,2023-08-19 0:00:00,2,4631.65,5,4400.07,10,Returned,Card
O09006,C0076,P010,2024-11-30 0:00:00,2,7897.92,20,6318.34,1,DELIVERED,Wallet
O09007,C0444,P081,2024-04-24 0:00:00,3,2267.62,5,2154.24,10,Delivered,COD
O09008,C0357,P012,2026-01-19 0:00:00,5,7219.39,0,7219.39,6,DELIVERED,UPI
O09009,C0084,P066,2023-07-27 0:00:00,4,9649.83,20,7719.86,3,Delivered,Wallet
O09010,C0308,P072,2024-11-13 0:00:00,5,1560.74,20,1248.59,9,Delivered,UPI
O09011,C0052,P013,2024-03-29 0:00:00,1,2596.59,20,2077.27,10,delivered,UPI
O09012,C0117,P064,2024-07-19 0:00:00,2,4293.37,20,3434.7,4,Returned,Wallet
O09013,C0231,P017,2025-10-25 0:00:00,1,9908.94,15,8422.6,1,Delivered,Wallet
O09014,C0311,P049,2023-01-05 0:00:00,5,2866.68,10,2580.01,7,Returned,UPI
O09015,C0227,P075,2025-10-30 0:00:00,1,1985.32,0,1985.32,4,Delivered,COD
O09016,C0457,P011,2024-06-01 0:00:00,3,8643.15,0,8643.15,7,Returned,Card
O09017,C0447,P027,2023-04-22 0:00:00,2,3638.27,5,3456.36,8,DELIVERED,Wallet
O09018,C0055,P039,2024-07-23 0:00:00,5,5155.23,0,5155.23,1,delivered,UPI
O09019,C0250,P004,2024-12-07 0:00:00,1,1491.75,0,1491.75,7,Delivered,Card
O09020,C0102,P046,2024-08-24 0:00:00,1,1043.31,10,938.98,6,delivered,Card
O09021,C0179,P048,2025-12-26 0:00:00,4,4017.07,5,3816.22,8,DELIVERED,Wallet
O09022,C0094,P040,2026-03-08 0:00:00,1,1691.7,20,1353.36,5,Delivered,COD
O09023,C0316,P038,2025-04-10 0:00:00,5,3674.41,20,2939.53,9,DELIVERED,Wallet
O09024,C0498,P071,2026-03-09 0:00:00,3,2915.99,15,2478.59,10,delivered,UPI
O09025,C0478,P078,2023-10-19 0:00:00,1,9672.5,0,9672.5,8,DELIVERED,Card
O09026,C0423,P042,2023-02-10 0:00:00,4,1730.54,20,1384.43,2,Cancelled,UPI
O09027,C0397,P098,2023-08-30 0:00:00,4,5549.91,5,5272.41,3,Cancelled,UPI
O09028,C0497,P005,2023-07-06 0:00:00,1,3151.16,15,2678.49,4,DELIVERED,Wallet
O09029,C0141,P032,2023-02-15 0:00:00,1,3636.44,15,3090.97,2,delivered,Wallet
O09030,C0064,P086,2025-11-13 0:00:00,4,4797.85,20,3838.28,10,delivered,COD
O09031,C0066,P033,2023-12-13 0:00:00,3,576.24,5,547.43,4,Delivered,UPI
O09032,C0411,P038,2023-09-16 0:00:00,5,3641.95,0,3641.95,9,Returned,Wallet
O09033,C0211,P032,2024-04-13 0:00:00,5,7067.93,15,6007.74,3,delivered,UPI
O09034,C0451,P023,2025-08-11 0:00:00,2,1999.25,15,1699.36,2,DELIVERED,UPI
O09035,C0472,P086,2023-09-21 0:00:00,3,628.91,10,566.02,7,Returned,Wallet
O09036,C0064,P087,2025-05-11 0:00:00,4,9182.98,5,8723.83,7,Returned,Card
O09037,C0203,P033,2026-01-26 0:00:00,3,5966.62,15,5071.63,5,Cancelled,Wallet
O09038,C0363,P020,2023-05-02 0:00:00,2,1035.06,20,828.05,12,Cancelled,COD
O09039,C0104,P086,2025-08-04 0:00:00,4,677.5,15,575.88,11,Delivered,COD
O09040,C0348,P015,2025-09-24 0:00:00,2,7699.48,5,7314.51,4,DELIVERED,Wallet
O09041,C0053,P019,2023-09-06 0:00:00,1,9786.47,15,8318.5,4,Returned,Card
O09042,C0115,P038,2025-10-16 0:00:00,4,1944.22,20,1555.38,8,DELIVERED,Card
O09043,C0434,P011,2025-05-20 0:00:00,1,5051.18,20,4040.94,12,DELIVERED,Wallet
O09044,C0475,P014,2024-11-07 0:00:00,3,7505.85,0,7505.85,10,Cancelled,COD
O09045,C0062,P085,2024-06-18 0:00:00,3,9910.81,10,8919.73,7,delivered,Wallet
O09046,C0031,P080,2025-06-15 0:00:00,2,2693.93,5,2559.23,3,Returned,Wallet
O09047,C0436,P030,2024-07-21 0:00:00,4,9933.23,5,9436.57,6,delivered,Card
O09048,C0473,P069,2025-10-07 0:00:00,1,2616.44,5,2485.62,7,Returned,Wallet
O09049,C0302,P050,2023-04-16 0:00:00,2,2058.91,20,1647.13,11,Returned,Wallet
O09050,C0280,P048,2025-11-03 0:00:00,2,8753.31,20,7002.65,6,Returned,Card
O09051,C0394,P013,2024-06-08 0:00:00,3,2972.31,5,2823.69,1,Delivered,Wallet
O09052,C0359,P014,2025-09-29 0:00:00,3,3970.76,15,3375.15,1,Delivered,COD
O09053,C0164,P007,2025-02-02 0:00:00,3,8272.35,20,6617.88,12,delivered,Wallet
O09054,C0418,P054,2026-02-11 0:00:00,2,9273.56,15,7882.53,8,delivered,Wallet
O09055,C0440,P042,2026-03-13 0:00:00,2,4730.34,0,4730.34,12,Cancelled,COD
O09056,C0169,P062,2023-10-27 0:00:00,4,3966.84,5,3768.5,2,DELIVERED,Wallet
O09057,C0217,P037,2024-03-15 0:00:00,5,3648.41,15,3101.15,5,Returned,Wallet
O09058,C0226,P001,2023-01-02 0:00:00,5,6060.31,20,4848.25,12,DELIVERED,Wallet
O09059,C0359,P053,2023-07-28 0:00:00,4,4463.65,10,4017.28,3,delivered,COD
O09060,C0203,P035,2023-02-23 0:00:00,4,1557.84,0,1557.84,1,Returned,UPI
O09061,C0204,P056,2026-02-26 0:00:00,5,6642.8,15,5646.38,1,delivered,COD
O09062,C0012,P021,2023-06-28 0:00:00,3,9962.38,20,7969.9,11,Delivered,COD
O09063,C0053,P052,2025-09-29 0:00:00,1,8848.35,0,8848.35,9,delivered,Wallet
O09064,C0430,P038,2025-11-25 0:00:00,2,2703.87,20,2163.1,1,delivered,COD
O09065,C0025,P028,2025-04-10 0:00:00,4,8579.83,5,8150.84,8,Delivered,Wallet
O09066,C0374,P064,2024-11-30 0:00:00,2,1921.43,20,1537.14,11,delivered,COD
O09067,C0477,P085,2024-01-06 0:00:00,4,4557.9,20,3646.32,6,Cancelled,COD
O09068,C0402,P076,2025-10-04 0:00:00,2,4657.22,20,3725.78,12,DELIVERED,Card
O09069,C0392,P078,2023-09-01 0:00:00,3,3388.04,0,3388.04,2,Cancelled,Wallet
O09070,C0438,P096,2025-02-13 0:00:00,3,7255.07,10,6529.56,3,delivered,COD
O09071,C0167,P090,2024-03-08 0:00:00,5,3292.1,10,2962.89,1,Cancelled,COD
O09072,C0173,P091,2023-09-02 0:00:00,3,5847.24,0,5847.24,11,Delivered,COD
O09073,C0376,P069,2025-08-08 0:00:00,1,9000.95,0,9000.95,7,delivered,Wallet
O09074,C0231,P013,2024-02-15 0:00:00,5,6989.39,10,6290.45,5,Cancelled,Card
O09075,C0218,P076,2025-02-04 0:00:00,5,1703.98,15,1448.38,7,Returned,Wallet
O09076,C0003,P025,2026-04-01 0:00:00,1,6670.36,5,6336.84,12,DELIVERED,Wallet
O09077,C0169,P036,2025-10-11 0:00:00,2,7206.6,5,6846.27,11,Delivered,Wallet
O09078,C0215,P064,2024-09-26 0:00:00,3,1407.17,20,1125.74,8,Delivered,UPI
O09079,C0213,P004,2025-07-17 0:00:00,2,5564,15,4729.4,2,delivered,UPI
O09080,C0460,P061,2025-12-24 0:00:00,5,9273.24,20,7418.59,5,Returned,Card
O09081,C0322,P022,2024-09-01 0:00:00,3,3943.87,15,3352.29,9,Delivered,Wallet
O09082,C0227,P082,2024-08-16 0:00:00,2,5770.84,15,4905.21,3,Delivered,Wallet
O09083,C0018,P033,2024-08-18 0:00:00,3,5240.66,0,5240.66,8,Returned,UPI
O09084,C0415,P020,2025-09-08 0:00:00,4,6814.52,15,5792.34,1,DELIVERED,Wallet
O09085,C0380,P002,2025-01-03 0:00:00,4,6078.28,5,5774.37,3,Delivered,UPI
O09086,C0344,P028,2025-03-08 0:00:00,1,7899.17,20,6319.34,5,DELIVERED,Wallet
O09087,C0135,P092,2024-01-18 0:00:00,4,7570.64,15,6435.04,6,delivered,Card
O09088,C0304,P033,2024-01-30 0:00:00,2,8670.42,0,8670.42,12,DELIVERED,Wallet
O09089,C0113,P021,2023-08-01 0:00:00,2,6056.06,15,5147.65,11,DELIVERED,Card
O09090,C0041,P096,2025-07-13 0:00:00,5,7173.15,10,6455.84,7,Delivered,Wallet
O09091,C0058,P072,2025-11-12 0:00:00,5,3905,10,3514.5,12,delivered,Wallet
O09092,C0129,P011,2024-01-11 0:00:00,3,6235.36,0,6235.36,10,DELIVERED,COD
O09093,C0389,P026,2024-09-11 0:00:00,4,1819.64,15,1546.69,1,DELIVERED,Wallet
O09094,C0099,P006,2025-11-03 0:00:00,3,8401.62,20,6721.3,5,Returned,COD
O09095,C0364,P038,2025-10-06 0:00:00,2,6578.13,15,5591.41,7,Delivered,COD
O09096,C0293,P052,2023-08-30 0:00:00,3,7015.92,0,7015.92,10,delivered,UPI
O09097,C0064,P029,2023-02-08 0:00:00,4,6164.21,15,5239.58,8,Returned,UPI
O09098,C0082,P064,2023-10-01 0:00:00,2,6760.07,20,5408.06,6,DELIVERED,COD
O09099,C0463,P091,2023-05-31 0:00:00,1,8479.24,20,6783.39,6,Cancelled,UPI
O09100,C0074,P010,2024-05-22 0:00:00,4,1684.41,0,1684.41,3,Delivered,Wallet
O09101,C0397,P097,2026-01-20 0:00:00,2,2699.34,0,2699.34,11,Delivered,UPI
O09102,C0474,P001,2025-12-04 0:00:00,1,7758.12,20,6206.5,5,Cancelled,COD
O09103,C0228,P004,2025-01-23 0:00:00,5,3869.05,5,3675.6,7,Cancelled,Wallet
O09104,C0031,P023,2024-01-11 0:00:00,2,4233.98,10,3810.58,5,Cancelled,Wallet
O09105,C0140,P066,2024-08-05 0:00:00,3,4531.35,5,4304.78,10,Cancelled,UPI
O09106,C0289,P065,2026-01-09 0:00:00,5,1033.18,20,826.54,4,DELIVERED,Card
O09107,C0262,P027,2023-05-24 0:00:00,4,4959.49,5,4711.52,2,Returned,COD
O09108,C0497,P080,2025-09-07 0:00:00,1,7178.02,10,6460.22,1,delivered,UPI
O09109,C0051,P071,2023-11-01 0:00:00,3,5252.7,15,4464.8,9,Delivered,COD
O09110,C0170,P006,2025-04-30 0:00:00,1,1687.5,20,1350,3,Returned,Wallet
O09111,C0142,P047,2025-05-09 0:00:00,2,2188.55,10,1969.7,12,Returned,Wallet
O09112,C0393,P001,2024-07-19 0:00:00,2,1283.64,15,1091.09,8,Delivered,UPI
O09113,C0102,P079,2023-10-06 0:00:00,3,1648.25,15,1401.01,6,Delivered,Wallet
O09114,C0426,P051,2024-05-28 0:00:00,1,8545.86,0,8545.86,5,Returned,Wallet
O09115,C0320,P007,2025-10-19 0:00:00,1,4775.87,20,3820.7,10,Delivered,Wallet
O09116,C0317,P022,2023-12-30 0:00:00,4,2730.37,20,2184.3,4,delivered,Wallet
O09117,C0476,P020,2024-02-06 0:00:00,2,1648.11,0,1648.11,6,DELIVERED,Wallet
O09118,C0290,P031,2023-09-14 0:00:00,3,8823.12,15,7499.65,2,delivered,COD
O09119,C0264,P046,2023-03-29 0:00:00,4,9968.32,15,8473.07,2,Cancelled,COD
O09120,C0067,P004,2024-03-20 0:00:00,1,6144.26,15,5222.62,4,Cancelled,UPI
O09121,C0363,P067,2025-07-18 0:00:00,4,9068.25,0,9068.25,10,Delivered,Card
O09122,C0192,P061,2025-04-12 0:00:00,4,9917.23,20,7933.78,5,Cancelled,Wallet
O09123,C0346,P013,2023-12-19 0:00:00,2,1626.67,10,1464,4,Returned,Wallet
O09124,C0253,P100,2025-12-29 0:00:00,2,2269.46,5,2155.99,12,Delivered,UPI
O09125,C0426,P049,2025-04-08 0:00:00,1,3848.05,15,3270.84,6,delivered,Wallet
O09126,C0032,P009,2023-03-14 0:00:00,5,7120.31,15,6052.26,11,Returned,Wallet
O09127,C0096,P080,2023-04-08 0:00:00,5,5173,5,4914.35,11,DELIVERED,COD
O09128,C0210,P082,2025-03-22 0:00:00,1,8913.51,15,7576.48,12,delivered,UPI
O09129,C0076,P017,2024-02-22 0:00:00,3,4449.39,10,4004.45,8,Cancelled,UPI
O09130,C0333,P069,2025-11-22 0:00:00,5,7898.71,10,7108.84,11,DELIVERED,COD
O09131,C0004,P037,2025-03-05 0:00:00,5,9002.52,0,9002.52,7,Delivered,Wallet
O09132,C0237,P022,2025-03-11 0:00:00,1,2282.63,0,2282.63,8,delivered,Wallet
O09133,C0184,P030,2023-10-28 0:00:00,2,5300.44,10,4770.4,5,Returned,Card
O09134,C0263,P008,2023-10-13 0:00:00,3,9073.51,10,8166.16,12,DELIVERED,Wallet
O09135,C0099,P078,2025-09-03 0:00:00,4,6424.46,20,5139.57,10,delivered,COD
O09136,C0153,P012,2025-08-08 0:00:00,1,7705.98,20,6164.78,7,delivered,Wallet
O09137,C0487,P073,2025-01-22 0:00:00,5,3565.19,10,3208.67,9,DELIVERED,Card
O09138,C0178,P022,2024-02-29 0:00:00,5,8318.14,10,7486.33,5,Returned,COD
O09139,C0470,P092,2023-06-13 0:00:00,2,1543.97,15,1312.37,2,Delivered,COD
O09140,C0366,P036,2024-01-14 0:00:00,3,6150.07,15,5227.56,12,delivered,Card
O09141,C0354,P022,2025-11-06 0:00:00,3,1490.83,5,1416.29,7,Returned,Wallet
O09142,C0179,P053,2024-10-23 0:00:00,5,7566.25,15,6431.31,10,DELIVERED,COD
O09143,C0063,P080,2025-10-06 0:00:00,4,9703.08,5,9217.93,7,delivered,Wallet
O09144,C0337,P081,2024-11-24 0:00:00,5,4074.7,10,3667.23,7,Cancelled,UPI
O09145,C0089,P001,2023-04-13 0:00:00,4,4766.45,20,3813.16,2,delivered,Card
O09146,C0016,P023,2023-06-12 0:00:00,3,8941.88,15,7600.6,8,Cancelled,Wallet
O09147,C0463,P091,2025-06-10 0:00:00,5,5026.93,20,4021.54,3,Cancelled,Wallet
O09148,C0111,P027,2025-08-22 0:00:00,1,9298.12,15,7903.4,3,Returned,Wallet
O09149,C0325,P062,2023-05-26 0:00:00,1,2529.76,0,2529.76,3,DELIVERED,UPI
O09150,C0021,P012,2026-01-17 0:00:00,2,8807.89,5,8367.5,10,Cancelled,Card
O09151,C0394,P039,2023-11-26 0:00:00,4,2832.85,15,2407.92,8,Delivered,Wallet
O09152,C0470,P020,2024-09-06 0:00:00,4,956.64,5,908.81,2,Delivered,Wallet
O09153,C0444,P067,2026-01-05 0:00:00,3,9905.09,15,8419.33,7,delivered,COD
O09154,C0230,P081,2024-06-17 0:00:00,5,6201.95,5,5891.85,2,Returned,COD
O09155,C0416,P002,2024-03-03 0:00:00,5,4970.94,10,4473.85,3,Delivered,COD
O09156,C0268,P004,2025-02-15 0:00:00,4,4053.18,10,3647.86,12,Delivered,Wallet
O09157,C0402,P055,2024-08-05 0:00:00,3,5147.98,20,4118.38,7,Cancelled,UPI
O09158,C0272,P046,2025-02-22 0:00:00,5,8173.25,10,7355.93,10,DELIVERED,Wallet
O09159,C0218,P041,2025-01-24 0:00:00,2,3868.77,5,3675.33,12,DELIVERED,Wallet
O09160,C0104,P067,2026-04-03 0:00:00,1,8566.97,20,6853.58,4,delivered,COD
O09161,C0361,P081,2023-02-21 0:00:00,1,4485.83,20,3588.66,4,Cancelled,Wallet
O09162,C0176,P005,2024-05-03 0:00:00,2,1476.91,5,1403.06,9,DELIVERED,UPI
O09163,C0024,P051,2025-08-10 0:00:00,2,9001.93,20,7201.54,12,Delivered,COD
O09164,C0364,P099,2026-01-30 0:00:00,1,3532.01,10,3178.81,12,Cancelled,Card
O09165,C0474,P099,2025-11-04 0:00:00,1,8745.54,0,8745.54,8,Delivered,Card
O09166,C0427,P015,2025-12-31 0:00:00,2,6314.78,0,6314.78,2,delivered,Wallet
O09167,C0493,P065,2023-10-14 0:00:00,5,5671.55,10,5104.4,11,Cancelled,Card
O09168,C0197,P046,2026-01-28 0:00:00,3,7729.65,20,6183.72,9,Returned,Wallet
O09169,C0183,P068,2024-01-06 0:00:00,5,9289.08,5,8824.63,9,DELIVERED,COD
O09170,C0049,P056,2024-04-29 0:00:00,3,9125.87,0,9125.87,11,Delivered,Wallet
O09171,C0166,P059,2024-12-09 0:00:00,2,2471.44,20,1977.15,9,Delivered,Card
O09172,C0215,P083,2026-04-15 0:00:00,2,7340.82,10,6606.74,8,Returned,COD
O09173,C0440,P012,2023-05-07 0:00:00,5,1857.55,20,1486.04,5,DELIVERED,Card
O09174,C0045,P096,2024-12-10 0:00:00,1,6762.87,0,6762.87,1,Cancelled,Card
O09175,C0397,P061,2024-12-13 0:00:00,2,6017.17,20,4813.74,11,Cancelled,Wallet
O09176,C0440,P074,2024-02-06 0:00:00,3,3233.81,5,3072.12,3,delivered,UPI
O09177,C0282,P078,2024-05-15 0:00:00,4,8341.84,5,7924.75,3,Delivered,UPI
O09178,C0290,P039,2024-07-08 0:00:00,3,5953.53,20,4762.82,7,Delivered,Wallet
O09179,C0109,P056,2025-05-31 0:00:00,2,8838.93,5,8396.98,11,Delivered,COD
O09180,C0302,P056,2024-05-17 0:00:00,5,2147.5,20,1718,5,Returned,Card
O09181,C0308,P078,2023-06-10 0:00:00,3,8212.09,20,6569.67,7,Cancelled,COD
O09182,C0264,P014,2025-01-25 0:00:00,3,6866.52,0,6866.52,1,Delivered,UPI
O09183,C0171,P071,2023-08-19 0:00:00,2,793.27,0,793.27,12,Delivered,COD
O09184,C0370,P018,2024-05-29 0:00:00,3,8002.21,10,7201.99,11,Returned,COD
O09185,C0442,P040,2025-02-26 0:00:00,1,9421.75,15,8008.49,6,Cancelled,Card
O09186,C0173,P056,2024-10-04 0:00:00,5,654.06,5,621.36,8,Cancelled,UPI
O09187,C0151,P083,2026-03-27 0:00:00,5,1186.99,0,1186.99,10,Delivered,COD
O09188,C0351,P015,2025-10-08 0:00:00,1,1182.02,15,1004.72,5,DELIVERED,UPI
O09189,C0034,P057,2024-06-20 0:00:00,2,5333.62,15,4533.58,9,DELIVERED,COD
O09190,C0183,P057,2025-08-29 0:00:00,5,5596.61,10,5036.95,8,Cancelled,Wallet
O09191,C0377,P068,2025-03-02 0:00:00,5,7718.69,5,7332.76,11,Cancelled,Card
O09192,C0351,P068,2024-02-15 0:00:00,2,7209.6,5,6849.12,7,Cancelled,Card
O09193,C0398,P048,2024-12-31 0:00:00,1,1078.33,10,970.5,7,Returned,UPI
O09194,C0226,P030,2024-03-24 0:00:00,3,1158.55,20,926.84,3,DELIVERED,UPI
O09195,C0045,P079,2025-12-05 0:00:00,2,1579.81,5,1500.82,3,Returned,Wallet
O09196,C0068,P066,2023-10-19 0:00:00,2,2587.9,15,2199.72,5,delivered,COD
O09197,C0465,P057,2023-09-05 0:00:00,3,7515.04,5,7139.29,1,delivered,Card
O09198,C0479,P001,2025-08-19 0:00:00,2,792.01,10,712.81,1,delivered,Card
O09199,C0138,P033,2024-07-23 0:00:00,2,3205.28,20,2564.22,5,Delivered,COD
O09200,C0279,P069,2025-07-06 0:00:00,1,2379.57,15,2022.63,11,Delivered,COD
O09201,C0240,P095,2024-01-04 0:00:00,3,2922.12,20,2337.7,6,DELIVERED,Card
O09202,C0027,P074,2026-03-12 0:00:00,5,6664.39,10,5997.95,4,Returned,Card
O09203,C0106,P086,2023-12-10 0:00:00,2,2370.71,5,2252.17,6,Returned,Card
O09204,C0365,P014,2025-02-07 0:00:00,2,2812.49,0,2812.49,7,delivered,Wallet
O09205,C0022,P059,2025-12-03 0:00:00,3,3835.41,15,3260.1,9,Cancelled,Card
O09206,C0497,P039,2025-09-22 0:00:00,1,9500.19,5,9025.18,9,Delivered,COD
O09207,C0101,P002,2023-04-19 0:00:00,1,2229.22,5,2117.76,10,delivered,Wallet
O09208,C0451,P048,2025-01-23 0:00:00,2,8046.16,20,6436.93,12,delivered,Wallet
O09209,C0234,P006,2024-03-31 0:00:00,2,1256.32,15,1067.87,4,Returned,Wallet
O09210,C0002,P099,2024-02-23 0:00:00,3,4783.03,5,4543.88,7,delivered,Card
O09211,C0296,P073,2023-02-26 0:00:00,4,8664.78,0,8664.78,6,Cancelled,Wallet
O09212,C0024,P068,2023-07-22 0:00:00,1,1797.88,0,1797.88,6,Delivered,COD
O09213,C0066,P074,2025-04-15 0:00:00,2,3639.31,0,3639.31,3,DELIVERED,Card
O09214,C0371,P054,2024-10-01 0:00:00,2,1487.78,0,1487.78,9,DELIVERED,Wallet
O09215,C0056,P021,2023-07-22 0:00:00,1,2337.04,5,2220.19,9,Cancelled,Wallet
O09216,C0214,P094,2023-05-27 0:00:00,4,8989.66,15,7641.21,4,delivered,Wallet
O09217,C0270,P049,2025-10-19 0:00:00,1,9387.62,20,7510.1,8,Cancelled,Wallet
O09218,C0300,P032,2024-02-11 0:00:00,1,1206.97,20,965.58,11,delivered,UPI
O09219,C0110,P012,2025-03-01 0:00:00,4,6458.73,5,6135.79,8,Returned,COD
O09220,C0339,P090,2023-06-21 0:00:00,4,9374.04,5,8905.34,10,Cancelled,Wallet
O09221,C0048,P003,2023-01-23 0:00:00,1,3905.61,5,3710.33,10,delivered,Wallet
O09222,C0325,P070,2024-01-06 0:00:00,4,4942.58,10,4448.32,1,Cancelled,Card
O09223,C0399,P088,2024-02-23 0:00:00,2,5150.87,20,4120.7,8,Delivered,COD
O09224,C0146,P083,2025-11-24 0:00:00,5,8777.16,5,8338.3,8,DELIVERED,Wallet
O09225,C0117,P084,2024-01-15 0:00:00,4,5450.13,20,4360.1,12,DELIVERED,Wallet
O09226,C0358,P020,2024-01-24 0:00:00,3,8833.41,5,8391.74,8,DELIVERED,UPI
O09227,C0315,P086,2023-08-12 0:00:00,3,1896.37,5,1801.55,10,Delivered,Wallet
O09228,C0096,P015,2023-07-17 0:00:00,4,7436.88,20,5949.5,7,delivered,Wallet
O09229,C0384,P023,2023-03-11 0:00:00,3,6237.95,10,5614.15,8,Cancelled,Wallet
O09230,C0079,P066,2023-06-16 0:00:00,5,8843.53,5,8401.35,5,Returned,Card
O09231,C0148,P075,2023-02-09 0:00:00,4,9601.26,20,7681.01,11,Delivered,UPI
O09232,C0052,P023,2023-07-15 0:00:00,1,9027.84,5,8576.45,1,Returned,Card
O09233,C0103,P008,2023-12-14 0:00:00,3,6505.4,10,5854.86,4,Returned,Wallet
O09234,C0322,P090,2023-11-11 0:00:00,2,8387.92,20,6710.34,10,Cancelled,COD
O09235,C0398,P010,2024-04-22 0:00:00,1,9153.65,5,8695.97,3,delivered,Wallet
O09236,C0407,P069,2024-06-19 0:00:00,2,8440.09,0,8440.09,12,Delivered,UPI
O09237,C0188,P016,2024-04-29 0:00:00,3,1368.67,15,1163.37,4,Delivered,Card
O09238,C0359,P009,2024-01-24 0:00:00,5,6228.88,20,4983.1,1,delivered,UPI
O09239,C0294,P074,2024-11-16 0:00:00,2,8061.57,10,7255.41,9,Delivered,Wallet
O09240,C0174,P002,2026-03-22 0:00:00,2,8328.98,5,7912.53,7,DELIVERED,Wallet
O09241,C0185,P054,2023-01-15 0:00:00,3,4389.26,10,3950.33,6,delivered,Card
O09242,C0327,P044,2025-09-05 0:00:00,4,8587.01,10,7728.31,2,DELIVERED,Card
O09243,C0326,P032,2023-11-13 0:00:00,3,4950.48,15,4207.91,5,Cancelled,Card
O09244,C0029,P036,2024-05-07 0:00:00,2,1964.8,20,1571.84,7,delivered,UPI
O09245,C0369,P002,2024-07-08 0:00:00,4,1620.55,0,1620.55,8,delivered,Wallet
O09246,C0145,P026,2024-01-23 0:00:00,5,4498.83,10,4048.95,9,Cancelled,Card
O09247,C0315,P057,2026-01-31 0:00:00,3,9981.56,15,8484.33,1,delivered,Wallet
O09248,C0498,P015,2025-05-06 0:00:00,4,6270.91,0,6270.91,11,DELIVERED,Card
O09249,C0240,P041,2023-05-29 0:00:00,1,6719.31,15,5711.41,4,Cancelled,Wallet
O09250,C0188,P016,2023-04-01 0:00:00,4,5339.11,10,4805.2,3,Returned,UPI
O09251,C0228,P010,2023-05-18 0:00:00,4,3725.22,20,2980.18,9,Returned,Wallet
O09252,C0175,P028,2023-06-11 0:00:00,4,2968.8,15,2523.48,8,Cancelled,Card
O09253,C0439,P073,2025-01-27 0:00:00,4,6326.88,0,6326.88,7,DELIVERED,UPI
O09254,C0283,P080,2023-11-02 0:00:00,3,7958.98,0,7958.98,3,Cancelled,Card
O09255,C0411,P052,2026-02-21 0:00:00,3,4811.06,5,4570.51,7,Delivered,Card
O09256,C0148,P047,2024-10-11 0:00:00,5,9437.08,10,8493.37,12,DELIVERED,COD
O09257,C0400,P075,2025-01-23 0:00:00,1,8695.1,15,7390.84,6,Returned,Card
O09258,C0226,P003,2025-01-09 0:00:00,5,6825.8,20,5460.64,6,Cancelled,COD
O09259,C0225,P024,2024-03-15 0:00:00,4,9053.3,20,7242.64,7,Delivered,Wallet
O09260,C0397,P097,2024-09-05 0:00:00,3,3554.02,10,3198.62,7,DELIVERED,Wallet
O09261,C0286,P065,2025-08-28 0:00:00,2,5032.92,15,4277.98,12,Cancelled,Wallet
O09262,C0482,P093,2024-07-07 0:00:00,5,7913.02,20,6330.42,11,Returned,UPI
O09263,C0360,P051,2023-10-23 0:00:00,4,6018.56,0,6018.56,8,Returned,Wallet
O09264,C0111,P044,2023-07-01 0:00:00,3,5788.41,15,4920.15,12,Returned,Wallet
O09265,C0417,P072,2026-01-29 0:00:00,2,7286.34,10,6557.71,8,Delivered,Wallet
O09266,C0214,P014,2025-07-25 0:00:00,2,7253.36,15,6165.36,7,Cancelled,Card
O09267,C0439,P015,2024-04-28 0:00:00,1,6477.32,0,6477.32,12,Returned,UPI
O09268,C0162,P005,2023-06-09 0:00:00,2,973.01,0,973.01,5,Cancelled,Card
O09269,C0014,P080,2023-03-06 0:00:00,3,9212.77,10,8291.49,10,delivered,Wallet
O09270,C0077,P039,2024-04-04 0:00:00,2,8834.47,10,7951.02,5,Delivered,COD
O09271,C0419,P003,2024-10-14 0:00:00,4,8971.92,15,7626.13,11,Returned,UPI
O09272,C0205,P060,2026-03-09 0:00:00,5,1854.38,5,1761.66,1,Returned,Card
O09273,C0476,P044,2024-11-30 0:00:00,5,3209.58,5,3049.1,6,Cancelled,COD
O09274,C0273,P015,2025-07-05 0:00:00,2,1877.3,0,1877.3,11,DELIVERED,Wallet
O09275,C0487,P074,2023-01-09 0:00:00,4,7176.51,0,7176.51,2,Returned,UPI
O09276,C0298,P099,2023-03-31 0:00:00,3,9705.25,20,7764.2,5,DELIVERED,UPI
O09277,C0067,P048,2025-11-03 0:00:00,3,5442.8,20,4354.24,9,Delivered,Card
O09278,C0168,P097,2025-11-04 0:00:00,1,7671.61,5,7288.03,3,Delivered,UPI
O09279,C0393,P052,2024-12-17 0:00:00,3,1506.99,20,1205.59,1,Cancelled,Card
O09280,C0192,P018,2026-03-01 0:00:00,1,2680.92,20,2144.74,6,Cancelled,COD
O09281,C0330,P078,2023-04-02 0:00:00,2,5443.51,15,4626.98,2,delivered,Card
O09282,C0401,P090,2025-07-03 0:00:00,2,8548.69,15,7266.39,9,Returned,UPI
O09283,C0327,P075,2024-09-25 0:00:00,5,7212.96,20,5770.37,8,Cancelled,Card
O09284,C0254,P060,2024-12-22 0:00:00,1,3758.69,5,3570.76,12,Delivered,Wallet
O09285,C0367,P051,2026-02-25 0:00:00,4,2685.77,20,2148.62,8,DELIVERED,Card
O09286,C0337,P092,2026-01-16 0:00:00,1,1533.14,10,1379.83,10,Cancelled,UPI
O09287,C0166,P064,2023-02-09 0:00:00,3,2832.48,15,2407.61,10,DELIVERED,UPI
O09288,C0065,P030,2023-05-29 0:00:00,1,5405.85,5,5135.56,5,Cancelled,COD
O09289,C0125,P099,2024-09-18 0:00:00,2,7031.65,0,7031.65,7,Cancelled,UPI
O09290,C0352,P073,2025-12-03 0:00:00,1,6925.13,20,5540.1,6,Cancelled,UPI
O09291,C0413,P011,2023-12-07 0:00:00,4,5602.44,15,4762.07,9,DELIVERED,UPI
O09292,C0283,P018,2024-07-05 0:00:00,3,5059.57,20,4047.66,7,Returned,Card
O09293,C0362,P009,2024-08-09 0:00:00,4,7994.03,0,7994.03,7,Delivered,Card
O09294,C0001,P080,2025-08-28 0:00:00,3,1278,10,1150.2,1,DELIVERED,Wallet
O09295,C0099,P085,2023-06-24 0:00:00,3,1760.93,20,1408.74,9,Delivered,COD
O09296,C0110,P039,2024-11-02 0:00:00,3,657.86,15,559.18,4,Cancelled,Wallet
O09297,C0493,P089,2024-11-26 0:00:00,2,9474.46,0,9474.46,9,Returned,Wallet
O09298,C0267,P002,2025-11-05 0:00:00,4,9138.55,10,8224.69,5,DELIVERED,Card
O09299,C0151,P082,2024-01-24 0:00:00,2,5667.31,5,5383.94,8,delivered,Card
O09300,C0161,P077,2024-11-08 0:00:00,4,8803.96,20,7043.17,3,DELIVERED,UPI
O09301,C0193,P067,2024-07-12 0:00:00,1,9559.4,10,8603.46,1,Delivered,UPI
O09302,C0479,P013,2026-03-19 0:00:00,1,4209.09,20,3367.27,12,Returned,UPI
O09303,C0436,P056,2023-10-27 0:00:00,2,833.86,0,833.86,2,Returned,Card
O09304,C0060,P077,2026-04-10 0:00:00,1,7487.09,10,6738.38,5,Delivered,Card
O09305,C0488,P079,2025-09-07 0:00:00,5,9991.9,15,8493.11,9,Delivered,COD
O09306,C0212,P009,2023-11-26 0:00:00,5,1841.51,0,1841.51,6,Delivered,Wallet
O09307,C0445,P033,2025-09-19 0:00:00,5,5992.54,10,5393.29,6,Delivered,Wallet
O09308,C0410,P038,2024-07-11 0:00:00,5,5636.46,10,5072.81,10,Cancelled,Card
O09309,C0440,P017,2023-02-11 0:00:00,3,1435.32,5,1363.55,2,Returned,Wallet
O09310,C0008,P062,2023-03-20 0:00:00,3,7151.65,10,6436.48,7,Delivered,Wallet
O09311,C0156,P057,2023-06-22 0:00:00,3,2508.66,10,2257.79,9,Cancelled,Card
O09312,C0488,P050,2023-07-18 0:00:00,3,2954.59,10,2659.13,4,delivered,COD
O09313,C0241,P083,2025-12-15 0:00:00,1,2422.18,0,2422.18,3,delivered,Wallet
O09314,C0085,P088,2024-05-28 0:00:00,1,6181.11,0,6181.11,1,Delivered,Card
O09315,C0279,P059,2025-02-05 0:00:00,4,2743.92,10,2469.53,9,DELIVERED,Card
O09316,C0070,P077,2023-05-18 0:00:00,5,6071.15,0,6071.15,7,Cancelled,Wallet
O09317,C0118,P070,2025-07-26 0:00:00,4,5066.63,0,5066.63,3,Returned,Card
O09318,C0397,P007,2023-06-23 0:00:00,3,563.95,5,535.75,1,Cancelled,UPI
O09319,C0441,P084,2026-02-21 0:00:00,3,4758.41,10,4282.57,4,Delivered,Wallet
O09320,C0441,P024,2024-06-03 0:00:00,1,4070.43,5,3866.91,2,DELIVERED,Card
O09321,C0215,P065,2025-11-20 0:00:00,2,9471.9,10,8524.71,6,Returned,Wallet
O09322,C0248,P006,2025-06-27 0:00:00,5,2068.41,5,1964.99,5,delivered,COD
O09323,C0252,P075,2025-11-25 0:00:00,4,2233.65,10,2010.29,10,Returned,Wallet
O09324,C0430,P085,2024-11-15 0:00:00,5,7978.41,5,7579.49,6,Delivered,Wallet
O09325,C0268,P031,2024-11-21 0:00:00,4,1830.2,5,1738.69,1,delivered,Card
O09326,C0450,P054,2023-10-11 0:00:00,2,6136.93,20,4909.54,9,Cancelled,Wallet
O09327,C0394,P075,2023-12-22 0:00:00,1,1809.87,15,1538.39,9,Returned,Card
O09328,C0411,P075,2025-07-28 0:00:00,2,7813.05,5,7422.4,11,Returned,Wallet
O09329,C0367,P045,2024-01-30 0:00:00,1,1807.26,0,1807.26,6,delivered,COD
O09330,C0152,P050,2026-01-14 0:00:00,1,4761.3,10,4285.17,12,DELIVERED,Wallet
O09331,C0156,P030,2025-02-01 0:00:00,4,1494.43,20,1195.54,2,Delivered,Wallet
O09332,C0162,P032,2026-03-27 0:00:00,1,6667.12,15,5667.05,1,DELIVERED,Wallet
O09333,C0117,P092,2024-02-17 0:00:00,4,1883.05,5,1788.9,4,Cancelled,UPI
O09334,C0464,P039,2025-12-26 0:00:00,3,9541.76,10,8587.58,7,Cancelled,Wallet
O09335,C0191,P092,2025-09-10 0:00:00,1,6646.27,0,6646.27,10,delivered,UPI
O09336,C0439,P099,2025-03-02 0:00:00,2,2483.15,0,2483.15,5,delivered,Wallet
O09337,C0040,P098,2024-07-23 0:00:00,1,6490.52,0,6490.52,1,delivered,Wallet
O09338,C0134,P007,2024-11-11 0:00:00,3,3957.65,5,3759.77,6,Cancelled,UPI
O09339,C0133,P077,2024-04-08 0:00:00,1,7399.61,5,7029.63,3,Returned,COD
O09340,C0354,P073,2023-06-13 0:00:00,3,4892.82,10,4403.54,7,DELIVERED,Wallet
O09341,C0206,P014,2025-09-06 0:00:00,5,1754.98,0,1754.98,2,Delivered,Card
O09342,C0056,P011,2026-01-19 0:00:00,2,5175.05,0,5175.05,8,DELIVERED,Wallet
O09343,C0209,P087,2025-06-09 0:00:00,2,9653.37,0,9653.37,1,Delivered,Card
O09344,C0406,P067,2025-07-26 0:00:00,1,2218.04,5,2107.14,9,DELIVERED,Wallet
O09345,C0195,P011,2023-10-01 0:00:00,4,8556.93,5,8129.08,12,delivered,COD
O09346,C0105,P027,2024-01-29 0:00:00,4,7274.77,0,7274.77,7,Delivered,Wallet
O09347,C0073,P020,2026-02-23 0:00:00,1,9810.36,10,8829.32,11,delivered,UPI
O09348,C0468,P068,2023-06-17 0:00:00,1,5977.28,10,5379.55,5,Returned,Wallet
O09349,C0477,P012,2025-06-13 0:00:00,5,3909.45,20,3127.56,7,Returned,Wallet
O09350,C0284,P077,2023-09-17 0:00:00,1,3028.18,20,2422.54,9,Delivered,Card
O09351,C0351,P059,2024-03-21 0:00:00,1,2412.97,0,2412.97,3,Cancelled,Card
O09352,C0301,P050,2024-12-23 0:00:00,4,3713.25,15,3156.26,7,DELIVERED,Card
O09353,C0084,P058,2024-10-12 0:00:00,1,6127.66,10,5514.89,3,Delivered,COD
O09354,C0231,P005,2023-08-17 0:00:00,3,4505.59,10,4055.03,7,Cancelled,Card
O09355,C0364,P092,2024-12-31 0:00:00,5,8529.75,20,6823.8,9,Returned,COD
O09356,C0268,P039,2023-05-09 0:00:00,5,9580.17,0,9580.17,6,DELIVERED,COD
O09357,C0182,P057,2024-03-27 0:00:00,1,4120.07,15,3502.06,3,DELIVERED,Wallet
O09358,C0266,P027,2025-10-29 0:00:00,5,7511.28,10,6760.15,1,Returned,Card
O09359,C0005,P077,2023-05-15 0:00:00,3,3059.17,20,2447.34,1,DELIVERED,COD
O09360,C0355,P021,2024-03-07 0:00:00,2,2049.9,20,1639.92,4,Delivered,Wallet
O09361,C0407,P045,2024-01-20 0:00:00,3,8899.5,20,7119.6,12,DELIVERED,UPI
O09362,C0323,P007,2023-10-29 0:00:00,1,1024.68,15,870.98,10,DELIVERED,Wallet
O09363,C0084,P070,2023-05-02 0:00:00,2,7108.17,10,6397.35,11,DELIVERED,Wallet
O09364,C0465,P032,2023-10-03 0:00:00,4,4714.15,15,4007.03,10,DELIVERED,UPI
O09365,C0248,P033,2024-01-12 0:00:00,4,3454.77,20,2763.82,9,Cancelled,UPI
O09366,C0415,P029,2025-10-21 0:00:00,1,7150.62,20,5720.5,3,DELIVERED,Wallet
O09367,C0223,P053,2025-01-01 0:00:00,4,5847.84,20,4678.27,7,DELIVERED,Card
O09368,C0127,P037,2025-05-25 0:00:00,3,5404.68,10,4864.21,1,Returned,Wallet
O09369,C0471,P085,2023-01-16 0:00:00,4,2463.04,10,2216.74,1,Delivered,Wallet
O09370,C0241,P026,2025-10-17 0:00:00,3,2507.74,10,2256.97,7,delivered,Wallet
O09371,C0488,P018,2025-11-20 0:00:00,2,4425.86,15,3761.98,12,Returned,COD
O09372,C0119,P054,2023-02-07 0:00:00,3,1539.66,5,1462.68,11,delivered,Wallet
O09373,C0162,P064,2025-12-24 0:00:00,4,6223.24,20,4978.59,8,Cancelled,Card
O09374,C0211,P031,2024-07-07 0:00:00,3,6140.02,10,5526.02,5,delivered,Wallet
O09375,C0080,P007,2025-05-22 0:00:00,3,9315.02,10,8383.52,7,Cancelled,COD
O09376,C0195,P042,2024-12-30 0:00:00,2,5156.53,10,4640.88,11,delivered,Wallet
O09377,C0363,P052,2026-04-06 0:00:00,5,5340.6,0,5340.6,8,Cancelled,Wallet
O09378,C0323,P026,2023-02-08 0:00:00,4,6479.6,0,6479.6,11,Cancelled,COD
O09379,C0240,P083,2025-02-23 0:00:00,5,1811.98,15,1540.18,8,Cancelled,Wallet
O09380,C0395,P097,2023-07-14 0:00:00,1,7847.95,0,7847.95,4,delivered,Wallet
O09381,C0497,P042,2024-10-02 0:00:00,2,7769.86,10,6992.87,3,Returned,COD
O09382,C0127,P034,2023-04-08 0:00:00,4,6376.55,5,6057.72,3,delivered,UPI
O09383,C0453,P055,2025-06-18 0:00:00,1,6218.54,0,6218.54,4,Cancelled,Wallet
O09384,C0147,P077,2023-11-29 0:00:00,3,2940.79,15,2499.67,8,Delivered,COD
O09385,C0444,P031,2025-02-11 0:00:00,1,2533.32,20,2026.66,8,Returned,Card
O09386,C0389,P062,2025-08-06 0:00:00,1,6273.67,0,6273.67,12,Delivered,UPI
O09387,C0230,P078,2024-05-21 0:00:00,5,4267.19,20,3413.75,5,Returned,UPI
O09388,C0492,P070,2023-07-30 0:00:00,2,5787.29,20,4629.83,8,Cancelled,Wallet
O09389,C0222,P074,2023-01-01 0:00:00,5,8089.04,5,7684.59,9,delivered,UPI
O09390,C0413,P079,2023-07-28 0:00:00,1,3452.87,0,3452.87,8,Cancelled,Wallet
O09391,C0053,P065,2023-09-07 0:00:00,1,4189.1,5,3979.64,1,Delivered,UPI
O09392,C0432,P064,2025-11-18 0:00:00,4,2414.53,10,2173.08,3,DELIVERED,COD
O09393,C0338,P090,2024-03-23 0:00:00,1,1861.79,0,1861.79,12,Returned,Wallet
O09394,C0495,P087,2025-08-09 0:00:00,2,3430.51,20,2744.41,8,Returned,Wallet
O09395,C0350,P093,2025-11-26 0:00:00,3,1538.15,15,1307.43,8,Delivered,Wallet
O09396,C0357,P094,2026-03-26 0:00:00,4,5710.08,15,4853.57,6,Returned,Wallet
O09397,C0441,P084,2023-05-30 0:00:00,4,2071.41,5,1967.84,7,Cancelled,Wallet
O09398,C0440,P087,2023-11-18 0:00:00,5,1426.82,15,1212.8,1,Delivered,Card
O09399,C0278,P079,2024-08-27 0:00:00,4,5576.57,10,5018.91,2,Cancelled,COD
O09400,C0272,P052,2025-11-21 0:00:00,4,1240.42,20,992.34,9,DELIVERED,Wallet
O09401,C0083,P035,2025-03-10 0:00:00,4,9657.46,15,8208.84,9,Returned,Wallet
O09402,C0035,P029,2023-06-24 0:00:00,4,1359.23,15,1155.35,6,delivered,Wallet
O09403,C0408,P069,2023-06-26 0:00:00,4,2527.9,10,2275.11,3,DELIVERED,Wallet
O09404,C0049,P095,2023-10-15 0:00:00,1,3147.67,5,2990.29,11,Returned,UPI
O09405,C0147,P044,2023-06-25 0:00:00,3,7102.31,15,6036.96,12,delivered,Wallet
O09406,C0390,P001,2025-10-24 0:00:00,3,7120,20,5696,4,Returned,Wallet
O09407,C0402,P016,2024-10-30 0:00:00,1,7601.39,20,6081.11,2,Returned,Wallet
O09408,C0108,P038,2024-04-25 0:00:00,4,1861.95,10,1675.76,12,Delivered,Wallet
O09409,C0060,P017,2024-04-27 0:00:00,4,8700.07,0,8700.07,8,Returned,Wallet
O09410,C0321,P076,2025-10-18 0:00:00,5,6309.6,5,5994.12,10,Returned,Wallet
O09411,C0401,P023,2024-07-16 0:00:00,5,5552.14,20,4441.71,8,delivered,Wallet
O09412,C0469,P044,2023-09-17 0:00:00,2,3443.05,5,3270.9,8,delivered,COD
O09413,C0325,P089,2025-11-13 0:00:00,4,2797.12,15,2377.55,11,Returned,Wallet
O09414,C0401,P025,2023-01-19 0:00:00,2,2428.06,10,2185.25,2,Returned,COD
O09415,C0180,P027,2023-04-02 0:00:00,2,3268.96,0,3268.96,4,Cancelled,Wallet
O09416,C0194,P085,2024-02-06 0:00:00,2,8312.73,0,8312.73,2,DELIVERED,COD
O09417,C0291,P073,2025-08-23 0:00:00,4,8270.78,20,6616.62,4,DELIVERED,UPI
O09418,C0097,P088,2024-06-16 0:00:00,2,3955.23,0,3955.23,3,Cancelled,Wallet
O09419,C0427,P029,2025-06-25 0:00:00,2,9257.64,20,7406.11,9,Delivered,UPI
O09420,C0430,P012,2023-04-08 0:00:00,2,3161.41,15,2687.2,1,delivered,Wallet
O09421,C0081,P076,2025-07-08 0:00:00,2,6653.63,5,6320.95,2,Returned,Wallet
O09422,C0493,P055,2025-04-25 0:00:00,3,8422.82,10,7580.54,11,Cancelled,Card
O09423,C0206,P029,2025-07-08 0:00:00,3,1925.32,5,1829.05,7,Returned,Wallet
O09424,C0216,P062,2023-07-30 0:00:00,2,1342.27,0,1342.27,7,delivered,Card
O09425,C0103,P072,2024-01-28 0:00:00,4,5551.9,20,4441.52,4,Cancelled,COD
O09426,C0324,P077,2025-01-10 0:00:00,3,6788.52,20,5430.82,4,DELIVERED,Wallet
O09427,C0463,P061,2023-07-18 0:00:00,1,4440.55,0,4440.55,9,Delivered,Wallet
O09428,C0076,P080,2023-09-18 0:00:00,2,7418.65,15,6305.85,11,DELIVERED,COD
O09429,C0456,P044,2024-12-05 0:00:00,5,1072.12,10,964.91,2,Cancelled,Card
O09430,C0366,P088,2025-10-22 0:00:00,2,8596.08,10,7736.47,9,Returned,COD
O09431,C0148,P008,2023-10-21 0:00:00,5,1735.92,0,1735.92,11,delivered,Wallet
O09432,C0025,P077,2026-01-01 0:00:00,1,2876.65,10,2588.99,12,Cancelled,Card
O09433,C0344,P043,2025-04-28 0:00:00,1,2659.81,0,2659.81,3,Returned,UPI
O09434,C0213,P044,2026-03-25 0:00:00,5,4153.45,10,3738.11,4,DELIVERED,COD
O09435,C0400,P085,2025-08-03 0:00:00,3,8977.05,0,8977.05,12,delivered,Wallet
O09436,C0376,P068,2025-08-11 0:00:00,5,8396.1,5,7976.3,10,DELIVERED,COD
O09437,C0308,P018,2025-12-30 0:00:00,4,2516.88,15,2139.35,5,Cancelled,COD
O09438,C0085,P075,2023-02-25 0:00:00,1,1599.29,0,1599.29,11,Delivered,Card
O09439,C0476,P049,2025-03-14 0:00:00,1,764.12,20,611.3,4,Returned,UPI
O09440,C0401,P081,2024-02-06 0:00:00,2,539.11,0,539.11,10,delivered,Wallet
O09441,C0184,P024,2023-02-23 0:00:00,2,1488.45,10,1339.61,6,delivered,Wallet
O09442,C0284,P084,2024-05-25 0:00:00,5,1202.44,5,1142.32,3,delivered,Wallet
O09443,C0401,P084,2025-09-21 0:00:00,5,1794.89,10,1615.4,12,Returned,Wallet
O09444,C0481,P030,2024-12-26 0:00:00,4,6359.94,5,6041.94,3,Returned,Wallet
O09445,C0003,P003,2024-07-27 0:00:00,5,6942.89,15,5901.46,-2,Cancelled,Wallet
O09446,C0330,P044,2023-04-23 0:00:00,2,3912.2,5,3716.59,2,Cancelled,Wallet
O09447,C0248,P006,2023-08-18 0:00:00,3,2008.26,5,1907.85,6,Returned,UPI
O09448,C0451,P088,2023-04-21 0:00:00,4,3538.96,20,2831.17,9,Cancelled,COD
O09449,C0049,P084,2023-11-08 0:00:00,1,3829.58,15,3255.14,1,Cancelled,COD
O09450,C0328,P099,2025-08-15 0:00:00,1,7414.42,5,7043.7,7,Cancelled,COD
O09451,C0212,P064,2023-06-23 0:00:00,2,3027.46,10,2724.71,8,Returned,Card
O09452,C0085,P016,2024-04-26 0:00:00,2,8347.15,15,7095.08,3,delivered,COD
O09453,C0050,P088,2023-09-19 0:00:00,5,5460.18,0,5460.18,7,Returned,Card
O09454,C0331,P050,2025-03-22 0:00:00,4,507.5,10,456.75,4,Delivered,Card
O09455,C0484,P077,2023-11-09 0:00:00,1,1593.66,5,1513.98,8,Returned,UPI
O09456,C0390,P080,2025-11-16 0:00:00,3,7043.75,20,5635,3,delivered,COD
O09457,C0063,P084,2023-09-18 0:00:00,5,4912.31,15,4175.46,5,DELIVERED,UPI
O09458,C0489,P095,2025-11-21 0:00:00,3,2840.4,10,2556.36,9,delivered,Card
O09459,C0336,P100,2023-12-17 0:00:00,3,7590.64,0,7590.64,9,Cancelled,UPI
O09460,C0289,P023,2024-03-26 0:00:00,2,2923.8,10,2631.42,6,DELIVERED,COD
O09461,C0039,P079,2024-06-03 0:00:00,4,8117.26,5,7711.4,2,Cancelled,UPI
O09462,C0337,P031,2026-03-10 0:00:00,1,8784.81,0,8784.81,3,Cancelled,Card
O09463,C0343,P014,2023-03-28 0:00:00,1,7276.76,20,5821.41,11,Cancelled,Wallet
O09464,C0237,P015,2023-12-17 0:00:00,2,2728.29,20,2182.63,7,delivered,UPI
O09465,C0018,P020,2023-08-01 0:00:00,1,4638.59,10,4174.73,4,delivered,UPI
O09466,C0464,P030,2025-01-31 0:00:00,4,4336.03,5,4119.23,8,Returned,Wallet
O09467,C0153,P089,2025-04-23 0:00:00,3,5377.08,5,5108.23,7,DELIVERED,UPI
O09468,C0211,P065,2024-03-26 0:00:00,2,4192.91,5,3983.26,10,delivered,Wallet
O09469,C0443,P030,2025-06-03 0:00:00,2,2724.13,0,2724.13,8,DELIVERED,Wallet
O09470,C0243,P083,2024-12-03 0:00:00,2,2497.05,10,2247.35,2,DELIVERED,Wallet
O09471,C0196,P049,2025-11-03 0:00:00,5,3535.61,15,3005.27,1,Cancelled,Wallet
O09472,C0373,P046,2023-02-22 0:00:00,1,6148.42,15,5226.16,9,Cancelled,COD
O09473,C0372,P023,2024-04-08 0:00:00,4,9450.2,15,8032.67,7,delivered,Wallet
O09474,C0240,P074,2024-12-13 0:00:00,5,3057.19,0,3057.19,2,Returned,UPI
O09475,C0028,P028,2024-10-09 0:00:00,3,6252.79,10,5627.51,7,Cancelled,Card
O09476,C0191,P062,2026-02-04 0:00:00,2,6956.25,0,6956.25,6,Delivered,Wallet
O09477,C0313,P045,2023-08-28 0:00:00,5,3217.71,15,2735.05,11,DELIVERED,Wallet
O09478,C0239,P047,2025-04-03 0:00:00,4,3440.28,0,3440.28,4,Delivered,Wallet
O09479,C0333,P052,2023-09-16 0:00:00,1,9962.9,5,9464.75,11,DELIVERED,UPI
O09480,C0142,P068,2025-01-02 0:00:00,4,8781.54,15,7464.31,8,Returned,Card
O09481,C0412,P097,2023-08-18 0:00:00,5,4157.72,10,3741.95,4,Returned,Card
O09482,C0266,P048,2023-03-07 0:00:00,1,8484.65,20,6787.72,5,Cancelled,UPI
O09483,C0338,P036,2023-02-17 0:00:00,5,4662.96,20,3730.37,5,Cancelled,UPI
O09484,C0407,P017,2023-10-17 0:00:00,5,5826.78,10,5244.1,10,delivered,Wallet
O09485,C0402,P092,2026-03-31 0:00:00,4,5556.65,5,5278.82,11,Returned,UPI
O09486,C0314,P026,2026-04-13 0:00:00,4,9439.83,5,8967.84,12,Returned,Wallet
O09487,C0438,P029,2023-11-28 0:00:00,1,7583.5,20,6066.8,6,Cancelled,Wallet
O09488,C0469,P027,2025-08-10 0:00:00,4,5000.5,10,4500.45,1,Delivered,Wallet
O09489,C0459,P089,2025-08-26 0:00:00,1,7859.86,20,6287.89,5,Cancelled,Wallet
O09490,C0137,P098,2025-09-11 0:00:00,3,7221.19,0,7221.19,4,DELIVERED,Wallet
O09491,C0346,P046,2026-03-12 0:00:00,3,3263.77,0,3263.77,11,Returned,COD
O09492,C0070,P028,2023-12-25 0:00:00,3,3928.85,10,3535.97,7,Delivered,Wallet
O09493,C0332,P050,2024-06-10 0:00:00,5,1431.63,0,1431.63,9,delivered,COD
O09494,C0308,P061,2024-01-02 0:00:00,4,1209.48,0,1209.48,3,Cancelled,Card
O09495,C0458,P044,2024-08-13 0:00:00,1,8489.12,5,8064.66,6,Cancelled,Wallet
O09496,C0158,P067,2024-03-08 0:00:00,4,2134.64,0,2134.64,5,Returned,COD
O09497,C0111,P007,2026-02-12 0:00:00,1,7502.58,10,6752.32,3,Returned,Wallet
O09498,C0141,P050,2024-12-14 0:00:00,1,6984.32,15,5936.67,5,DELIVERED,UPI
O09499,C0069,P087,2024-04-21 0:00:00,4,7584.06,15,6446.45,5,Returned,Card
O09500,C0284,P033,2025-06-03 0:00:00,2,5681.79,5,5397.7,6,Cancelled,Card
O09501,C0242,P036,2023-11-11 0:00:00,4,7208.12,20,5766.5,9,DELIVERED,Wallet
O09502,C0327,P015,2025-12-25 0:00:00,3,2385.79,5,2266.5,10,Delivered,COD
O09503,C0352,P087,2024-07-17 0:00:00,5,9976.72,20,7981.38,10,Cancelled,Wallet
O09504,C0067,P034,2026-02-01 0:00:00,4,6461.22,15,5492.04,8,Returned,Wallet
O09505,C0429,P053,2026-03-27 0:00:00,2,3537.18,20,2829.74,2,delivered,Card
O09506,C0137,P027,2023-12-18 0:00:00,4,3914.31,5,3718.59,2,Cancelled,Wallet
O09507,C0277,P088,2023-11-12 0:00:00,5,4023.56,15,3420.03,9,DELIVERED,UPI
O09508,C0322,P015,2023-12-14 0:00:00,5,7530.26,0,7530.26,5,delivered,Wallet
O09509,C0323,P071,2024-01-29 0:00:00,3,7551.92,15,6419.13,5,Delivered,Wallet
O09510,C0485,P092,2023-12-05 0:00:00,2,4301.58,10,3871.42,10,Returned,Wallet
O09511,C0318,P034,2025-01-03 0:00:00,5,2029.17,0,2029.17,5,Returned,Wallet
O09512,C0055,P018,2023-08-13 0:00:00,4,5087,20,4069.6,2,Returned,Wallet
O09513,C0031,P010,2023-01-28 0:00:00,1,5445.02,5,5172.77,1,delivered,Wallet
O09514,C0317,P002,2026-04-03 0:00:00,2,4936.8,20,3949.44,12,DELIVERED,COD
O09515,C0188,P004,2024-07-04 0:00:00,4,7608.06,10,6847.25,8,Cancelled,UPI
O09516,C0144,P011,2023-06-09 0:00:00,2,9356.09,5,8888.29,2,Cancelled,Wallet
O09517,C0219,P092,2024-09-19 0:00:00,2,8131.4,20,6505.12,12,DELIVERED,UPI
O09518,C0208,P098,2023-08-14 0:00:00,4,5241.81,15,4455.54,5,Delivered,Wallet
O09519,C0319,P011,2023-08-19 0:00:00,4,4113.71,20,3290.97,4,Delivered,Wallet
O09520,C0101,P089,2025-07-18 0:00:00,5,7843.81,20,6275.05,9,delivered,Wallet
O09521,C0154,P013,2024-01-25 0:00:00,3,1963.64,5,1865.46,8,Delivered,COD
O09522,C0141,P018,2024-06-26 0:00:00,3,508.66,10,457.79,12,delivered,Wallet
O09523,C0367,P002,2025-09-29 0:00:00,2,8764.3,5,8326.08,12,Delivered,Card
O09524,C0493,P056,2023-08-03 0:00:00,4,7094.63,20,5675.7,1,Returned,Card
O09525,C0446,P075,2024-06-16 0:00:00,3,7936.89,10,7143.2,7,DELIVERED,Wallet
O09526,C0418,P031,2025-01-04 0:00:00,1,528.97,20,423.18,3,Returned,COD
O09527,C0131,P084,2025-01-31 0:00:00,3,1630.69,15,1386.09,12,Cancelled,UPI
O09528,C0339,P076,2023-10-25 0:00:00,2,5186.35,20,4149.08,12,Delivered,COD
O09529,C0267,P073,2024-01-19 0:00:00,4,4113.89,5,3908.2,11,DELIVERED,Card
O09530,C0446,P092,2025-11-15 0:00:00,5,648.21,0,648.21,1,DELIVERED,Wallet
O09531,C0496,P041,2026-03-11 0:00:00,1,4714.35,20,3771.48,7,Returned,Card
O09532,C0274,P098,2025-12-05 0:00:00,5,6500.22,15,5525.19,9,DELIVERED,Wallet
O09533,C0285,P076,2025-03-17 0:00:00,5,8933.23,5,8486.57,9,Cancelled,Wallet
O09534,C0416,P004,2025-10-27 0:00:00,2,8922.02,0,8922.02,6,Delivered,COD
O09535,C0029,P071,2023-01-31 0:00:00,4,2867.81,10,2581.03,9,DELIVERED,Wallet
O09536,C0485,P024,2026-01-24 0:00:00,5,1224.91,5,1163.66,10,delivered,Wallet
O09537,C0364,P027,2025-12-24 0:00:00,5,1373.73,20,1098.98,5,Delivered,UPI
O09538,C0100,P093,2025-12-16 0:00:00,1,7284.35,0,7284.35,12,Cancelled,COD
O09539,C0208,P084,2024-11-19 0:00:00,1,2435.21,0,2435.21,7,DELIVERED,Wallet
O09540,C0103,P068,2023-06-24 0:00:00,3,1427.92,10,1285.13,3,DELIVERED,Wallet
O09541,C0496,P097,2023-10-10 0:00:00,1,632.53,15,537.65,4,delivered,COD
O09542,C0066,P020,2024-02-29 0:00:00,5,1541.24,15,1310.05,12,Cancelled,Wallet
O09543,C0485,P047,2024-06-07 0:00:00,5,6451.91,10,5806.72,1,Returned,COD
O09544,C0405,P074,2026-02-02 0:00:00,2,7200.29,5,6840.28,12,Cancelled,Wallet
O09545,C0351,P065,2024-12-06 0:00:00,5,6676.85,5,6343.01,6,Returned,Card
O09546,C0119,P001,2024-05-08 0:00:00,4,4962.07,10,4465.86,2,Cancelled,Card
O09547,C0290,P012,2024-09-04 0:00:00,2,9898.23,20,7918.58,3,Delivered,Card
O09548,C0148,P051,2024-05-20 0:00:00,2,4649.07,20,3719.26,2,DELIVERED,COD
O09549,C0321,P082,2024-10-10 0:00:00,1,8891.14,15,7557.47,7,DELIVERED,UPI
O09550,C0487,P004,2024-11-16 0:00:00,4,6090.94,5,5786.39,8,Cancelled,UPI
O09551,C0334,P087,2023-12-08 0:00:00,1,7903.88,5,7508.69,8,delivered,COD
O09552,C0286,P028,2024-01-15 0:00:00,4,9239.22,5,8777.26,8,Delivered,Wallet
O09553,C0167,P042,2023-11-16 0:00:00,5,3224.34,10,2901.91,7,Delivered,UPI
O09554,C0105,P060,2023-08-05 0:00:00,2,2389.88,0,2389.88,12,Returned,COD
O09555,C0092,P062,2025-08-22 0:00:00,1,2149.69,0,2149.69,2,Cancelled,UPI
O09556,C0200,P006,2025-12-18 0:00:00,5,1339.29,0,1339.29,11,delivered,Wallet
O09557,C0087,P057,2023-10-13 0:00:00,2,9559.95,0,9559.95,10,Cancelled,COD
O09558,C0328,P096,2024-01-02 0:00:00,4,3691.25,10,3322.12,4,Cancelled,Wallet
O09559,C0291,P025,2023-01-01 0:00:00,4,2760.27,0,2760.27,3,Returned,COD
O09560,C0042,P052,2023-03-01 0:00:00,5,8130.46,0,8130.46,2,Returned,Wallet
O09561,C0223,P038,2024-07-20 0:00:00,4,6635.36,5,6303.59,2,delivered,UPI
O09562,C0114,P024,2024-10-26 0:00:00,2,4728.32,20,3782.66,12,delivered,COD
O09563,C0256,P023,2025-05-24 0:00:00,3,5594.06,10,5034.65,2,Returned,Card
O09564,C0045,P075,2023-09-30 0:00:00,1,3828.67,10,3445.8,11,Delivered,UPI
O09565,C0227,P009,2024-12-22 0:00:00,2,2973.12,10,2675.81,2,DELIVERED,COD
O09566,C0014,P063,2026-01-21 0:00:00,2,8615.18,15,7322.9,10,delivered,UPI
O09567,C0351,P083,2025-09-29 0:00:00,3,1972.73,10,1775.46,4,delivered,Wallet
O09568,C0337,P016,2024-02-01 0:00:00,5,6204.96,0,6204.96,10,delivered,UPI
O09569,C0135,P068,2025-01-15 0:00:00,3,5471.81,5,5198.22,8,Returned,UPI
O09570,C0076,P026,2024-01-27 0:00:00,3,5475.21,15,4653.93,5,Cancelled,Wallet
O09571,C0239,P023,2023-02-19 0:00:00,2,5845.72,20,4676.58,12,Delivered,Wallet
O09572,C0255,P082,2025-12-31 0:00:00,1,6382.39,5,6063.27,4,delivered,UPI
O09573,C0119,P028,2025-11-17 0:00:00,1,3632.41,15,3087.55,12,Delivered,Wallet
O09574,C0010,P044,2025-02-01 0:00:00,4,3652.64,10,3287.38,8,delivered,COD
O09575,C0072,P097,2025-05-18 0:00:00,2,3480.84,10,3132.76,1,Cancelled,UPI
O09576,C0247,P094,2024-07-09 0:00:00,3,2801.71,10,2521.54,6,Delivered,COD
O09577,C0023,P085,2025-11-15 0:00:00,3,5991.41,5,5691.84,2,delivered,Wallet
O09578,C0463,P072,2023-03-19 0:00:00,5,1092.02,15,928.22,11,DELIVERED,UPI
O09579,C0500,P047,2025-05-31 0:00:00,5,4396.31,15,3736.86,9,DELIVERED,Wallet
O09580,C0072,P042,2024-05-10 0:00:00,5,1037.67,0,1037.67,11,Returned,UPI
O09581,C0452,P046,2025-02-23 0:00:00,3,8836.26,5,8394.45,2,delivered,Wallet
O09582,C0491,P037,2024-12-13 0:00:00,1,8050.19,0,8050.19,3,Delivered,Wallet
O09583,C0068,P065,2024-04-28 0:00:00,1,6128.32,10,5515.49,6,Delivered,COD
O09584,C0054,P086,2023-03-08 0:00:00,2,8900.63,20,7120.5,1,DELIVERED,Card
O09585,C0142,P073,2024-10-27 0:00:00,5,1690.03,15,1436.53,4,Returned,Wallet
O09586,C0158,P082,2024-03-20 0:00:00,3,4447.13,10,4002.42,11,Cancelled,Card
O09587,C0012,P029,2023-10-23 0:00:00,2,9120.08,5,8664.08,12,DELIVERED,Wallet
O09588,C0379,P095,2024-04-05 0:00:00,4,5038.26,0,5038.26,11,delivered,Card
O09589,C0041,P066,2025-09-18 0:00:00,4,3997.21,0,3997.21,5,delivered,COD
O09590,C0195,P041,2026-04-03 0:00:00,4,9865.56,15,8385.73,3,Cancelled,Wallet
O09591,C0018,P009,2025-09-05 0:00:00,5,8775.09,10,7897.58,3,Delivered,UPI
O09592,C0385,P072,2023-05-23 0:00:00,1,8814.19,5,8373.48,12,Returned,Card
O09593,C0441,P030,2024-09-12 0:00:00,4,1881.48,15,1599.26,11,Cancelled,Card
O09594,C0207,P063,2024-05-11 0:00:00,1,4803.96,20,3843.17,1,Returned,Wallet
O09595,C0371,P057,2026-02-02 0:00:00,2,4637.45,20,3709.96,2,Cancelled,UPI
O09596,C0104,P069,2025-12-23 0:00:00,1,1466.91,15,1246.87,6,delivered,Card
O09597,C0001,P020,2025-11-08 0:00:00,2,9210.36,20,7368.29,5,delivered,Card
O09598,C0181,P089,2026-03-19 0:00:00,1,4328.28,10,3895.45,4,Delivered,UPI
O09599,C0484,P016,2023-04-13 0:00:00,5,1179.69,0,1179.69,3,DELIVERED,UPI
O09600,C0350,P089,2023-01-19 0:00:00,2,3543.85,5,3366.66,3,DELIVERED,COD
O09601,C0182,P082,2024-11-03 0:00:00,4,6443.76,15,5477.2,10,Returned,Card
O09602,C0166,P100,2023-12-09 0:00:00,4,7114.77,15,6047.55,6,Delivered,Wallet
O09603,C0152,P034,2025-12-04 0:00:00,1,5695.49,10,5125.94,6,Cancelled,Card
O09604,C0304,P043,2023-03-13 0:00:00,3,5650.81,0,5650.81,3,Cancelled,UPI
O09605,C0257,P040,2024-10-29 0:00:00,5,7177.7,0,7177.7,10,delivered,Wallet
O09606,C0005,P023,2024-06-21 0:00:00,4,1332.86,20,1066.29,9,delivered,Wallet
O09607,C0065,P035,2024-03-22 0:00:00,3,2531.39,0,2531.39,5,DELIVERED,UPI
O09608,C0307,P088,2025-03-23 0:00:00,3,5363.69,10,4827.32,4,Returned,Card
O09609,C0317,P082,2024-05-07 0:00:00,1,5715.95,20,4572.76,5,DELIVERED,Wallet
O09610,C0228,P026,2023-02-06 0:00:00,2,9175.9,15,7799.51,8,Cancelled,Card
O09611,C0442,P006,2026-01-10 0:00:00,5,4049.6,15,3442.16,10,Delivered,Wallet
O09612,C0243,P078,2025-08-18 0:00:00,2,6504.82,5,6179.58,9,Cancelled,Card
O09613,C0291,P064,2025-10-24 0:00:00,4,2205.73,15,1874.87,3,delivered,COD
O09614,C0166,P047,2024-04-10 0:00:00,5,6257.57,0,6257.57,5,Cancelled,Card
O09615,C0085,P088,2025-04-26 0:00:00,3,7843.01,0,7843.01,10,Returned,COD
O09616,C0373,P085,2025-07-27 0:00:00,2,5612.62,15,4770.73,8,Delivered,Wallet
O09617,C0353,P091,2023-12-03 0:00:00,5,1374.07,20,1099.26,12,delivered,Wallet
O09618,C0184,P076,2023-07-11 0:00:00,5,7141.65,10,6427.48,6,Cancelled,COD
O09619,C0237,P008,2025-10-02 0:00:00,3,2319.12,20,1855.3,7,delivered,Wallet
O09620,C0391,P020,2025-11-13 0:00:00,5,2451.58,20,1961.26,2,Delivered,UPI
O09621,C0435,P087,2025-11-14 0:00:00,1,1545.88,0,1545.88,4,Delivered,COD
O09622,C0338,P035,2024-05-21 0:00:00,2,648.32,5,615.9,3,DELIVERED,COD
O09623,C0458,P012,2025-07-10 0:00:00,1,2903.21,20,2322.57,3,Cancelled,Card
O09624,C0379,P018,2025-08-28 0:00:00,1,4843.61,10,4359.25,11,Cancelled,COD
O09625,C0288,P030,2025-07-02 0:00:00,2,5940.39,0,5940.39,3,DELIVERED,UPI
O09626,C0481,P082,2025-11-10 0:00:00,5,9506.32,5,9031,11,Cancelled,UPI
O09627,C0270,P073,2025-10-16 0:00:00,3,5522.41,20,4417.93,4,Returned,Wallet
O09628,C0465,P075,2025-09-18 0:00:00,2,9218.16,15,7835.44,7,Delivered,Wallet
O09629,C0487,P094,2023-08-31 0:00:00,5,9067.95,15,7707.76,5,Delivered,Wallet
O09630,C0227,P084,2024-06-14 0:00:00,3,7604.7,15,6463.99,10,Returned,COD
O09631,C0060,P062,2023-06-13 0:00:00,5,4756.17,20,3804.94,12,Delivered,Card
O09632,C0303,P007,2023-08-17 0:00:00,4,4582.64,5,4353.51,1,DELIVERED,Wallet
O09633,C0465,P011,2023-07-24 0:00:00,2,7439.19,10,6695.27,4,delivered,COD
O09634,C0149,P053,2025-09-30 0:00:00,2,7416.42,10,6674.78,8,Cancelled,Wallet
O09635,C0274,P052,2025-02-12 0:00:00,3,9359.14,10,8423.23,10,Cancelled,COD
O09636,C0101,P015,2025-11-17 0:00:00,3,9611.39,0,9611.39,8,Delivered,COD
O09637,C0345,P001,2023-03-18 0:00:00,3,7349.27,5,6981.81,3,Delivered,Wallet
O09638,C0046,P080,2024-04-06 0:00:00,4,3232.42,10,2909.18,12,DELIVERED,Card
O09639,C0267,P044,2026-02-10 0:00:00,5,3562.8,5,3384.66,7,Returned,Wallet
O09640,C0104,P043,2023-10-14 0:00:00,2,7075.17,20,5660.14,11,DELIVERED,Wallet
O09641,C0096,P009,2025-09-12 0:00:00,2,7057.09,15,5998.53,1,Cancelled,UPI
O09642,C0123,P087,2025-05-24 0:00:00,2,3647.4,5,3465.03,12,Returned,Wallet
O09643,C0339,P017,2023-01-19 0:00:00,4,6128.78,0,6128.78,3,Returned,Wallet
O09644,C0444,P081,2025-01-14 0:00:00,4,5936.76,20,4749.41,3,Delivered,Wallet
O09645,C0404,P022,2025-01-01 0:00:00,3,6405.19,10,5764.67,10,delivered,COD
O09646,C0051,P013,2024-10-05 0:00:00,4,590.05,20,472.04,11,delivered,Card
O09647,C0124,P039,2024-01-10 0:00:00,4,1528.87,15,1299.54,6,DELIVERED,COD
O09648,C0366,P049,2025-12-29 0:00:00,5,7793.14,5,7403.48,4,DELIVERED,Wallet
O09649,C0138,P048,2024-03-23 0:00:00,4,7006.92,5,6656.57,2,Returned,Card
O09650,C0408,P026,2025-01-16 0:00:00,1,7786.75,15,6618.74,9,DELIVERED,UPI
O09651,C0261,P040,2023-07-06 0:00:00,4,2846.5,0,2846.5,10,DELIVERED,COD
O09652,C0277,P056,2023-05-07 0:00:00,3,9471.36,5,8997.79,4,Cancelled,COD
O09653,C0489,P068,2024-07-10 0:00:00,3,1331.99,20,1065.59,2,Delivered,Wallet
O09654,C0017,P038,2026-03-17 0:00:00,4,4351.45,5,4133.88,10,Delivered,Wallet
O09655,C0206,P016,2025-04-04 0:00:00,5,8975.37,5,8526.6,4,Delivered,Wallet
O09656,C0470,P050,2025-02-22 0:00:00,2,1092.35,5,1037.73,4,Returned,Card
O09657,C0119,P037,2025-06-08 0:00:00,3,1036.17,5,984.36,11,Cancelled,UPI
O09658,C0269,P057,2025-04-07 0:00:00,1,5148.24,20,4118.59,4,Cancelled,Wallet
O09659,C0156,P037,2024-02-29 0:00:00,5,9590.04,20,7672.03,7,delivered,UPI
O09660,C0010,P071,2023-02-17 0:00:00,2,3477.45,15,2955.83,7,Delivered,Wallet
O09661,C0146,P016,2024-09-21 0:00:00,5,2632.37,15,2237.51,3,Delivered,Wallet
O09662,C0161,P003,2025-10-07 0:00:00,5,7322.13,0,7322.13,3,Returned,COD
O09663,C0394,P002,2025-06-03 0:00:00,2,4673.16,5,4439.5,3,Cancelled,Card
O09664,C0054,P033,2025-05-01 0:00:00,2,6866.08,5,6522.78,9,Returned,Wallet
O09665,C0126,P071,2025-03-24 0:00:00,4,4084.33,0,4084.33,9,DELIVERED,Wallet
O09666,C0489,P065,2025-09-13 0:00:00,5,8557.27,15,7273.68,11,delivered,Wallet
O09667,C0460,P063,2025-05-03 0:00:00,1,8519.92,20,6815.94,6,Delivered,Card
O09668,C0290,P003,2023-12-02 0:00:00,3,6111.93,5,5806.33,7,DELIVERED,Wallet
O09669,C0484,P002,2023-06-15 0:00:00,4,7788.24,0,7788.24,5,Cancelled,COD
O09670,C0364,P029,2023-02-18 0:00:00,5,6073.09,20,4858.47,2,delivered,Wallet
O09671,C0083,P083,2023-05-06 0:00:00,4,7053,20,5642.4,4,Cancelled,Wallet
O09672,C0493,P025,2023-07-11 0:00:00,1,3421.22,15,2908.04,1,delivered,Wallet
O09673,C0073,P016,2024-07-27 0:00:00,4,7790.93,0,7790.93,12,Cancelled,COD
O09674,C0445,P029,2026-01-05 0:00:00,2,9968.76,5,9470.32,5,Cancelled,Card
O09675,C0496,P062,2023-04-29 0:00:00,2,8662.38,5,8229.26,2,DELIVERED,UPI
O09676,C0137,P062,2026-02-28 0:00:00,4,9507.39,15,8081.28,1,Returned,COD
O09677,C0444,P067,2025-06-17 0:00:00,1,2008.17,15,1706.94,9,Returned,Wallet
O09678,C0395,P050,2025-04-28 0:00:00,1,3989.85,5,3790.36,9,Cancelled,Wallet
O09679,C0354,P014,2026-01-18 0:00:00,1,1544.03,20,1235.22,7,Delivered,COD
O09680,C0134,P098,2025-07-18 0:00:00,4,8982.74,5,8533.6,2,Delivered,UPI
O09681,C0097,P026,2023-02-23 0:00:00,5,3900.65,15,3315.55,6,Cancelled,Wallet
O09682,C0463,P037,2024-06-09 0:00:00,4,7825.52,20,6260.42,6,Cancelled,COD
O09683,C0437,P034,2023-11-19 0:00:00,3,9599.96,20,7679.97,6,Cancelled,Wallet
O09684,C0161,P010,2025-06-01 0:00:00,1,8863.49,20,7090.79,11,Returned,Wallet
O09685,C0280,P036,2025-01-02 0:00:00,4,884.62,0,884.62,5,Cancelled,COD
O09686,C0378,P055,2023-08-25 0:00:00,5,7083.06,5,6728.91,8,Delivered,COD
O09687,C0109,P040,2024-01-02 0:00:00,4,3203.46,0,3203.46,8,delivered,Card
O09688,C0343,P068,2023-09-11 0:00:00,3,9384.74,20,7507.79,2,Cancelled,Card
O09689,C0373,P023,2023-04-13 0:00:00,1,2890.18,5,2745.67,1,Cancelled,Wallet
O09690,C0129,P067,2025-07-31 0:00:00,1,5758.16,15,4894.44,3,Delivered,Card
O09691,C0079,P033,2023-04-04 0:00:00,4,2540.47,20,2032.38,12,Delivered,Card
O09692,C0019,P089,2024-06-28 0:00:00,3,9777.75,5,9288.86,6,Returned,UPI
O09693,C0488,P010,2026-02-12 0:00:00,1,2869.28,20,2295.42,9,Delivered,Card
O09694,C0435,P020,2024-07-29 0:00:00,4,9586.8,15,8148.78,11,Delivered,Wallet
O09695,C0489,P041,2024-06-01 0:00:00,3,2235.39,5,2123.62,7,Returned,Wallet
O09696,C0033,P097,2023-08-22 0:00:00,3,1574.09,0,1574.09,3,delivered,Card
O09697,C0483,P023,2025-05-29 0:00:00,3,9579.77,15,8142.8,5,Cancelled,Card
O09698,C0263,P061,2024-10-18 0:00:00,2,9274.31,10,8346.88,5,DELIVERED,Card
O09699,C0397,P058,2026-04-06 0:00:00,3,6808.16,20,5446.53,9,Returned,Wallet
O09700,C0219,P039,2023-12-19 0:00:00,2,2010.97,5,1910.42,7,Returned,Wallet
O09701,C0443,P093,2025-06-27 0:00:00,3,6484.85,5,6160.61,2,DELIVERED,Card
O09702,C0186,P029,2025-04-25 0:00:00,5,7113.79,15,6046.72,8,delivered,UPI
O09703,C0283,P095,2023-05-10 0:00:00,1,1846.04,15,1569.13,6,Delivered,Wallet
O09704,C0210,P062,2023-01-12 0:00:00,5,1073.34,10,966.01,6,Cancelled,Wallet
O09705,C0387,P047,2024-10-08 0:00:00,1,2257.31,0,2257.31,5,Delivered,UPI
O09706,C0337,P058,2026-03-01 0:00:00,3,7545.48,5,7168.21,5,delivered,UPI
O09707,C0167,P037,2024-01-21 0:00:00,5,3059.56,10,2753.6,8,Delivered,Wallet
O09708,C0198,P063,2025-05-21 0:00:00,1,9496.43,15,8071.97,4,Delivered,Wallet
O09709,C0385,P017,2025-11-24 0:00:00,5,4574.82,15,3888.6,12,Cancelled,Card
O09710,C0332,P080,2023-03-14 0:00:00,1,5575.58,10,5018.02,4,Delivered,COD
O09711,C0228,P089,2023-01-16 0:00:00,3,2596.99,15,2207.44,11,DELIVERED,UPI
O09712,C0130,P007,2025-06-11 0:00:00,3,8654.89,5,8222.15,3,Cancelled,Wallet
O09713,C0136,P050,2023-11-25 0:00:00,1,7895.7,15,6711.34,7,Cancelled,Wallet
O09714,C0006,P001,2024-02-22 0:00:00,5,8524.38,15,7245.72,9,delivered,UPI
O09715,C0235,P065,2023-04-08 0:00:00,2,8599.96,15,7309.97,12,Cancelled,Wallet
O09716,C0105,P087,2023-07-09 0:00:00,4,4723.36,10,4251.02,2,delivered,Wallet
O09717,C0136,P068,2024-03-21 0:00:00,4,5348.72,10,4813.85,7,Returned,Wallet
O09718,C0059,P027,2025-01-02 0:00:00,5,8059.97,15,6850.97,12,DELIVERED,COD
O09719,C0345,P011,2025-04-03 0:00:00,2,3223.5,10,2901.15,11,delivered,COD
O09720,C0442,P010,2025-10-11 0:00:00,3,7244.63,0,7244.63,9,Returned,Wallet
O09721,C0498,P059,2024-04-05 0:00:00,5,5111.42,5,4855.85,9,Cancelled,UPI
O09722,C0182,P028,2024-12-31 0:00:00,3,1501.17,0,1501.17,1,Returned,Card
O09723,C0032,P007,2023-02-23 0:00:00,5,9961.9,10,8965.71,9,Returned,Wallet
O09724,C0294,P069,2025-04-07 0:00:00,2,1311.52,0,1311.52,1,delivered,Card
O09725,C0318,P029,2025-07-15 0:00:00,1,9268.47,15,7878.2,6,delivered,COD
O09726,C0205,P013,2024-11-17 0:00:00,1,1367.61,5,1299.23,1,Returned,Wallet
O09727,C0338,P036,2023-09-09 0:00:00,2,569.32,20,455.46,5,Returned,Wallet
O09728,C0152,P060,2023-06-21 0:00:00,2,2766.71,20,2213.37,3,DELIVERED,COD
O09729,C0263,P047,2024-08-04 0:00:00,1,3527.97,10,3175.17,3,Returned,Wallet
O09730,C0319,P053,2023-03-05 0:00:00,3,6362.56,15,5408.18,2,delivered,UPI
O09731,C0325,P083,2023-07-31 0:00:00,2,5462.14,20,4369.71,2,Returned,Card
O09732,C0075,P095,2025-10-01 0:00:00,5,3408.76,20,2727.01,6,Delivered,Card
O09733,C0009,P067,2023-12-25 0:00:00,5,6914.54,0,6914.54,5,Cancelled,COD
O09734,C0153,P030,2024-02-27 0:00:00,4,1500.02,20,1200.02,5,Cancelled,Card
O09735,C0090,P080,2023-06-20 0:00:00,1,6269.26,0,6269.26,7,delivered,Wallet
O09736,C0463,P007,2025-03-10 0:00:00,1,2963.7,0,2963.7,5,delivered,Card
O09737,C0026,P093,2023-08-01 0:00:00,1,3166.9,15,2691.86,1,Cancelled,COD
O09738,C0161,P072,2024-12-29 0:00:00,4,1208.44,20,966.75,2,delivered,UPI
O09739,C0040,P095,2026-03-24 0:00:00,5,6410.64,15,5449.04,4,DELIVERED,COD
O09740,C0054,P078,2023-01-19 0:00:00,2,8267.41,5,7854.04,3,delivered,Wallet
O09741,C0152,P033,2023-09-04 0:00:00,1,7307.41,10,6576.67,9,delivered,Wallet
O09742,C0321,P099,2025-05-03 0:00:00,2,2042.94,15,1736.5,8,delivered,COD
O09743,C0105,P048,2024-02-29 0:00:00,3,9734.16,15,8274.04,7,DELIVERED,Card
O09744,C0440,P005,2025-09-19 0:00:00,2,4841.85,15,4115.57,9,Cancelled,Wallet
O09745,C0386,P053,2024-10-15 0:00:00,4,9113.19,0,9113.19,10,DELIVERED,COD
O09746,C0173,P095,2023-05-22 0:00:00,5,2076.82,10,1869.14,10,Cancelled,Wallet
O09747,C0094,P062,2024-05-06 0:00:00,3,2080.69,10,1872.62,4,Returned,COD
O09748,C0039,P001,2023-04-26 0:00:00,5,8985.51,20,7188.41,7,DELIVERED,Wallet
O09749,C0477,P006,2025-05-06 0:00:00,3,8448.68,5,8026.25,8,Returned,UPI
O09750,C0381,P079,2025-08-03 0:00:00,5,4859.81,0,4859.81,2,delivered,Wallet
O09751,C0267,P021,2023-04-07 0:00:00,3,5367.59,0,5367.59,1,Cancelled,COD
O09752,C0349,P081,2024-02-06 0:00:00,4,9305.24,5,8839.98,9,Cancelled,Wallet
O09753,C0178,P097,2025-12-07 0:00:00,3,5103.65,15,4338.1,2,Delivered,COD
O09754,C0471,P071,2023-06-20 0:00:00,2,6399.17,20,5119.34,9,Returned,Wallet
O09755,C0154,P054,2024-07-06 0:00:00,5,4467.02,10,4020.32,5,delivered,UPI
O09756,C0263,P007,2024-01-19 0:00:00,4,5223.39,0,5223.39,11,Returned,Card
O09757,C0399,P079,2025-12-31 0:00:00,4,7509.58,20,6007.66,10,Returned,Wallet
O09758,C0469,P050,2024-02-29 0:00:00,3,2642.55,15,2246.17,12,Delivered,COD
O09759,C0452,P092,2024-03-20 0:00:00,3,8282.57,0,8282.57,9,Cancelled,Wallet
O09760,C0486,P048,2024-09-04 0:00:00,3,6205.18,20,4964.14,1,delivered,COD
O09761,C0026,P088,2024-12-17 0:00:00,1,5539.93,15,4708.94,10,DELIVERED,UPI
O09762,C0293,P048,2023-02-14 0:00:00,4,4971.95,20,3977.56,10,Returned,UPI
O09763,C0458,P085,2024-03-14 0:00:00,5,1257.2,20,1005.76,9,DELIVERED,UPI
O09764,C0447,P062,2026-03-17 0:00:00,2,4531.04,10,4077.94,9,Delivered,COD
O09765,C0230,P096,2025-06-24 0:00:00,5,4760.04,0,4760.04,12,Cancelled,Wallet
O09766,C0191,P057,2024-11-28 0:00:00,1,958.98,20,767.18,1,DELIVERED,UPI
O09767,C0311,P050,2023-11-16 0:00:00,1,588.4,0,588.4,10,Delivered,Card
O09768,C0186,P011,2024-06-14 0:00:00,5,2171.79,20,1737.43,7,delivered,COD
O09769,C0327,P080,2023-11-09 0:00:00,2,1900.21,10,1710.19,3,Returned,COD
O09770,C0157,P047,2023-11-29 0:00:00,1,4543.57,10,4089.21,9,DELIVERED,Wallet
O09771,C0104,P043,2025-07-02 0:00:00,5,7733.05,10,6959.74,8,Delivered,Wallet
O09772,C0106,P031,2023-10-12 0:00:00,5,8529.83,5,8103.34,6,delivered,UPI
O09773,C0169,P035,2025-12-23 0:00:00,5,3803.95,5,3613.75,12,Cancelled,Wallet
O09774,C0250,P034,2023-05-02 0:00:00,5,5119.41,20,4095.53,7,Returned,UPI
O09775,C0347,P081,2024-05-22 0:00:00,4,1533.06,10,1379.75,7,Delivered,UPI
O09776,C0057,P016,2024-11-14 0:00:00,5,1955.2,5,1857.44,2,Delivered,Wallet
O09777,C0215,P083,2023-07-03 0:00:00,2,7809.88,10,7028.89,9,Delivered,COD
O09778,C0248,P065,2025-12-10 0:00:00,1,4391.05,10,3951.95,6,DELIVERED,UPI
O09779,C0177,P045,2026-02-22 0:00:00,3,3798.03,15,3228.33,4,Cancelled,Wallet
O09780,C0416,P029,2024-09-13 0:00:00,3,5237.18,15,4451.6,7,DELIVERED,Wallet
O09781,C0394,P097,2023-06-19 0:00:00,4,5847.2,15,4970.12,2,Returned,Wallet
O09782,C0366,P038,2024-10-28 0:00:00,3,9710.37,10,8739.33,11,delivered,Wallet
O09783,C0255,P013,2024-03-11 0:00:00,1,8448.09,10,7603.28,11,Delivered,COD
O09784,C0044,P073,2023-09-19 0:00:00,2,9352.38,15,7949.52,7,Returned,Card
O09785,C0190,P006,2024-06-19 0:00:00,4,6523.68,5,6197.5,11,Cancelled,COD
O09786,C0351,P016,2024-06-21 0:00:00,4,7374.86,20,5899.89,5,Delivered,Wallet
O09787,C0339,P094,2023-07-21 0:00:00,3,8991.93,0,8991.93,11,DELIVERED,Wallet
O09788,C0191,P062,2023-05-30 0:00:00,3,7726.59,5,7340.26,9,Returned,Wallet
O09789,C0273,P042,2026-01-25 0:00:00,3,8251.28,15,7013.59,8,Returned,COD
O09790,C0081,P011,2023-02-14 0:00:00,3,9355.28,20,7484.22,7,Returned,Wallet
O09791,C0378,P091,2024-09-27 0:00:00,4,8972.95,20,7178.36,6,delivered,UPI
O09792,C0443,P072,2023-09-02 0:00:00,5,7380.41,10,6642.37,12,delivered,Wallet
O09793,C0228,P016,2025-11-12 0:00:00,3,1531.05,20,1224.84,8,Cancelled,Wallet
O09794,C0198,P023,2025-02-14 0:00:00,2,541.77,10,487.59,11,delivered,Card
O09795,C0046,P031,2024-08-03 0:00:00,5,6568.25,10,5911.43,6,Delivered,UPI
O09796,C0359,P056,2024-06-14 0:00:00,4,3104.25,15,2638.61,11,Delivered,Card
O09797,C0480,P044,2023-02-07 0:00:00,3,9824.64,10,8842.18,10,Returned,UPI
O09798,C0104,P077,2025-09-01 0:00:00,4,3067.94,15,2607.75,8,Returned,Wallet
O09799,C0331,P046,2023-10-12 0:00:00,3,1468.8,20,1175.04,9,DELIVERED,Card
O09800,C0390,P049,2024-11-04 0:00:00,4,8252.12,15,7014.3,5,Cancelled,UPI
O09801,C0470,P087,2023-05-18 0:00:00,4,2636.62,15,2241.13,11,DELIVERED,Wallet
O09802,C0002,P051,2023-01-10 0:00:00,5,6601.55,5,6271.47,4,Returned,Wallet
O09803,C0449,P025,2025-11-01 0:00:00,5,7912.81,20,6330.25,10,delivered,Wallet
O09804,C0452,P030,2023-12-16 0:00:00,4,2475.47,10,2227.92,12,DELIVERED,Wallet
O09805,C0462,P096,2023-10-09 0:00:00,4,9109.68,20,7287.74,1,delivered,UPI
O09806,C0435,P100,2024-09-29 0:00:00,2,8948.69,10,8053.82,7,Delivered,Wallet
O09807,C0138,P044,2026-03-10 0:00:00,1,6751.12,15,5738.45,11,DELIVERED,Wallet
O09808,C0111,P075,2023-08-29 0:00:00,2,7698.3,0,7698.3,2,DELIVERED,COD
O09809,C0299,P061,2024-06-27 0:00:00,3,7105.93,5,6750.63,9,delivered,COD
O09810,C0037,P098,2025-06-20 0:00:00,4,4306.44,5,4091.12,2,Delivered,Card
O09811,C0303,P017,2023-05-21 0:00:00,5,4211.82,20,3369.46,9,Cancelled,Wallet
O09812,C0038,P049,2025-01-30 0:00:00,2,7228.15,5,6866.74,5,Cancelled,Wallet
O09813,C0168,P056,2023-05-17 0:00:00,2,9553.23,15,8120.25,1,Delivered,Wallet
O09814,C0308,P019,2024-02-27 0:00:00,2,1685.16,10,1516.64,7,delivered,Wallet
O09815,C0438,P054,2025-09-16 0:00:00,2,7448.53,5,7076.1,5,Cancelled,Wallet
O09816,C0443,P069,2026-02-07 0:00:00,4,7449.73,5,7077.24,10,Returned,UPI
O09817,C0108,P066,2024-07-24 0:00:00,1,6819.92,20,5455.94,11,Returned,COD
O09818,C0459,P014,2024-03-06 0:00:00,1,4001.5,20,3201.2,9,delivered,Card
O09819,C0476,P087,2023-12-06 0:00:00,1,2101.4,20,1681.12,4,Returned,Wallet
O09820,C0160,P036,2024-03-31 0:00:00,1,2281.75,10,2053.58,2,Returned,UPI
O09821,C0170,P099,2024-01-08 0:00:00,3,1172.88,10,1055.59,10,Cancelled,Wallet
O09822,C0432,P037,2025-04-18 0:00:00,5,7937.29,5,7540.43,1,Cancelled,COD
O09823,C0378,P032,2025-11-18 0:00:00,1,3220.23,15,2737.2,11,delivered,Wallet
O09824,C0281,P049,2025-03-12 0:00:00,2,2680.99,15,2278.84,1,delivered,UPI
O09825,C0227,P053,2025-07-18 0:00:00,3,2006.75,15,1705.74,8,DELIVERED,Wallet
O09826,C0211,P089,2025-02-15 0:00:00,4,2104.23,0,2104.23,6,Delivered,Wallet
O09827,C0298,P048,2024-12-13 0:00:00,3,3093.96,15,2629.87,9,Delivered,UPI
O09828,C0210,P018,2025-01-17 0:00:00,3,9397.48,15,7987.86,3,Cancelled,Wallet
O09829,C0285,P019,2026-03-11 0:00:00,5,5122.03,0,5122.03,11,Cancelled,Wallet
O09830,C0460,P019,2026-01-19 0:00:00,5,8726.53,20,6981.22,10,Delivered,UPI
O09831,C0337,P070,2023-11-12 0:00:00,5,4771.5,0,4771.5,7,Delivered,COD
O09832,C0282,P003,2023-11-18 0:00:00,4,8319.35,10,7487.42,7,delivered,Wallet
O09833,C0338,P015,2023-06-16 0:00:00,2,3154.86,0,3154.86,5,delivered,Wallet
O09834,C0466,P050,2023-01-11 0:00:00,2,1256.85,15,1068.32,3,Delivered,Wallet
O09835,C0142,P016,2025-07-28 0:00:00,2,3915.67,15,3328.32,9,Delivered,Wallet
O09836,C0445,P047,2026-02-16 0:00:00,4,1089.12,10,980.21,7,Delivered,COD
O09837,C0486,P043,2025-01-22 0:00:00,4,8383.44,10,7545.1,8,DELIVERED,Card
O09838,C0035,P042,2025-01-05 0:00:00,4,7106.02,15,6040.12,12,Cancelled,UPI
O09839,C0423,P078,2026-02-22 0:00:00,5,6400.73,20,5120.58,8,DELIVERED,COD
O09840,C0361,P010,2025-12-12 0:00:00,1,4889.93,5,4645.43,9,Delivered,COD
O09841,C0345,P081,2026-02-27 0:00:00,1,7964.39,20,6371.51,4,DELIVERED,COD
O09842,C0429,P085,2025-12-07 0:00:00,3,2606.57,5,2476.24,8,DELIVERED,UPI
O09843,C0387,P063,2025-01-13 0:00:00,3,1318.17,15,1120.44,2,Returned,Wallet
O09844,C0378,P036,2024-02-16 0:00:00,2,9484.29,0,9484.29,7,Returned,Wallet
O09845,C0135,P007,2024-02-03 0:00:00,2,9701.11,20,7760.89,7,Returned,Card
O09846,C0192,P009,2024-08-04 0:00:00,2,4941.54,5,4694.46,11,delivered,UPI
O09847,C0495,P068,2025-04-02 0:00:00,3,3625.16,15,3081.39,7,DELIVERED,COD
O09848,C0195,P056,2026-03-23 0:00:00,2,873.36,15,742.36,8,DELIVERED,Card
O09849,C0405,P070,2025-12-21 0:00:00,1,4735.47,0,4735.47,2,Returned,COD
O09850,C0204,P021,2023-05-10 0:00:00,4,7179.84,10,6461.86,9,Returned,UPI
O09851,C0020,P022,2023-01-14 0:00:00,5,1535.76,15,1305.4,7,Returned,Wallet
O09852,C0220,P007,2024-06-09 0:00:00,2,9028.43,15,7674.17,12,DELIVERED,UPI
O09853,C0180,P098,2025-07-12 0:00:00,5,6820.53,20,5456.42,8,Delivered,Wallet
O09854,C0262,P065,2025-05-06 0:00:00,1,9891.43,20,7913.14,7,delivered,UPI
O09855,C0410,P085,2024-10-10 0:00:00,3,2518.62,15,2140.83,2,Returned,UPI
O09856,C0096,P050,2024-10-19 0:00:00,3,1116.06,0,1116.06,9,delivered,COD
O09857,C0282,P087,2023-12-16 0:00:00,4,3905.31,15,3319.51,8,delivered,Wallet
O09858,C0495,P092,2024-06-08 0:00:00,3,3349.12,20,2679.3,11,Returned,Wallet
O09859,C0035,P060,2025-12-08 0:00:00,2,3090.01,10,2781.01,8,DELIVERED,Wallet
O09860,C0103,P037,2024-02-05 0:00:00,3,7455.12,20,5964.1,7,Delivered,COD
O09861,C0443,P066,2023-04-13 0:00:00,2,598.06,20,478.45,6,delivered,Wallet
O09862,C0446,P022,2025-12-31 0:00:00,5,1835.43,0,1835.43,12,Delivered,Wallet
O09863,C0318,P049,2025-03-27 0:00:00,4,7446.01,5,7073.71,8,DELIVERED,UPI
O09864,C0120,P091,2024-06-26 0:00:00,1,8439.4,0,8439.4,9,DELIVERED,Wallet
O09865,C0486,P003,2025-11-08 0:00:00,2,1088.73,15,925.42,2,delivered,Wallet
O09866,C0174,P027,2025-10-11 0:00:00,1,9516.98,20,7613.58,1,Cancelled,Wallet
O09867,C0446,P051,2025-01-04 0:00:00,5,7182.59,10,6464.33,10,delivered,Wallet
O09868,C0141,P090,2025-09-27 0:00:00,3,3445.92,10,3101.33,7,Cancelled,Wallet
O09869,C0451,P008,2024-03-11 0:00:00,5,6282.42,20,5025.94,10,delivered,Card
O09870,C0010,P002,2023-07-22 0:00:00,5,3337.91,0,3337.91,1,DELIVERED,Wallet
O09871,C0043,P076,2025-11-03 0:00:00,4,6167.97,5,5859.57,5,Returned,Card
O09872,C0305,P032,2025-05-23 0:00:00,2,9250,20,7400,10,DELIVERED,Wallet
O09873,C0209,P092,2024-06-15 0:00:00,3,3500.13,5,3325.12,3,delivered,Wallet
O09874,C0356,P097,2026-01-01 0:00:00,4,8546.17,0,8546.17,8,Returned,Wallet
O09875,C0245,P018,2025-03-11 0:00:00,2,5217.91,0,5217.91,9,delivered,UPI
O09876,C0345,P096,2023-06-03 0:00:00,4,5290.35,5,5025.83,4,DELIVERED,COD
O09877,C0308,P085,2024-05-06 0:00:00,5,9303.39,20,7442.71,7,delivered,COD
O09878,C0399,P079,2023-03-04 0:00:00,4,2231.34,0,2231.34,5,Returned,Card
O09879,C0300,P095,2023-03-13 0:00:00,3,6903.47,5,6558.3,4,Returned,Wallet
O09880,C0121,P048,2023-10-22 0:00:00,5,7921.39,0,7921.39,11,delivered,COD
O09881,C0051,P019,2024-06-17 0:00:00,5,8291.65,15,7047.9,11,DELIVERED,Wallet
O09882,C0222,P066,2025-01-03 0:00:00,4,5088.72,15,4325.41,3,Cancelled,COD
O09883,C0069,P067,2024-07-26 0:00:00,3,8318.28,0,8318.28,12,delivered,UPI
O09884,C0077,P036,2025-05-07 0:00:00,3,8997.12,5,8547.26,5,DELIVERED,COD
O09885,C0022,P046,2024-05-24 0:00:00,2,1999,5,1899.05,9,delivered,UPI
O09886,C0429,P024,2025-05-20 0:00:00,5,4056.1,5,3853.29,9,delivered,COD
O09887,C0098,P069,2024-11-13 0:00:00,5,3353.4,10,3018.06,11,delivered,UPI
O09888,C0171,P062,2025-03-16 0:00:00,3,6236.27,15,5300.83,10,Cancelled,Wallet
O09889,C0055,P098,2024-08-14 0:00:00,1,9504.7,10,8554.23,2,delivered,Card
O09890,C0484,P029,2025-09-04 0:00:00,1,3516.97,10,3165.27,1,delivered,UPI
O09891,C0160,P039,2023-06-07 0:00:00,4,8100.35,20,6480.28,9,DELIVERED,UPI
O09892,C0482,P094,2023-04-17 0:00:00,3,4314.83,5,4099.09,7,Cancelled,COD
O09893,C0236,P099,2025-01-21 0:00:00,5,3653.3,5,3470.64,7,DELIVERED,COD
O09894,C0088,P040,2025-09-26 0:00:00,2,2010.2,20,1608.16,10,delivered,UPI
O09895,C0342,P045,2023-10-05 0:00:00,5,1367.32,5,1298.95,6,DELIVERED,Wallet
O09896,C0198,P024,2024-04-14 0:00:00,5,2616.32,10,2354.69,10,Cancelled,COD
O09897,C0487,P014,2024-05-21 0:00:00,1,9043.06,0,9043.06,3,Returned,COD
O09898,C0467,P086,2025-10-12 0:00:00,1,1534.7,15,1304.5,5,Cancelled,Card
O09899,C0067,P032,2025-12-24 0:00:00,2,924.61,0,924.61,5,Returned,Wallet
O09900,C0170,P070,2024-07-09 0:00:00,2,9953.91,10,8958.52,8,delivered,Wallet
O09901,C0444,P003,2025-02-16 0:00:00,3,531.72,15,451.96,9,delivered,UPI
O09902,C0186,P072,2024-11-22 0:00:00,5,8043.87,5,7641.68,2,DELIVERED,Card
O09903,C0357,P033,2023-11-27 0:00:00,2,1010.21,10,909.19,2,DELIVERED,Wallet
O09904,C0417,P075,2025-03-31 0:00:00,5,4639.49,15,3943.57,10,DELIVERED,UPI
O09905,C0275,P088,2023-06-01 0:00:00,2,2938.58,10,2644.72,9,Returned,UPI
O09906,C0231,P035,2023-10-25 0:00:00,1,1513.72,5,1438.03,10,Cancelled,Wallet
O09907,C0232,P088,2023-10-07 0:00:00,3,1594.17,0,1594.17,2,delivered,COD
O09908,C0015,P016,2024-04-25 0:00:00,4,4214.64,5,4003.91,10,Delivered,Wallet
O09909,C0119,P054,2024-03-03 0:00:00,1,5461.32,15,4642.12,1,Delivered,Card
O09910,C0023,P029,2023-10-25 0:00:00,3,4767.53,5,4529.15,10,Returned,Wallet
O09911,C0018,P049,2025-08-22 0:00:00,1,5070.79,0,5070.79,7,Delivered,COD
O09912,C0187,P091,2024-04-21 0:00:00,5,8797.94,20,7038.35,2,delivered,UPI
O09913,C0186,P046,2025-11-19 0:00:00,1,780.1,15,663.09,11,delivered,UPI
O09914,C0305,P086,2023-08-19 0:00:00,1,4646.02,0,4646.02,9,Cancelled,Wallet
O09915,C0381,P053,2024-11-12 0:00:00,3,843.98,20,675.18,4,Delivered,Wallet
O09916,C0500,P015,2026-02-02 0:00:00,5,8320.67,20,6656.54,-1,Cancelled,UPI
O09917,C0222,P044,2023-04-24 0:00:00,5,1088.26,0,1088.26,7,Returned,COD
O09918,C0173,P026,2025-11-25 0:00:00,4,8863.28,10,7976.95,6,Delivered,UPI
O09919,C0186,P051,2024-10-08 0:00:00,5,844.28,5,802.07,9,Returned,COD
O09920,C0249,P021,2025-09-29 0:00:00,1,8984.76,15,7637.05,10,DELIVERED,COD
O09921,C0472,P019,2024-01-30 0:00:00,3,5482.76,0,5482.76,1,DELIVERED,COD
O09922,C0249,P035,2025-04-02 0:00:00,5,8458.23,20,6766.58,3,Cancelled,Card
O09923,C0169,P098,2025-07-03 0:00:00,1,4388.47,15,3730.2,6,Cancelled,UPI
O09924,C0232,P050,2024-03-12 0:00:00,3,5292.68,20,4234.14,2,Returned,UPI
O09925,C0065,P013,2025-11-09 0:00:00,2,6238.96,10,5615.06,9,DELIVERED,Wallet
O09926,C0020,P052,2024-07-06 0:00:00,3,6706.14,20,5364.91,11,DELIVERED,Wallet
O09927,C0251,P082,2023-08-23 0:00:00,5,4564.07,0,4564.07,9,Returned,Wallet
O09928,C0092,P025,2024-12-12 0:00:00,5,9630.25,20,7704.2,11,Delivered,Wallet
O09929,C0260,P050,2023-05-05 0:00:00,4,9669.43,0,9669.43,6,DELIVERED,UPI
O09930,C0234,P075,2023-08-02 0:00:00,3,9841.07,20,7872.86,11,delivered,Card
O09931,C0022,P075,2023-08-25 0:00:00,3,1590.25,15,1351.71,9,DELIVERED,Wallet
O09932,C0303,P013,2023-05-05 0:00:00,5,3060.92,0,3060.92,9,DELIVERED,UPI
O09933,C0343,P086,2023-12-15 0:00:00,1,9669.41,0,9669.41,10,Returned,Card
O09934,C0367,P038,2023-02-05 0:00:00,4,9377.12,10,8439.41,1,Returned,Card
O09935,C0197,P005,2026-02-12 0:00:00,2,8604.04,5,8173.84,3,Delivered,Wallet
O09936,C0285,P048,2025-04-04 0:00:00,2,5588.56,5,5309.13,9,DELIVERED,Wallet
O09937,C0031,P017,2025-02-16 0:00:00,4,3996.25,20,3197,3,delivered,Wallet
O09938,C0445,P033,2026-02-01 0:00:00,5,3693.52,0,3693.52,11,Returned,UPI
O09939,C0159,P009,2025-05-01 0:00:00,4,5800.03,10,5220.03,12,DELIVERED,UPI
O09940,C0104,P014,2026-02-28 0:00:00,1,4618.34,5,4387.42,10,Cancelled,Card
O09941,C0124,P080,2025-09-15 0:00:00,2,957.14,20,765.71,10,Cancelled,Wallet
O09942,C0063,P073,2024-12-01 0:00:00,1,3349.14,5,3181.68,11,delivered,Wallet
O09943,C0216,P079,2024-08-30 0:00:00,1,2759.79,15,2345.82,6,DELIVERED,Wallet
O09944,C0272,P063,2024-03-23 0:00:00,4,3398.53,0,3398.53,2,Cancelled,COD
O09945,C0466,P031,2024-08-20 0:00:00,1,8435.54,20,6748.43,5,DELIVERED,Wallet
O09946,C0078,P008,2023-12-21 0:00:00,2,626.91,0,626.91,9,DELIVERED,Wallet
O09947,C0094,P071,2025-08-15 0:00:00,2,2376.79,5,2257.95,1,delivered,COD
O09948,C0121,P098,2025-06-20 0:00:00,2,6733.38,10,6060.04,8,Delivered,Wallet
O09949,C0282,P050,2023-12-29 0:00:00,5,3399.49,20,2719.59,6,Returned,COD
O09950,C0213,P036,2025-07-07 0:00:00,4,9687.29,5,9202.93,2,Returned,Wallet
O09951,C0219,P003,2025-09-28 0:00:00,4,9532.85,0,9532.85,12,DELIVERED,Card
O09952,C0380,P005,2023-01-12 0:00:00,2,5987.05,20,4789.64,9,Cancelled,COD
O09953,C0188,P096,2026-03-08 0:00:00,1,3342.65,5,3175.52,2,Returned,Wallet
O09954,C0137,P052,2023-09-19 0:00:00,5,9165.32,20,7332.26,1,Returned,UPI
O09955,C0259,P065,2024-03-24 0:00:00,3,6232.59,5,5920.96,7,Delivered,UPI
O09956,C0144,P011,2025-02-26 0:00:00,1,9899.64,15,8414.69,7,Cancelled,Wallet
O09957,C0494,P063,2025-05-26 0:00:00,1,6800.66,5,6460.63,12,delivered,UPI
O09958,C0369,P016,2025-10-28 0:00:00,1,5895.64,15,5011.29,3,delivered,UPI
O09959,C0415,P031,2024-12-08 0:00:00,4,856.63,20,685.3,6,Delivered,Wallet
O09960,C0482,P069,2024-08-08 0:00:00,4,5752.9,15,4889.96,6,Cancelled,Wallet
O09961,C0436,P006,2024-03-20 0:00:00,2,7771.29,15,6605.6,6,DELIVERED,COD
O09962,C0100,P021,2024-10-14 0:00:00,5,5824.8,0,5824.8,4,DELIVERED,Wallet
O09963,C0439,P086,2026-01-19 0:00:00,3,6287.19,15,5344.11,9,Cancelled,Wallet
O09964,C0413,P006,2023-11-25 0:00:00,5,4715.33,0,4715.33,3,DELIVERED,COD
O09965,C0113,P092,2025-10-02 0:00:00,3,6798.79,20,5439.03,12,Delivered,Card
O09966,C0440,P066,2025-09-16 0:00:00,3,788.08,10,709.27,2,Returned,Wallet
O09967,C0463,P068,2025-03-10 0:00:00,4,5297.95,20,4238.36,3,Returned,Wallet
O09968,C0041,P056,2026-04-14 0:00:00,4,7826.15,0,7826.15,10,Cancelled,Wallet
O09969,C0052,P001,2023-05-25 0:00:00,1,1342.33,20,1073.86,6,Delivered,Wallet
O09970,C0218,P036,2023-02-09 0:00:00,3,9908.99,5,9413.54,3,DELIVERED,UPI
O09971,C0313,P013,2025-08-29 0:00:00,4,6339.1,20,5071.28,2,DELIVERED,Wallet
O09972,C0078,P007,2025-10-16 0:00:00,3,1909.67,0,1909.67,7,DELIVERED,Wallet
O09973,C0428,P054,2024-09-28 0:00:00,1,9014.29,15,7662.15,7,Delivered,UPI
O09974,C0389,P020,2024-12-02 0:00:00,4,1736.27,5,1649.46,12,Returned,COD
O09975,C0264,P041,2025-09-22 0:00:00,4,9007.71,5,8557.32,3,Delivered,Card
O09976,C0327,P040,2025-12-16 0:00:00,1,3704.9,20,2963.92,1,Cancelled,Wallet
O09977,C0175,P004,2024-08-18 0:00:00,1,3260.39,20,2608.31,12,delivered,UPI
O09978,C0478,P050,2025-07-15 0:00:00,4,7077.35,5,6723.48,8,Returned,Wallet
O09979,C0017,P087,2023-02-26 0:00:00,4,1292.83,15,1098.91,4,Cancelled,UPI
O09980,C0131,P048,2023-06-28 0:00:00,4,5226.92,20,4181.54,5,Cancelled,UPI
O09981,C0249,P029,2024-05-16 0:00:00,2,1080.96,15,918.82,9,Returned,UPI
O09982,C0023,P015,2024-04-17 0:00:00,1,3658.51,10,3292.66,12,Delivered,Card
O09983,C0067,P064,2024-07-11 0:00:00,3,9867.92,15,8387.73,3,Returned,Wallet
O09984,C0117,P076,2025-12-08 0:00:00,2,3608.07,10,3247.26,5,DELIVERED,UPI
O09985,C0157,P035,2025-12-21 0:00:00,1,732.96,20,586.37,8,Returned,UPI
O09986,C0497,P091,2025-10-26 0:00:00,1,6308.97,15,5362.62,8,Cancelled,Card
O09987,C0326,P079,2024-09-02 0:00:00,5,7688.49,5,7304.07,1,delivered,COD
O09988,C0453,P073,2026-04-10 0:00:00,1,3404.38,5,3234.16,10,Delivered,COD
O09989,C0335,P004,2025-04-14 0:00:00,2,9681.26,0,9681.26,5,delivered,Wallet
O09990,C0499,P040,2025-06-22 0:00:00,5,4456.34,20,3565.07,9,DELIVERED,Wallet
O09991,C0057,P033,2023-02-14 0:00:00,3,1328.98,15,1129.63,7,delivered,COD
O09992,C0444,P004,2023-02-12 0:00:00,3,6671.98,0,6671.98,7,DELIVERED,Card
O09993,C0429,P038,2026-01-03 0:00:00,2,3886.42,20,3109.14,8,Cancelled,Wallet
O09994,C0463,P094,2025-12-19 0:00:00,4,1151.56,0,1151.56,7,delivered,COD
O09995,C0491,P027,2024-06-15 0:00:00,4,4801.48,20,3841.18,9,Delivered,Card
O09996,C0435,P028,2023-01-15 0:00:00,4,995.26,5,945.5,8,Cancelled,UPI
O09997,C0456,P019,2025-03-10 0:00:00,1,1052.72,5,1000.08,12,DELIVERED,Wallet
O09998,C0101,P039,2023-05-29 0:00:00,2,5833.45,5,5541.78,11,Cancelled,Card
O09999,C0187,P057,2026-01-23 0:00:00,1,3857.43,10,3471.69,7,DELIVERED,Wallet
O10000,C0053,P027,2023-05-11 0:00:00,4,8283.7,15,7041.15,8,delivered,COD
O10001,C0229,P031,2024-04-08 0:00:00,1,1528.01,5,1451.61,4,Returned,Wallet
O10002,C0093,P031,2024-05-14 0:00:00,5,3989.29,5,3789.83,6,DELIVERED,COD
O10003,C0238,P091,2024-11-02 0:00:00,3,6437.27,5,6115.41,7,Delivered,UPI
O10004,C0221,P048,2026-02-26 0:00:00,5,2767.15,10,2490.43,11,Delivered,COD
O10005,C0324,P079,2024-10-18 0:00:00,2,1987.65,15,1689.5,4,Cancelled,Wallet
O10006,C0248,P100,2023-04-20 0:00:00,3,9238.15,10,8314.33,4,DELIVERED,Wallet
O10007,C0496,P029,2025-12-19 0:00:00,3,4015.27,5,3814.51,12,DELIVERED,Card
O10008,C0261,P092,2026-01-19 0:00:00,4,4115.91,0,4115.91,12,Returned,COD
O10009,C0013,P022,2025-07-18 0:00:00,3,5186.74,15,4408.73,6,DELIVERED,Wallet
O10010,C0032,P010,2023-08-21 0:00:00,5,5677.7,20,4542.16,12,Delivered,Wallet
O10011,C0172,P072,2024-04-13 0:00:00,1,5930.09,0,5930.09,9,Delivered,Wallet
O10012,C0021,P065,2025-09-06 0:00:00,2,1461.21,15,1242.03,11,Cancelled,Wallet
O10013,C0173,P053,2024-05-13 0:00:00,5,9322.56,20,7458.05,5,DELIVERED,Wallet
O10014,C0294,P027,2023-03-19 0:00:00,2,4727.66,20,3782.13,1,Cancelled,Card
O10015,C0079,P019,2025-07-11 0:00:00,2,5799.54,0,5799.54,3,DELIVERED,Card
O10016,C0481,P010,2023-04-28 0:00:00,1,4993.82,5,4744.13,8,DELIVERED,UPI
O10017,C0182,P091,2024-10-09 0:00:00,1,7190.19,20,5752.15,3,Delivered,Card
O10018,C0260,P032,2024-04-05 0:00:00,1,2444.36,20,1955.49,1,Returned,Card
O10019,C0446,P033,2023-10-18 0:00:00,2,9353.39,15,7950.38,7,DELIVERED,UPI
O10020,C0415,P022,2025-01-11 0:00:00,1,7692.47,0,7692.47,5,Returned,UPI
O10021,C0393,P029,2024-03-11 0:00:00,3,7064.78,15,6005.06,4,Cancelled,Wallet
O10022,C0265,P003,2026-04-02 0:00:00,1,4734.41,5,4497.69,12,DELIVERED,Wallet
O10023,C0006,P072,2024-08-27 0:00:00,1,3744.68,10,3370.21,5,Cancelled,Wallet
O10024,C0254,P072,2026-01-02 0:00:00,1,668.47,5,635.05,12,Cancelled,Wallet
O10025,C0223,P036,2023-04-12 0:00:00,4,6919.47,20,5535.58,2,delivered,COD
O10026,C0447,P049,2024-11-11 0:00:00,5,2334.62,20,1867.7,7,delivered,Wallet
O10027,C0085,P092,2026-01-15 0:00:00,4,9150.39,15,7777.83,8,Cancelled,Card
O10028,C0111,P014,2026-02-14 0:00:00,4,7690.36,10,6921.32,11,delivered,Wallet
O10029,C0128,P072,2025-02-15 0:00:00,1,8674.09,5,8240.39,4,Delivered,Wallet
O10030,C0377,P018,2023-11-22 0:00:00,5,1994.64,15,1695.44,7,delivered,Card
O10031,C0421,P032,2025-04-04 0:00:00,3,3063.22,15,2603.74,11,delivered,Wallet
O10032,C0199,P073,2025-03-16 0:00:00,2,4102.68,20,3282.14,8,delivered,Card
O10033,C0390,P090,2026-02-22 0:00:00,1,2228.81,10,2005.93,6,DELIVERED,COD
O10034,C0418,P040,2025-07-15 0:00:00,5,4609.18,20,3687.34,11,Delivered,Wallet
O10035,C0392,P066,2025-01-12 0:00:00,4,4034.14,15,3429.02,5,Cancelled,COD
O10036,C0258,P077,2023-04-21 0:00:00,5,2874.67,0,2874.67,9,Returned,UPI
O10037,C0418,P026,2024-03-16 0:00:00,3,3532.43,15,3002.57,1,DELIVERED,Wallet
O10038,C0273,P046,2026-03-12 0:00:00,2,4562.37,10,4106.13,1,DELIVERED,COD
O10039,C0328,P088,2023-11-22 0:00:00,1,3340.76,20,2672.61,3,Returned,UPI
O10040,C0024,P042,2023-10-13 0:00:00,4,9854.22,10,8868.8,7,Cancelled,Wallet
O10041,C0377,P010,2025-10-14 0:00:00,1,8898.74,20,7118.99,9,Cancelled,Wallet
O10042,C0405,P063,2025-02-02 0:00:00,2,1656.31,20,1325.05,5,Cancelled,UPI
O10043,C0203,P044,2023-05-10 0:00:00,3,6873.42,0,6873.42,1,DELIVERED,Wallet
O10044,C0058,P096,2023-02-25 0:00:00,2,8149.84,5,7742.35,11,DELIVERED,Card
O10045,C0128,P072,2024-10-28 0:00:00,4,1931.11,5,1834.55,7,Cancelled,Wallet
O10046,C0212,P088,2025-03-24 0:00:00,1,3943.44,5,3746.27,6,DELIVERED,COD
O10047,C0056,P083,2023-08-10 0:00:00,5,9244.2,20,7395.36,1,Cancelled,UPI
O10048,C0497,P062,2025-05-10 0:00:00,4,5552.3,5,5274.68,2,DELIVERED,Card
O10049,C0072,P034,2025-08-09 0:00:00,5,6135.95,0,6135.95,6,DELIVERED,UPI
O10050,C0337,P022,2024-12-26 0:00:00,4,7997.36,0,7997.36,8,Returned,Wallet
O10051,C0404,P066,2025-08-28 0:00:00,4,1518.02,5,1442.12,3,DELIVERED,COD
O10052,C0203,P060,2024-09-12 0:00:00,2,6692.28,20,5353.82,6,Delivered,Wallet
O10053,C0168,P005,2024-07-24 0:00:00,2,6647.43,10,5982.69,1,DELIVERED,Wallet
O10054,C0407,P006,2023-02-14 0:00:00,2,5876.49,15,4995.02,12,Returned,Wallet
O10055,C0252,P007,2024-07-26 0:00:00,3,6936.35,15,5895.9,10,Delivered,COD
O10056,C0499,P027,2023-10-30 0:00:00,4,2905.83,5,2760.54,5,Delivered,COD
O10057,C0385,P062,2024-03-09 0:00:00,5,4500.42,20,3600.34,3,Delivered,Wallet
O10058,C0481,P005,2025-09-18 0:00:00,2,7491.63,20,5993.3,8,delivered,COD
O10059,C0158,P084,2026-03-06 0:00:00,5,3573.07,15,3037.11,9,Returned,UPI
O10060,C0303,P029,2025-06-22 0:00:00,1,7246.75,20,5797.4,10,DELIVERED,Wallet
O10061,C0189,P025,2023-06-05 0:00:00,5,1980.37,0,1980.37,6,Cancelled,Wallet
O10062,C0277,P038,2025-03-31 0:00:00,3,1036.4,5,984.58,5,Cancelled,UPI
O10063,C0122,P008,2024-01-11 0:00:00,1,9807.54,15,8336.41,3,DELIVERED,Wallet
O10064,C0109,P089,2024-01-10 0:00:00,2,9095.92,20,7276.74,2,Delivered,Card
O10065,C0093,P053,2023-12-29 0:00:00,4,1895.47,10,1705.92,3,DELIVERED,COD
O10066,C0367,P018,2026-03-11 0:00:00,3,5546.18,0,5546.18,3,delivered,UPI
O10067,C0050,P039,2024-12-16 0:00:00,1,1410.5,20,1128.4,6,Delivered,Wallet
O10068,C0380,P071,2025-05-31 0:00:00,3,3010.41,0,3010.41,5,Cancelled,Wallet
O10069,C0122,P015,2024-07-01 0:00:00,1,7034.84,0,7034.84,7,delivered,Wallet
O10070,C0304,P021,2023-01-30 0:00:00,4,674.16,0,674.16,9,DELIVERED,COD
O10071,C0402,P012,2023-04-17 0:00:00,4,2427.89,20,1942.31,2,Delivered,Wallet
O10072,C0020,P045,2025-09-28 0:00:00,5,7218.54,5,6857.61,8,Cancelled,Card
O10073,C0170,P054,2025-01-17 0:00:00,5,4957.83,5,4709.94,11,Cancelled,Card
O10074,C0375,P066,2025-12-31 0:00:00,2,6085.68,15,5172.83,3,DELIVERED,COD
O10075,C0442,P082,2024-04-18 0:00:00,2,9549.41,20,7639.53,10,delivered,Wallet
O10076,C0435,P096,2025-09-07 0:00:00,5,2992.07,5,2842.47,10,Delivered,Wallet
O10077,C0249,P031,2024-02-25 0:00:00,2,7894.52,15,6710.34,9,delivered,Wallet
O10078,C0031,P058,2026-02-22 0:00:00,1,7287.66,20,5830.13,6,delivered,Wallet
O10079,C0311,P080,2023-08-23 0:00:00,5,4472.29,10,4025.06,9,delivered,COD
O10080,C0072,P067,2026-03-08 0:00:00,3,4282.28,15,3639.94,3,Cancelled,COD
O10081,C0288,P072,2025-05-18 0:00:00,2,7325.6,20,5860.48,7,Delivered,UPI
O10082,C0443,P076,2025-12-13 0:00:00,1,9730.54,10,8757.49,11,delivered,Wallet
O10083,C0312,P057,2023-07-02 0:00:00,5,7517.41,15,6389.8,10,DELIVERED,Wallet
O10084,C0101,P017,2025-08-13 0:00:00,5,8947.07,20,7157.66,11,Cancelled,COD
O10085,C0412,P070,2024-02-01 0:00:00,3,9406.8,10,8466.12,1,DELIVERED,Wallet
O10086,C0307,P080,2024-10-27 0:00:00,3,526.94,15,447.9,9,DELIVERED,COD
O10087,C0273,P093,2025-09-13 0:00:00,3,8930,15,7590.5,3,Delivered,Wallet
O10088,C0484,P016,2023-10-20 0:00:00,2,9879.52,15,8397.59,9,Delivered,UPI
O10089,C0309,P082,2023-12-01 0:00:00,5,3512.37,20,2809.9,4,Returned,COD
O10090,C0424,P003,2024-12-07 0:00:00,4,7030.92,15,5976.28,6,delivered,COD
O10091,C0026,P005,2023-03-17 0:00:00,4,9008,0,9008,1,delivered,Wallet
O10092,C0090,P056,2023-04-09 0:00:00,1,740.95,15,629.81,2,Delivered,Wallet
O10093,C0229,P086,2023-10-19 0:00:00,1,1005.18,0,1005.18,1,Returned,Wallet
O10094,C0196,P100,2023-11-27 0:00:00,3,8173.23,10,7355.91,5,delivered,Wallet
O10095,C0471,P070,2025-03-08 0:00:00,5,4173.89,0,4173.89,4,delivered,UPI
O10096,C0187,P041,2024-09-12 0:00:00,5,4302.72,5,4087.58,12,Cancelled,UPI
O10097,C0160,P001,2025-06-24 0:00:00,4,9027.74,15,7673.58,6,Delivered,Card
O10098,C0291,P002,2023-08-12 0:00:00,5,9260.79,20,7408.63,8,Delivered,Wallet
O10099,C0241,P030,2023-06-20 0:00:00,4,1865.18,10,1678.66,9,DELIVERED,COD
O10100,C0190,P018,2024-03-07 0:00:00,1,6768.21,5,6429.8,2,DELIVERED,Card
O10101,C0323,P087,2023-07-07 0:00:00,3,2367.17,5,2248.81,9,delivered,Wallet
O10102,C0027,P001,2023-07-18 0:00:00,3,6261.01,5,5947.96,10,Delivered,Card
O10103,C0254,P018,2024-03-31 0:00:00,5,3055.61,0,3055.61,12,DELIVERED,COD
O10104,C0322,P100,2026-03-21 0:00:00,4,7379.21,15,6272.33,12,DELIVERED,Card
O10105,C0273,P021,2025-04-06 0:00:00,4,5722.89,20,4578.31,1,Returned,UPI
O10106,C0041,P076,2025-05-03 0:00:00,3,2998.52,5,2848.59,10,Returned,Wallet
O10107,C0491,P010,2026-01-28 0:00:00,5,899.98,10,809.98,12,Delivered,Wallet
O10108,C0310,P015,2026-03-22 0:00:00,1,6672.79,0,6672.79,6,Cancelled,Wallet
O10109,C0487,P081,2024-06-15 0:00:00,1,7905.42,10,7114.88,4,Cancelled,Wallet
O10110,C0285,P073,2023-08-25 0:00:00,2,1321.5,15,1123.27,4,DELIVERED,COD
O10111,C0329,P088,2023-11-24 0:00:00,3,591.73,15,502.97,5,Delivered,Card
O10112,C0268,P096,2024-12-02 0:00:00,3,3050.3,10,2745.27,3,Returned,COD
O10113,C0296,P024,2024-08-09 0:00:00,2,7198.22,5,6838.31,11,delivered,UPI
O10114,C0273,P092,2024-08-20 0:00:00,5,608.47,5,578.05,6,delivered,Card
O10115,C0443,P072,2023-03-18 0:00:00,5,5919.54,5,5623.56,8,Cancelled,Wallet
O10116,C0390,P052,2024-03-29 0:00:00,2,1979.15,10,1781.24,5,delivered,Card
O10117,C0113,P004,2024-10-31 0:00:00,4,5430.56,10,4887.5,10,Delivered,Wallet
O10118,C0368,P041,2023-11-05 0:00:00,5,6782.34,20,5425.87,9,DELIVERED,Wallet
O10119,C0290,P065,2025-08-19 0:00:00,2,3090.39,20,2472.31,6,Cancelled,COD
O10120,C0294,P055,2024-06-08 0:00:00,1,7720.94,0,7720.94,7,Cancelled,Wallet
O10121,C0071,P093,2024-04-25 0:00:00,1,1580.25,15,1343.21,11,Cancelled,UPI
O10122,C0034,P095,2023-04-01 0:00:00,1,7814.42,10,7032.98,6,DELIVERED,UPI
O10123,C0429,P049,2023-06-20 0:00:00,4,5131.98,10,4618.78,9,delivered,Card
O10124,C0194,P049,2023-11-22 0:00:00,3,8395.08,20,6716.06,8,Cancelled,Wallet
O10125,C0461,P056,2024-05-07 0:00:00,1,8947.13,0,8947.13,10,delivered,Card
O10126,C0269,P056,2024-03-11 0:00:00,4,7832.51,5,7440.88,8,Delivered,Wallet
O10127,C0064,P087,2025-03-14 0:00:00,1,1639.87,5,1557.88,12,Returned,Wallet
O10128,C0340,P092,2023-10-02 0:00:00,5,4737.29,0,4737.29,4,delivered,UPI
O10129,C0461,P100,2026-03-21 0:00:00,4,3405.02,10,3064.52,5,Delivered,Wallet
O10130,C0248,P013,2024-08-18 0:00:00,1,3557.83,0,3557.83,1,Cancelled,UPI
O10131,C0086,P035,2024-08-30 0:00:00,1,845.36,20,676.29,8,Delivered,UPI
O10132,C0006,P028,2023-06-08 0:00:00,1,7749.14,20,6199.31,4,Delivered,COD
O10133,C0400,P040,2025-05-29 0:00:00,1,7965.71,15,6770.85,2,Returned,UPI
O10134,C0076,P052,2024-02-28 0:00:00,1,4721.6,15,4013.36,12,Delivered,COD
O10135,C0132,P092,2024-07-19 0:00:00,2,2984.9,20,2387.92,3,delivered,Wallet
O10136,C0049,P006,2023-12-28 0:00:00,3,1499.08,10,1349.17,5,DELIVERED,UPI
O10137,C0014,P089,2025-03-24 0:00:00,5,5069.81,5,4816.32,7,Cancelled,COD
O10138,C0115,P082,2023-01-05 0:00:00,3,7516.85,5,7141.01,2,Returned,Wallet
O10139,C0321,P011,2024-06-24 0:00:00,2,4691.95,10,4222.76,11,delivered,Card
O10140,C0120,P091,2023-01-18 0:00:00,5,3902.28,5,3707.17,4,Delivered,Wallet
O10141,C0464,P057,2026-01-15 0:00:00,2,2702.08,10,2431.87,5,delivered,Wallet
O10142,C0376,P082,2024-08-03 0:00:00,4,2362.49,10,2126.24,4,Cancelled,COD
O10143,C0160,P080,2026-02-05 0:00:00,2,7386.25,15,6278.31,11,Returned,Card
O10144,C0231,P057,2024-05-20 0:00:00,3,7376.05,0,7376.05,2,Cancelled,Wallet
O10145,C0400,P059,2025-10-03 0:00:00,4,632.47,5,600.85,4,delivered,COD
O10146,C0427,P045,2024-03-06 0:00:00,3,4772.04,10,4294.84,2,Returned,Wallet
O10147,C0402,P040,2025-11-11 0:00:00,4,9076.02,20,7260.82,1,Returned,Wallet
O10148,C0444,P038,2026-03-31 0:00:00,3,549.15,0,549.15,2,Cancelled,Wallet
O10149,C0360,P078,2024-08-30 0:00:00,4,2348.06,15,1995.85,12,DELIVERED,Wallet
O10150,C0147,P080,2024-02-09 0:00:00,1,5404.71,0,5404.71,4,Delivered,Wallet
O10151,C0055,P001,2024-02-13 0:00:00,4,4002.74,0,4002.74,11,Returned,Wallet
O10152,C0317,P061,2024-04-11 0:00:00,5,2236.59,10,2012.93,8,Cancelled,Wallet
O10153,C0478,P013,2026-04-14 0:00:00,5,5899.94,20,4719.95,1,Cancelled,Card
O10154,C0051,P085,2023-12-30 0:00:00,2,2432.04,10,2188.84,2,DELIVERED,Card
O10155,C0324,P038,2023-01-01 0:00:00,3,8892.77,10,8003.49,5,Cancelled,Card
O10156,C0301,P049,2025-03-24 0:00:00,1,8527.19,0,8527.19,6,Cancelled,Wallet
O10157,C0366,P045,2024-05-06 0:00:00,3,4402.71,0,4402.71,4,Delivered,UPI
O10158,C0110,P075,2024-11-14 0:00:00,5,2558.46,15,2174.69,4,Returned,Wallet
O10159,C0401,P088,2025-10-06 0:00:00,3,5023.89,20,4019.11,8,Cancelled,UPI
O10160,C0355,P077,2023-11-24 0:00:00,2,4657.98,15,3959.28,5,DELIVERED,UPI
O10161,C0010,P035,2023-06-23 0:00:00,1,1073.31,20,858.65,1,Returned,UPI
O10162,C0425,P055,2023-06-28 0:00:00,2,4423.37,5,4202.2,7,Delivered,Card
O10163,C0345,P096,2025-10-31 0:00:00,1,1266.65,15,1076.65,2,Returned,Wallet
O10164,C0055,P011,2023-03-05 0:00:00,2,3006.35,15,2555.4,1,Cancelled,UPI
O10165,C0115,P062,2023-03-31 0:00:00,1,2696.11,20,2156.89,8,Cancelled,UPI
O10166,C0297,P047,2023-05-12 0:00:00,2,8468.37,10,7621.53,2,delivered,Card
O10167,C0022,P078,2026-01-12 0:00:00,2,6635.11,15,5639.84,6,Delivered,UPI
O10168,C0182,P054,2026-03-11 0:00:00,4,6528.19,0,6528.19,12,DELIVERED,Wallet
O10169,C0141,P063,2023-08-31 0:00:00,1,3169.42,15,2694.01,9,DELIVERED,Card
O10170,C0177,P092,2023-09-11 0:00:00,3,1195.8,0,1195.8,12,DELIVERED,Wallet
O10171,C0169,P056,2025-11-03 0:00:00,2,7555.37,10,6799.83,7,DELIVERED,Wallet
O10172,C0016,P020,2025-07-13 0:00:00,4,6384.2,10,5745.78,4,Returned,Wallet
O10173,C0056,P081,2025-11-27 0:00:00,1,1242.06,10,1117.85,7,DELIVERED,UPI
O10174,C0102,P100,2024-10-01 0:00:00,2,717.91,10,646.12,9,DELIVERED,Wallet
O10175,C0157,P009,2024-04-02 0:00:00,4,9351.64,20,7481.31,6,delivered,UPI
O10176,C0288,P010,2026-02-22 0:00:00,3,6981.25,0,6981.25,8,DELIVERED,Card
O10177,C0226,P094,2026-01-26 0:00:00,5,7062.71,20,5650.17,11,DELIVERED,Wallet
O10178,C0193,P064,2024-06-25 0:00:00,4,8736.39,0,8736.39,8,DELIVERED,COD
O10179,C0267,P017,2024-02-13 0:00:00,2,1277.96,20,1022.37,8,Cancelled,Card
O10180,C0325,P026,2025-09-01 0:00:00,4,9893.24,20,7914.59,3,DELIVERED,UPI
O10181,C0403,P057,2025-01-11 0:00:00,3,6486.22,15,5513.29,2,Cancelled,Card
O10182,C0267,P015,2024-09-23 0:00:00,2,1890.14,5,1795.63,4,delivered,UPI
O10183,C0352,P037,2023-01-11 0:00:00,1,1744.52,15,1482.84,4,delivered,Wallet
O10184,C0177,P020,2023-09-20 0:00:00,2,5093.67,10,4584.3,10,DELIVERED,Card
O10185,C0170,P020,2023-04-15 0:00:00,5,2607,15,2215.95,12,Returned,Card
O10186,C0433,P066,2023-08-05 0:00:00,4,6935.91,0,6935.91,10,Cancelled,Card
O10187,C0365,P017,2024-08-12 0:00:00,1,7782.11,15,6614.79,2,Delivered,Card
O10188,C0241,P067,2023-08-16 0:00:00,4,1017.05,15,864.49,0,DELIVERED,Wallet
O10189,C0183,P092,2024-12-27 0:00:00,3,7127.35,10,6414.62,8,delivered,Wallet
O10190,C0310,P084,2024-04-07 0:00:00,1,8103.86,20,6483.09,10,Returned,Wallet
O10191,C0117,P031,2024-11-10 0:00:00,4,2650.92,10,2385.83,2,Returned,Wallet
O10192,C0168,P081,2023-01-19 0:00:00,2,4319.68,10,3887.71,9,DELIVERED,COD
O10193,C0208,P085,2024-02-25 0:00:00,5,4120.45,0,4120.45,2,delivered,Wallet
O10194,C0054,P079,2026-01-03 0:00:00,1,510.96,10,459.86,3,Returned,Card
O10195,C0058,P024,2025-01-23 0:00:00,5,4178.62,0,4178.62,4,Cancelled,Wallet
O10196,C0058,P034,2023-03-15 0:00:00,1,9589.37,5,9109.9,3,delivered,COD
O10197,C0128,P084,2024-08-21 0:00:00,5,6127.71,20,4902.17,10,delivered,UPI
O10198,C0065,P020,2024-02-08 0:00:00,4,8356.82,0,8356.82,6,Delivered,Card
O10199,C0325,P024,2025-07-30 0:00:00,5,6687.71,10,6018.94,6,Cancelled,Wallet
O10200,C0486,P047,2024-05-23 0:00:00,3,7375.11,10,6637.6,3,delivered,COD
O10201,C0183,P074,2024-10-24 0:00:00,2,3514.69,10,3163.22,8,Cancelled,Wallet
O10202,C0319,P054,2023-08-05 0:00:00,2,3351.69,20,2681.35,9,Returned,Wallet
O10203,C0265,P016,2025-06-30 0:00:00,3,2084.87,20,1667.9,3,Delivered,Card
O10204,C0077,P038,2024-04-08 0:00:00,4,1756.3,10,1580.67,3,Delivered,Wallet
O10205,C0265,P067,2024-09-04 0:00:00,4,1743.25,20,1394.6,9,Cancelled,UPI
O10206,C0410,P084,2024-10-18 0:00:00,1,5447.03,5,5174.68,7,Returned,UPI
O10207,C0429,P033,2023-10-06 0:00:00,5,3175.01,15,2698.76,10,DELIVERED,UPI
O10208,C0191,P076,2024-04-12 0:00:00,3,3678.83,5,3494.89,6,delivered,Wallet
O10209,C0262,P045,2023-09-02 0:00:00,3,1598.17,15,1358.44,10,DELIVERED,COD
O10210,C0294,P084,2025-07-13 0:00:00,2,5772.53,20,4618.02,7,DELIVERED,Card
O10211,C0292,P022,2025-10-08 0:00:00,5,3285.69,5,3121.41,6,Cancelled,Wallet
O10212,C0198,P098,2023-09-06 0:00:00,1,1664.82,5,1581.58,8,DELIVERED,Wallet
O10213,C0477,P065,2025-08-19 0:00:00,4,3975.99,0,3975.99,12,Delivered,Wallet
O10214,C0063,P002,2025-06-13 0:00:00,4,9863.33,20,7890.66,1,Cancelled,Wallet
O10215,C0184,P055,2023-04-01 0:00:00,3,8723.31,10,7850.98,1,delivered,UPI
O10216,C0420,P043,2025-03-25 0:00:00,1,5472.86,5,5199.22,9,DELIVERED,Wallet
O10217,C0122,P066,2023-02-01 0:00:00,1,6581.65,20,5265.32,11,DELIVERED,Card
O10218,C0078,P038,2023-02-18 0:00:00,3,4487.65,0,4487.65,4,delivered,UPI
O10219,C0412,P088,2024-11-23 0:00:00,4,9928.23,5,9431.82,9,DELIVERED,Card
O10220,C0270,P028,2025-08-23 0:00:00,2,9576.86,10,8619.17,10,Cancelled,Card
O10221,C0391,P063,2024-01-21 0:00:00,5,6089.5,15,5176.07,10,Cancelled,COD
O10222,C0031,P011,2023-06-22 0:00:00,3,9366.22,15,7961.29,12,Delivered,Wallet
O10223,C0028,P011,2025-05-15 0:00:00,3,8819.88,20,7055.9,10,delivered,COD
O10224,C0487,P007,2023-10-14 0:00:00,5,5225.25,0,5225.25,1,DELIVERED,Card
O10225,C0264,P083,2024-08-03 0:00:00,1,619.57,10,557.61,11,Delivered,Card
O10226,C0372,P073,2025-01-16 0:00:00,3,3409.24,20,2727.39,2,DELIVERED,UPI
O10227,C0184,P003,2024-01-28 0:00:00,1,9146.22,15,7774.29,10,DELIVERED,COD
O10228,C0370,P007,2024-10-10 0:00:00,3,6303.9,5,5988.7,4,Returned,UPI
O10229,C0213,P085,2024-07-18 0:00:00,2,3587.35,0,3587.35,11,Delivered,UPI
O10230,C0180,P042,2026-01-26 0:00:00,5,6172.66,5,5864.03,8,Cancelled,Wallet
O10231,C0101,P004,2025-05-17 0:00:00,1,4230.01,15,3595.51,5,Cancelled,Card
O10232,C0225,P083,2024-01-31 0:00:00,5,5111.15,0,5111.15,9,Cancelled,Card
O10233,C0462,P033,2024-11-12 0:00:00,1,5722.96,20,4578.37,8,DELIVERED,Wallet
O10234,C0194,P014,2025-09-17 0:00:00,3,9070.64,20,7256.51,7,delivered,COD
O10235,C0309,P009,2024-08-13 0:00:00,4,3269.03,5,3105.58,10,delivered,UPI
O10236,C0024,P062,2023-08-09 0:00:00,3,8802.43,0,8802.43,8,Delivered,Card
O10237,C0187,P006,2025-04-04 0:00:00,1,7760.39,5,7372.37,3,Delivered,Wallet
O10238,C0089,P071,2026-04-05 0:00:00,2,8386.45,5,7967.13,7,Returned,UPI
O10239,C0082,P070,2024-06-09 0:00:00,5,6337.27,20,5069.82,4,Delivered,UPI
O10240,C0327,P078,2024-03-02 0:00:00,4,5368.02,5,5099.62,11,Delivered,Card
O10241,C0407,P013,2023-05-02 0:00:00,2,8058.59,10,7252.73,10,Delivered,Card
O10242,C0115,P028,2024-06-16 0:00:00,2,8614.44,20,6891.55,7,DELIVERED,Card
O10243,C0278,P090,2023-08-11 0:00:00,3,2239.5,0,2239.5,6,Delivered,Wallet
O10244,C0028,P096,2024-12-31 0:00:00,5,2721.39,0,2721.39,4,delivered,Wallet
O10245,C0327,P036,2024-09-19 0:00:00,1,2422.82,10,2180.54,9,Delivered,COD
O10246,C0184,P035,2023-03-15 0:00:00,2,5347.61,0,5347.61,6,DELIVERED,COD
O10247,C0206,P037,2025-03-12 0:00:00,3,5789.01,10,5210.11,3,DELIVERED,UPI
O10248,C0128,P035,2023-08-09 0:00:00,4,2063.57,5,1960.39,11,Returned,UPI
O10249,C0276,P029,2025-01-30 0:00:00,4,1945.55,20,1556.44,5,Cancelled,COD
O10250,C0270,P013,2023-04-14 0:00:00,2,7119.03,10,6407.13,1,delivered,Wallet
O10251,C0432,P053,2023-06-19 0:00:00,2,2720.93,5,2584.88,10,Returned,Card
O10252,C0199,P038,2025-07-01 0:00:00,1,585.12,0,585.12,1,delivered,Wallet
O10253,C0383,P088,2023-07-22 0:00:00,3,7277.49,0,7277.49,9,Cancelled,COD
O10254,C0081,P093,2024-05-08 0:00:00,3,1172.03,0,1172.03,8,Delivered,Wallet
O10255,C0263,P010,2025-08-02 0:00:00,5,3302.62,15,2807.23,10,Returned,Wallet
O10256,C0048,P061,2025-06-05 0:00:00,2,3785.74,10,3407.17,11,DELIVERED,UPI
O10257,C0111,P003,2024-12-14 0:00:00,2,4584.9,5,4355.65,10,Delivered,Card
O10258,C0396,P066,2024-06-21 0:00:00,4,1113.91,20,891.13,10,DELIVERED,Wallet
O10259,C0287,P017,2025-05-23 0:00:00,3,8066.23,10,7259.61,9,DELIVERED,Card
O10260,C0448,P029,2023-09-18 0:00:00,2,3159.64,0,3159.64,7,DELIVERED,Card
O10261,C0101,P048,2023-11-24 0:00:00,5,4020.81,20,3216.65,1,DELIVERED,UPI
O10262,C0295,P043,2025-12-02 0:00:00,3,3192.01,15,2713.21,12,Delivered,Wallet
O10263,C0269,P027,2025-11-19 0:00:00,3,9854.25,0,9854.25,1,Returned,Card
O10264,C0254,P002,2023-08-31 0:00:00,1,9489.73,15,8066.27,5,Cancelled,COD
O10265,C0264,P035,2023-09-28 0:00:00,3,1643.35,5,1561.18,11,Returned,Card
O10266,C0332,P093,2023-06-30 0:00:00,4,8163.77,0,8163.77,7,Returned,Wallet
O10267,C0049,P006,2024-08-26 0:00:00,2,600.82,10,540.74,2,Returned,Wallet
O10268,C0463,P096,2026-01-28 0:00:00,5,6359.43,10,5723.49,10,DELIVERED,Wallet
O10269,C0200,P016,2026-01-05 0:00:00,4,2965.25,20,2372.2,10,DELIVERED,UPI
O10270,C0367,P027,2024-03-22 0:00:00,3,2266.66,0,2266.66,7,DELIVERED,UPI
O10271,C0118,P077,2024-03-03 0:00:00,1,4595.6,5,4365.82,2,delivered,Wallet
O10272,C0150,P034,2025-12-27 0:00:00,2,4320.25,15,3672.21,9,Returned,Wallet
O10273,C0158,P084,2024-07-04 0:00:00,5,8210.95,10,7389.86,8,Returned,COD
O10274,C0255,P094,2025-02-05 0:00:00,2,1647.13,5,1564.77,2,Returned,UPI
O10275,C0348,P079,2025-08-06 0:00:00,4,3273.58,20,2618.86,11,Delivered,COD
O10276,C0059,P099,2024-07-18 0:00:00,4,7142.45,10,6428.2,1,Returned,UPI
O10277,C0239,P022,2025-03-21 0:00:00,2,2869.97,0,2869.97,5,delivered,UPI
O10278,C0398,P054,2023-06-28 0:00:00,4,8345.86,0,8345.86,8,DELIVERED,Wallet
O10279,C0056,P029,2025-02-20 0:00:00,3,9970.78,5,9472.24,11,DELIVERED,Wallet
O10280,C0411,P080,2024-08-01 0:00:00,2,6461.14,0,6461.14,7,DELIVERED,Card
O10281,C0159,P082,2024-04-30 0:00:00,5,7478.71,15,6356.9,3,DELIVERED,Wallet
O10282,C0051,P007,2023-11-30 0:00:00,1,1273.85,20,1019.08,10,Cancelled,Wallet
O10283,C0200,P051,2026-03-09 0:00:00,4,8049.95,5,7647.45,1,Delivered,COD
O10284,C0132,P035,2025-08-15 0:00:00,4,2779.55,15,2362.62,1,Returned,Wallet
O10285,C0452,P041,2025-06-22 0:00:00,5,5233.05,15,4448.09,2,Cancelled,UPI
O10286,C0478,P012,2023-12-23 0:00:00,4,5138.56,0,5138.56,12,Returned,UPI
O10287,C0418,P011,2023-03-16 0:00:00,1,1862.28,5,1769.17,9,Delivered,Wallet
O10288,C0110,P040,2024-03-26 0:00:00,5,9698.17,10,8728.35,4,Cancelled,COD
O10289,C0064,P083,2025-04-12 0:00:00,5,7479.87,15,6357.89,9,delivered,Card
O10290,C0237,P090,2026-03-20 0:00:00,4,3650.34,20,2920.27,7,Cancelled,UPI
O10291,C0191,P058,2024-07-03 0:00:00,3,7234.18,15,6149.05,12,Returned,COD
O10292,C0082,P041,2023-04-08 0:00:00,3,2054.71,20,1643.77,11,Returned,Card
O10293,C0339,P073,2023-11-14 0:00:00,2,9638.06,15,8192.35,1,delivered,Wallet
O10294,C0229,P019,2025-11-21 0:00:00,2,3947.14,20,3157.71,8,Returned,Wallet
O10295,C0414,P086,2025-09-11 0:00:00,4,1930.97,15,1641.32,4,DELIVERED,Wallet
O10296,C0258,P036,2023-03-16 0:00:00,5,6777.84,5,6438.95,12,DELIVERED,COD
O10297,C0291,P031,2023-06-01 0:00:00,2,5120.36,20,4096.29,4,delivered,COD
O10298,C0103,P083,2025-09-23 0:00:00,1,2831.88,15,2407.1,11,Cancelled,UPI
O10299,C0271,P007,2025-02-23 0:00:00,3,9276.94,15,7885.4,11,DELIVERED,Wallet
O10300,C0322,P001,2025-10-06 0:00:00,1,984.16,5,934.95,9,delivered,Card
O10301,C0253,P078,2024-09-14 0:00:00,5,2667.39,0,2667.39,5,Delivered,Wallet
O10302,C0320,P026,2024-02-02 0:00:00,1,1963.66,15,1669.11,9,delivered,COD
O10303,C0190,P070,2023-11-27 0:00:00,4,3530.33,15,3000.78,5,DELIVERED,Wallet
O10304,C0016,P034,2024-04-25 0:00:00,3,2129.22,15,1809.84,3,Returned,Card
O10305,C0325,P048,2023-07-28 0:00:00,3,9728.31,5,9241.89,10,Returned,COD
O10306,C0353,P015,2024-05-07 0:00:00,4,9290.01,15,7896.51,8,Returned,COD
O10307,C0109,P026,2025-05-18 0:00:00,1,2813.41,20,2250.73,5,Cancelled,COD
O10308,C0088,P096,2023-01-03 0:00:00,5,9739.19,0,9739.19,4,Returned,Wallet
O10309,C0088,P041,2025-05-30 0:00:00,4,4812.49,5,4571.87,7,Returned,COD
O10310,C0169,P072,2024-12-24 0:00:00,4,5603.44,10,5043.1,8,Delivered,Wallet
O10311,C0344,P060,2023-11-07 0:00:00,1,5333.59,15,4533.55,6,Cancelled,COD
O10312,C0167,P075,2025-03-21 0:00:00,2,5287.05,10,4758.35,2,DELIVERED,COD
O10313,C0220,P047,2025-05-03 0:00:00,2,5959.1,0,5959.1,1,Returned,Wallet
O10314,C0071,P022,2025-03-02 0:00:00,4,9259.56,15,7870.63,11,DELIVERED,COD
O10315,C0108,P014,2023-10-01 0:00:00,5,6148.21,20,4918.57,4,Returned,Wallet
O10316,C0338,P003,2024-11-20 0:00:00,2,1646.82,10,1482.14,1,Delivered,Wallet
O10317,C0414,P030,2023-05-19 0:00:00,4,6515.09,5,6189.34,5,Returned,COD
O10318,C0315,P092,2025-11-24 0:00:00,4,3726.72,15,3167.71,10,Delivered,Wallet
O10319,C0476,P024,2024-07-05 0:00:00,3,7011.39,10,6310.25,7,delivered,UPI
O10320,C0130,P010,2023-05-24 0:00:00,3,8863.09,10,7976.78,4,DELIVERED,Wallet
O10321,C0385,P036,2023-07-28 0:00:00,2,3849.02,20,3079.22,6,delivered,Wallet
O10322,C0101,P002,2024-11-26 0:00:00,1,6909.98,20,5527.98,10,DELIVERED,Card
O10323,C0233,P037,2025-12-13 0:00:00,3,9761.42,0,9761.42,7,Delivered,COD
O10324,C0416,P028,2024-03-30 0:00:00,1,1338.56,10,1204.7,6,Returned,COD
O10325,C0009,P054,2025-08-08 0:00:00,1,3894.41,15,3310.25,7,Returned,UPI
O10326,C0184,P026,2023-01-07 0:00:00,5,2312.1,5,2196.49,11,Cancelled,Card
O10327,C0075,P009,2024-10-05 0:00:00,2,6071.68,20,4857.34,6,Cancelled,Card
O10328,C0323,P044,2025-01-17 0:00:00,2,1439.48,20,1151.58,8,DELIVERED,Wallet
O10329,C0368,P017,2025-12-14 0:00:00,4,5309.16,0,5309.16,10,Returned,Wallet
O10330,C0008,P071,2024-10-04 0:00:00,4,3688.18,20,2950.54,10,Cancelled,Wallet
O10331,C0392,P025,2024-12-03 0:00:00,2,981.05,5,932,11,delivered,Wallet
O10332,C0497,P056,2025-08-24 0:00:00,4,4081.71,15,3469.45,7,delivered,UPI
O10333,C0239,P013,2024-07-15 0:00:00,3,6494.21,20,5195.37,2,Cancelled,Wallet
O10334,C0365,P077,2023-01-16 0:00:00,4,9615.89,10,8654.3,12,Cancelled,Wallet
O10335,C0169,P005,2025-11-05 0:00:00,3,1639,5,1557.05,4,delivered,Wallet
O10336,C0140,P040,2025-05-02 0:00:00,5,4389.62,15,3731.18,9,DELIVERED,UPI
O10337,C0323,P082,2023-12-10 0:00:00,1,8202.22,10,7382,9,Cancelled,UPI
O10338,C0045,P077,2023-11-16 0:00:00,1,6631.3,20,5305.04,3,Returned,UPI
O10339,C0196,P024,2024-08-20 0:00:00,2,9575.84,10,8618.26,8,Returned,Wallet
O10340,C0437,P045,2024-11-30 0:00:00,3,2998.9,20,2399.12,2,Delivered,Wallet
O10341,C0314,P064,2023-05-08 0:00:00,4,3061.15,10,2755.04,2,delivered,UPI
O10342,C0087,P029,2024-09-18 0:00:00,4,9220.04,10,8298.04,4,Returned,Wallet
O10343,C0052,P027,2026-02-16 0:00:00,2,3017.64,0,3017.64,3,Cancelled,Wallet
O10344,C0156,P066,2024-12-22 0:00:00,3,1400.52,15,1190.44,5,Returned,UPI
O10345,C0267,P036,2025-01-09 0:00:00,4,1131.07,20,904.86,7,Returned,Wallet
O10346,C0141,P100,2024-03-25 0:00:00,1,4585.83,5,4356.54,9,Returned,Wallet
O10347,C0366,P033,2024-08-07 0:00:00,5,7838.96,5,7447.01,11,Returned,Wallet
O10348,C0428,P067,2023-08-19 0:00:00,1,8308.99,20,6647.19,6,delivered,Card
O10349,C0237,P077,2025-02-28 0:00:00,5,6946.31,15,5904.36,10,Delivered,UPI
O10350,C0017,P038,2026-03-19 0:00:00,5,4470.66,0,4470.66,9,Returned,UPI
O10351,C0408,P086,2024-11-11 0:00:00,2,2479.54,15,2107.61,3,Delivered,Wallet
O10352,C0442,P061,2023-09-04 0:00:00,4,4536.81,20,3629.45,7,delivered,Wallet
O10353,C0029,P067,2024-10-29 0:00:00,1,9005,20,7204,11,DELIVERED,Card
O10354,C0247,P025,2023-06-27 0:00:00,3,906.47,5,861.15,3,DELIVERED,COD
O10355,C0240,P007,2025-04-10 0:00:00,2,1330.95,5,1264.4,9,DELIVERED,Wallet
O10356,C0077,P008,2026-04-08 0:00:00,1,2216.98,10,1995.28,6,Returned,UPI
O10357,C0152,P069,2023-04-11 0:00:00,3,5402.9,20,4322.32,6,DELIVERED,UPI
O10358,C0048,P056,2025-10-25 0:00:00,1,9072.26,20,7257.81,6,DELIVERED,UPI
O10359,C0064,P003,2025-07-17 0:00:00,3,1815.42,20,1452.34,5,delivered,Wallet
O10360,C0229,P034,2025-03-08 0:00:00,2,1006.14,20,804.91,6,DELIVERED,COD
O10361,C0409,P034,2024-08-28 0:00:00,3,5484.22,15,4661.59,11,Cancelled,Wallet
O10362,C0093,P053,2025-06-16 0:00:00,1,2048.89,10,1844,1,delivered,Wallet
O10363,C0269,P015,2024-08-18 0:00:00,1,1528.52,20,1222.82,4,DELIVERED,Wallet
O10364,C0270,P019,2024-08-21 0:00:00,1,8790.35,15,7471.8,11,Returned,UPI
O10365,C0204,P097,2024-06-20 0:00:00,3,5918.02,10,5326.22,2,Returned,Wallet
O10366,C0280,P075,2025-08-18 0:00:00,3,6439.95,20,5151.96,11,Delivered,Wallet
O10367,C0192,P080,2023-04-21 0:00:00,4,7325.17,20,5860.14,5,Delivered,UPI
O10368,C0170,P084,2024-03-23 0:00:00,5,723.75,5,687.56,2,DELIVERED,Wallet
O10369,C0288,P075,2025-10-13 0:00:00,3,1827.31,20,1461.85,5,Returned,Card
O10370,C0059,P058,2023-03-10 0:00:00,5,743.83,0,743.83,8,delivered,Wallet
O10371,C0059,P029,2024-05-13 0:00:00,1,2183.26,20,1746.61,11,delivered,Wallet
O10372,C0411,P014,2024-09-02 0:00:00,5,641.56,0,641.56,10,Returned,Wallet
O10373,C0434,P055,2025-10-15 0:00:00,2,4901.32,5,4656.25,6,Delivered,Wallet
O10374,C0282,P024,2023-06-13 0:00:00,3,6246.43,10,5621.79,7,Delivered,Wallet
O10375,C0102,P070,2025-10-10 0:00:00,5,995.42,20,796.34,1,DELIVERED,Card
O10376,C0348,P041,2024-09-17 0:00:00,3,8483.98,15,7211.38,4,Cancelled,Wallet
O10377,C0226,P064,2023-09-24 0:00:00,5,3886.09,5,3691.79,4,Returned,COD
O10378,C0469,P059,2025-02-28 0:00:00,4,3231.9,10,2908.71,4,Delivered,Card
O10379,C0391,P090,2025-11-12 0:00:00,5,5651.39,10,5086.25,10,Delivered,UPI
O10380,C0149,P010,2023-10-27 0:00:00,2,8942.68,10,8048.41,2,delivered,COD
O10381,C0185,P095,2023-08-21 0:00:00,5,573.45,20,458.76,10,Delivered,UPI
O10382,C0410,P018,2025-11-28 0:00:00,3,3962.02,15,3367.72,12,Cancelled,Wallet
O10383,C0200,P060,2025-12-23 0:00:00,3,1238.61,20,990.89,6,Returned,Wallet
O10384,C0300,P018,2025-05-11 0:00:00,2,2154.93,0,2154.93,4,DELIVERED,Wallet
O10385,C0132,P088,2024-01-24 0:00:00,2,7734.38,10,6960.94,5,Returned,UPI
O10386,C0151,P077,2024-11-12 0:00:00,4,4728.4,10,4255.56,2,Delivered,COD
O10387,C0145,P040,2023-07-21 0:00:00,4,6244.33,15,5307.68,7,DELIVERED,UPI
O10388,C0166,P026,2023-10-23 0:00:00,4,6367.74,10,5730.97,9,Cancelled,Wallet
O10389,C0241,P092,2023-07-09 0:00:00,2,3819.18,5,3628.22,9,Cancelled,Wallet
O10390,C0132,P077,2026-02-13 0:00:00,3,2954.12,10,2658.71,11,Cancelled,Wallet
O10391,C0197,P009,2023-07-28 0:00:00,4,9957.68,10,8961.91,5,delivered,Wallet
O10392,C0455,P001,2023-09-30 0:00:00,3,3473.17,0,3473.17,4,Returned,Wallet
O10393,C0369,P086,2025-09-04 0:00:00,5,767.76,0,767.76,12,delivered,UPI
O10394,C0439,P045,2025-10-16 0:00:00,5,3965.63,5,3767.35,1,DELIVERED,Card
O10395,C0480,P009,2023-04-07 0:00:00,1,2979.91,15,2532.92,3,Cancelled,Wallet
O10396,C0018,P060,2025-03-09 0:00:00,3,4208.2,15,3576.97,7,Delivered,Wallet
O10397,C0379,P024,2024-12-07 0:00:00,5,3282.31,0,3282.31,3,Returned,Wallet
O10398,C0064,P049,2024-08-09 0:00:00,3,9660.01,5,9177.01,5,Returned,Wallet
O10399,C0015,P015,2026-02-16 0:00:00,5,5740.92,10,5166.83,5,Delivered,Wallet
O10400,C0355,P096,2023-05-21 0:00:00,4,5446.04,0,5446.04,1,Delivered,Card
O10401,C0321,P083,2024-06-02 0:00:00,3,4192.61,0,4192.61,12,Returned,Card
O10402,C0218,P059,2025-09-21 0:00:00,2,9359.37,0,9359.37,11,DELIVERED,Wallet
O10403,C0368,P013,2023-07-31 0:00:00,4,2480.81,5,2356.77,5,Cancelled,UPI
O10404,C0128,P043,2024-12-18 0:00:00,2,8239.89,5,7827.9,12,Returned,Wallet
O10405,C0434,P062,2023-05-13 0:00:00,2,1969.67,20,1575.74,9,Cancelled,Wallet
O10406,C0259,P025,2023-08-25 0:00:00,3,7733.33,5,7346.66,5,delivered,UPI
O10407,C0265,P075,2024-01-19 0:00:00,4,6869.23,10,6182.31,10,Returned,Card
O10408,C0490,P093,2023-11-03 0:00:00,4,7465.35,15,6345.55,3,delivered,COD
O10409,C0476,P100,2023-09-09 0:00:00,4,3894.91,10,3505.42,6,Returned,Card
O10410,C0216,P063,2024-12-30 0:00:00,4,6612.59,10,5951.33,1,Returned,COD
O10411,C0195,P019,2024-11-02 0:00:00,5,9452.55,20,7562.04,5,Returned,UPI
O10412,C0259,P072,2023-01-03 0:00:00,3,1572.5,0,1572.5,7,delivered,Wallet
O10413,C0185,P007,2024-07-11 0:00:00,1,2170.23,20,1736.18,3,delivered,COD
O10414,C0047,P093,2024-08-14 0:00:00,3,1777.82,5,1688.93,8,Returned,Wallet
O10415,C0382,P059,2025-01-17 0:00:00,1,5325.46,10,4792.91,5,delivered,COD
O10416,C0208,P006,2024-07-21 0:00:00,2,8527.47,0,8527.47,7,DELIVERED,Card
O10417,C0083,P098,2023-12-03 0:00:00,2,4482.58,20,3586.06,9,Delivered,COD
O10418,C0395,P080,2024-06-20 0:00:00,1,2235.1,20,1788.08,9,Cancelled,Wallet
O10419,C0318,P040,2023-02-06 0:00:00,2,9027.44,10,8124.7,9,Returned,Wallet
O10420,C0142,P089,2025-12-06 0:00:00,4,4508.22,0,4508.22,7,Cancelled,COD
O10421,C0083,P032,2025-12-05 0:00:00,4,4622.95,20,3698.36,6,DELIVERED,Wallet
O10422,C0342,P063,2023-01-12 0:00:00,1,8807.36,0,8807.36,3,Delivered,UPI
O10423,C0122,P063,2024-03-07 0:00:00,5,1813.64,5,1722.96,8,Returned,Card
O10424,C0089,P021,2025-08-31 0:00:00,2,4025.13,0,4025.13,10,Delivered,Wallet
O10425,C0371,P002,2024-04-05 0:00:00,4,9009.21,15,7657.83,11,Delivered,UPI
O10426,C0018,P076,2025-12-18 0:00:00,3,7979.53,15,6782.6,9,delivered,UPI
O10427,C0455,P087,2025-10-07 0:00:00,3,9482.6,5,9008.47,8,DELIVERED,Card
O10428,C0305,P033,2024-05-17 0:00:00,1,1975.81,10,1778.23,12,delivered,UPI
O10429,C0132,P088,2024-06-03 0:00:00,3,7616.94,5,7236.09,7,DELIVERED,COD
O10430,C0245,P067,2025-10-18 0:00:00,1,6562.1,10,5905.89,2,Returned,Card
O10431,C0255,P048,2025-11-14 0:00:00,1,970.93,15,825.29,6,delivered,Wallet
O10432,C0492,P051,2025-04-04 0:00:00,3,6250.34,5,5937.82,10,Returned,UPI
O10433,C0247,P088,2023-12-03 0:00:00,1,8597.24,5,8167.38,12,Delivered,Wallet
O10434,C0437,P098,2024-04-11 0:00:00,2,7714.17,10,6942.75,6,Returned,Card
O10435,C0210,P098,2024-08-09 0:00:00,1,9216.46,0,9216.46,9,delivered,Wallet
O10436,C0239,P038,2026-03-30 0:00:00,3,6829.18,5,6487.72,5,delivered,COD
O10437,C0381,P048,2025-11-23 0:00:00,3,5949.93,0,5949.93,5,Cancelled,Wallet
O10438,C0203,P003,2026-02-21 0:00:00,4,6730.32,20,5384.26,10,Cancelled,UPI
O10439,C0083,P058,2025-05-18 0:00:00,5,6100.42,5,5795.4,12,delivered,Wallet
O10440,C0490,P017,2024-05-10 0:00:00,2,1291.95,15,1098.16,8,Delivered,Wallet
O10441,C0019,P032,2023-08-18 0:00:00,4,4588.66,10,4129.79,3,DELIVERED,Wallet
O10442,C0483,P025,2023-03-05 0:00:00,1,3626.93,15,3082.89,5,DELIVERED,Wallet
O10443,C0186,P088,2023-02-25 0:00:00,4,1586.66,0,1586.66,1,delivered,COD
O10444,C0206,P006,2024-08-15 0:00:00,1,7753.19,5,7365.53,12,Delivered,UPI
O10445,C0073,P070,2024-05-12 0:00:00,5,1529.58,20,1223.66,11,delivered,Wallet
O10446,C0086,P036,2024-10-14 0:00:00,1,604.38,10,543.94,5,Returned,UPI
O10447,C0390,P019,2024-08-18 0:00:00,5,4803.85,5,4563.66,2,delivered,Card
O10448,C0204,P099,2025-04-21 0:00:00,2,4655.68,15,3957.33,4,Delivered,COD
O10449,C0086,P038,2023-02-04 0:00:00,2,5452.74,20,4362.19,6,DELIVERED,COD
O10450,C0124,P048,2025-08-08 0:00:00,1,2586.35,5,2457.03,6,Returned,COD
O10451,C0335,P047,2023-09-16 0:00:00,2,6270.97,10,5643.87,6,Returned,UPI
O10452,C0242,P031,2025-02-20 0:00:00,3,7110.36,0,7110.36,5,DELIVERED,Card
O10453,C0074,P086,2023-01-03 0:00:00,1,5935.4,5,5638.63,6,delivered,COD
O10454,C0323,P040,2024-04-25 0:00:00,3,4357.01,5,4139.16,6,Returned,UPI
O10455,C0172,P055,2023-03-05 0:00:00,2,8814.63,5,8373.9,11,Delivered,UPI
O10456,C0488,P031,2025-05-26 0:00:00,1,1570.55,10,1413.49,9,DELIVERED,Card
O10457,C0111,P019,2026-03-11 0:00:00,4,2972.49,5,2823.87,3,Returned,Wallet
O10458,C0259,P094,2025-03-18 0:00:00,1,5799.09,20,4639.27,2,delivered,COD
O10459,C0225,P001,2024-07-22 0:00:00,5,7908.02,0,7908.02,5,delivered,UPI
O10460,C0147,P008,2026-04-07 0:00:00,2,2941.68,0,2941.68,2,Delivered,COD
O10461,C0440,P057,2023-07-31 0:00:00,5,7200.55,5,6840.52,2,Delivered,UPI
O10462,C0456,P020,2024-07-10 0:00:00,5,1366.8,10,1230.12,3,Returned,UPI
O10463,C0488,P072,2026-02-04 0:00:00,4,2887.88,0,2887.88,12,Cancelled,Card
O10464,C0096,P056,2025-11-16 0:00:00,2,6844.63,0,6844.63,12,delivered,Wallet
O10465,C0290,P043,2024-01-28 0:00:00,4,8792.77,0,8792.77,5,Returned,UPI
O10466,C0045,P011,2024-12-20 0:00:00,1,1612.8,5,1532.16,7,Delivered,Wallet
O10467,C0203,P013,2024-02-02 0:00:00,3,4718.9,10,4247.01,11,Returned,Wallet
O10468,C0397,P034,2025-07-19 0:00:00,1,1253.9,15,1065.82,11,delivered,COD
O10469,C0269,P034,2023-03-14 0:00:00,1,6472.4,15,5501.54,11,Cancelled,UPI
O10470,C0488,P035,2025-06-09 0:00:00,3,7452.57,20,5962.06,6,Delivered,UPI
O10471,C0427,P041,2023-01-15 0:00:00,5,1453.97,0,1453.97,7,delivered,Card
O10472,C0208,P095,2023-07-05 0:00:00,1,7629.18,15,6484.8,3,DELIVERED,Wallet
O10473,C0332,P037,2025-06-26 0:00:00,5,3046.45,5,2894.13,2,Cancelled,Wallet
O10474,C0279,P030,2024-08-19 0:00:00,3,7732.88,5,7346.24,9,Returned,Wallet
O10475,C0152,P040,2024-11-12 0:00:00,2,7000.6,0,7000.6,9,Delivered,Card
O10476,C0078,P100,2026-03-03 0:00:00,3,8005.2,20,6404.16,2,DELIVERED,COD
O10477,C0092,P100,2024-09-28 0:00:00,2,1646.9,0,1646.9,6,Cancelled,Card
O10478,C0229,P024,2025-11-15 0:00:00,2,5967.61,0,5967.61,7,delivered,COD
O10479,C0123,P086,2023-07-06 0:00:00,2,8484.68,10,7636.21,4,Delivered,Card
O10480,C0062,P057,2025-06-09 0:00:00,2,4801.71,15,4081.45,3,Returned,Wallet
O10481,C0316,P086,2026-02-12 0:00:00,5,8836.14,0,8836.14,10,DELIVERED,COD
O10482,C0365,P062,2025-12-16 0:00:00,2,8365.89,5,7947.6,10,Returned,COD
O10483,C0113,P001,2024-12-11 0:00:00,3,3470.49,5,3296.97,12,Returned,UPI
O10484,C0327,P067,2024-04-12 0:00:00,4,8978.19,0,8978.19,2,delivered,Wallet
O10485,C0229,P055,2025-11-24 0:00:00,1,3885.26,10,3496.73,7,Cancelled,Wallet
O10486,C0310,P012,2023-10-04 0:00:00,5,8188.26,15,6960.02,6,Cancelled,Wallet
O10487,C0408,P055,2024-02-13 0:00:00,4,8693.58,20,6954.86,5,DELIVERED,Wallet
O10488,C0031,P080,2026-02-13 0:00:00,3,7174.39,20,5739.51,2,DELIVERED,COD
O10489,C0060,P064,2025-12-26 0:00:00,4,3564.02,15,3029.42,1,delivered,Wallet
O10490,C0267,P048,2023-06-18 0:00:00,2,4513.12,20,3610.5,10,DELIVERED,COD
O10491,C0389,P072,2023-06-07 0:00:00,1,6080.81,10,5472.73,11,Cancelled,Wallet
O10492,C0060,P033,2023-02-22 0:00:00,1,7774.96,5,7386.21,4,DELIVERED,UPI
O10493,C0097,P061,2023-03-31 0:00:00,3,2841.15,10,2557.04,2,delivered,Wallet
O10494,C0029,P003,2024-11-26 0:00:00,5,9754.98,20,7803.98,3,Returned,Card
O10495,C0462,P009,2025-12-17 0:00:00,1,6314,10,5682.6,5,Delivered,COD
O10496,C0456,P061,2023-05-13 0:00:00,4,8829.29,10,7946.36,1,DELIVERED,UPI
O10497,C0214,P045,2025-07-21 0:00:00,3,7683.11,0,7683.11,5,delivered,UPI
O10498,C0134,P027,2024-11-10 0:00:00,1,5745.02,5,5457.77,9,Returned,Wallet
O10499,C0177,P015,2023-05-24 0:00:00,5,7804.73,0,7804.73,7,Cancelled,Wallet
O10500,C0331,P067,2024-09-04 0:00:00,5,5260.34,0,5260.34,8,Delivered,Card
O10501,C0346,P043,2024-05-13 0:00:00,1,6911.33,0,6911.33,10,delivered,COD
O10502,C0343,P018,2025-02-12 0:00:00,1,5316.91,10,4785.22,5,Cancelled,Card
O10503,C0153,P097,2024-07-18 0:00:00,4,6069.7,15,5159.24,12,Cancelled,COD
O10504,C0291,P017,2024-05-27 0:00:00,4,6435.57,10,5792.01,7,Cancelled,COD
O10505,C0073,P053,2023-10-15 0:00:00,5,9188.59,0,9188.59,6,Delivered,Card
O10506,C0124,P061,2023-08-17 0:00:00,1,3243.49,15,2756.97,5,Delivered,UPI
O10507,C0078,P008,2024-06-17 0:00:00,2,1389.51,10,1250.56,2,Delivered,Wallet
O10508,C0173,P065,2025-05-01 0:00:00,1,4344.35,15,3692.7,2,Returned,UPI
O10509,C0109,P016,2023-06-28 0:00:00,3,8857.62,0,8857.62,10,delivered,Wallet
O10510,C0122,P005,2025-11-12 0:00:00,1,5802.44,5,5512.32,11,Cancelled,Card
O10511,C0255,P094,2025-09-23 0:00:00,4,1076.94,0,1076.94,7,Delivered,Wallet
O10512,C0092,P034,2025-12-31 0:00:00,5,3045.23,10,2740.71,9,Returned,Card
O10513,C0465,P088,2023-05-01 0:00:00,1,3430.45,15,2915.88,11,DELIVERED,UPI
O10514,C0314,P036,2025-11-09 0:00:00,1,8852.1,20,7081.68,8,Delivered,UPI
O10515,C0393,P061,2026-03-11 0:00:00,4,3829.69,10,3446.72,5,DELIVERED,Wallet
O10516,C0224,P007,2023-07-16 0:00:00,4,8756.95,0,8756.95,10,delivered,UPI
O10517,C0379,P029,2023-12-16 0:00:00,2,1719.8,0,1719.8,1,DELIVERED,Wallet
O10518,C0066,P039,2025-04-03 0:00:00,2,8886.81,0,8886.81,11,delivered,Wallet
O10519,C0259,P056,2024-04-07 0:00:00,3,5511.78,0,5511.78,10,DELIVERED,UPI
O10520,C0224,P068,2025-07-23 0:00:00,2,5568.2,10,5011.38,2,Cancelled,Card
O10521,C0409,P066,2025-05-19 0:00:00,3,2431.51,15,2066.78,12,Cancelled,Wallet
O10522,C0482,P061,2025-08-15 0:00:00,5,4445.47,15,3778.65,3,DELIVERED,Wallet
O10523,C0398,P033,2025-12-12 0:00:00,1,9547.9,0,9547.9,3,delivered,COD
O10524,C0054,P004,2024-05-02 0:00:00,1,7633.99,15,6488.89,1,Cancelled,Wallet
O10525,C0342,P080,2024-10-17 0:00:00,3,9312.36,10,8381.12,7,Returned,COD
O10526,C0369,P087,2024-11-29 0:00:00,4,5056.66,5,4803.83,11,delivered,Card
O10527,C0385,P047,2026-02-15 0:00:00,1,6004.23,15,5103.6,5,Delivered,Wallet
O10528,C0237,P092,2023-04-21 0:00:00,1,6201.76,0,6201.76,6,Delivered,Card
O10529,C0196,P049,2025-11-02 0:00:00,3,4268.54,20,3414.83,12,Delivered,COD
O10530,C0163,P085,2024-08-15 0:00:00,1,1151.66,20,921.33,3,Returned,Wallet
O10531,C0344,P066,2024-11-30 0:00:00,4,7383.29,0,7383.29,7,delivered,UPI
O10532,C0017,P024,2024-04-21 0:00:00,3,7053.53,0,7053.53,1,Cancelled,Wallet
O10533,C0035,P030,2025-03-06 0:00:00,4,2524.54,0,2524.54,8,DELIVERED,COD
O10534,C0415,P073,2025-09-26 0:00:00,3,6285.23,5,5970.97,5,Returned,Wallet
O10535,C0480,P022,2024-12-02 0:00:00,3,1268.05,10,1141.24,12,DELIVERED,Wallet
O10536,C0035,P067,2024-04-09 0:00:00,3,7167.81,20,5734.25,4,Delivered,COD
O10537,C0050,P094,2026-02-24 0:00:00,2,8591.59,15,7302.85,6,delivered,Wallet
O10538,C0334,P087,2025-12-15 0:00:00,2,2808.84,0,2808.84,5,Cancelled,UPI
O10539,C0269,P047,2024-09-21 0:00:00,4,1147.23,10,1032.51,5,Returned,Wallet
O10540,C0378,P021,2023-05-01 0:00:00,3,8643.19,20,6914.55,1,Returned,Wallet
O10541,C0193,P036,2024-01-06 0:00:00,1,2960.74,20,2368.59,7,DELIVERED,Wallet
O10542,C0166,P099,2024-08-28 0:00:00,3,9961.8,20,7969.44,8,delivered,UPI
O10543,C0230,P040,2025-10-20 0:00:00,4,9449.43,0,9449.43,2,Delivered,COD
O10544,C0205,P095,2024-06-26 0:00:00,4,3110.78,20,2488.62,12,Cancelled,Card
O10545,C0370,P010,2025-07-30 0:00:00,2,9804.09,15,8333.48,2,Cancelled,UPI
O10546,C0349,P087,2024-06-15 0:00:00,3,5190.52,5,4930.99,10,Delivered,COD
O10547,C0230,P022,2024-06-30 0:00:00,5,9976.3,15,8479.85,2,Cancelled,Wallet
O10548,C0141,P049,2023-06-16 0:00:00,5,1651.4,15,1403.69,12,Returned,Card
O10549,C0026,P020,2026-03-30 0:00:00,3,8519.35,0,8519.35,3,Returned,Wallet
O10550,C0408,P059,2023-12-26 0:00:00,3,3902.05,10,3511.85,2,Cancelled,Wallet
O10551,C0146,P006,2024-06-02 0:00:00,2,1170.6,5,1112.07,4,Cancelled,Card
O10552,C0480,P055,2023-05-04 0:00:00,1,1189.28,10,1070.35,11,delivered,Wallet
O10553,C0013,P093,2025-02-27 0:00:00,4,8540.05,10,7686.04,3,delivered,UPI
O10554,C0308,P058,2023-07-17 0:00:00,4,6909.77,20,5527.82,9,DELIVERED,Card
O10555,C0490,P074,2025-11-18 0:00:00,5,4636.43,0,4636.43,1,Cancelled,Wallet
O10556,C0401,P032,2024-02-17 0:00:00,5,502.45,0,502.45,2,Delivered,Card
O10557,C0173,P012,2023-05-02 0:00:00,3,7864.98,0,7864.98,8,Returned,UPI
O10558,C0471,P007,2023-09-10 0:00:00,5,8209.84,5,7799.35,10,DELIVERED,COD
O10559,C0340,P042,2025-02-04 0:00:00,1,3510.91,15,2984.27,10,Delivered,Wallet
O10560,C0179,P038,2025-07-10 0:00:00,4,3612.48,20,2889.98,10,Cancelled,Wallet
O10561,C0115,P014,2026-03-28 0:00:00,1,5986.44,0,5986.44,7,DELIVERED,Wallet
O10562,C0031,P053,2024-01-05 0:00:00,1,2831.63,15,2406.89,10,delivered,COD
O10563,C0069,P076,2024-06-16 0:00:00,5,7724.49,5,7338.27,11,delivered,Wallet
O10564,C0358,P016,2024-09-07 0:00:00,4,1712.66,15,1455.76,2,Delivered,Card
O10565,C0097,P016,2023-02-18 0:00:00,1,8084.19,15,6871.56,12,Cancelled,COD
O10566,C0123,P074,2023-08-25 0:00:00,2,4088.57,15,3475.28,7,Cancelled,UPI
O10567,C0018,P091,2025-03-26 0:00:00,1,3248.11,5,3085.7,2,delivered,Wallet
O10568,C0103,P011,2025-09-07 0:00:00,4,7121.84,15,6053.56,3,Cancelled,UPI
O10569,C0448,P033,2026-01-13 0:00:00,1,3016.82,20,2413.46,5,Delivered,COD
O10570,C0316,P086,2025-05-23 0:00:00,4,3147.45,15,2675.33,4,Returned,COD
O10571,C0195,P012,2024-05-16 0:00:00,3,6194.57,10,5575.11,2,Delivered,COD
O10572,C0293,P043,2024-11-14 0:00:00,5,7840.19,15,6664.16,12,Delivered,COD
O10573,C0397,P094,2024-03-21 0:00:00,4,2208.56,0,2208.56,2,Cancelled,UPI
O10574,C0437,P060,2025-03-24 0:00:00,5,8623.29,20,6898.63,3,Cancelled,COD
O10575,C0228,P098,2024-08-28 0:00:00,2,7331.25,20,5865,1,DELIVERED,UPI
O10576,C0130,P033,2025-05-29 0:00:00,1,7067.7,5,6714.31,11,Returned,UPI
O10577,C0143,P081,2024-12-28 0:00:00,2,3103.8,15,2638.23,12,Delivered,Card
O10578,C0117,P032,2023-09-13 0:00:00,5,5849.19,0,5849.19,10,Returned,COD
O10579,C0085,P094,2024-06-10 0:00:00,4,8804.83,5,8364.59,6,Returned,Wallet
O10580,C0426,P052,2024-04-10 0:00:00,1,5038.97,0,5038.97,11,Delivered,COD
O10581,C0263,P050,2023-11-14 0:00:00,2,5895.42,20,4716.34,7,Delivered,Card
O10582,C0182,P078,2025-08-15 0:00:00,3,2672.11,0,2672.11,2,delivered,Card
O10583,C0043,P042,2024-06-14 0:00:00,3,9256.22,5,8793.41,10,delivered,Wallet
O10584,C0301,P080,2025-11-15 0:00:00,4,5687.6,10,5118.84,3,Cancelled,Card
O10585,C0011,P077,2025-06-25 0:00:00,4,658.2,0,658.2,12,DELIVERED,Card
O10586,C0491,P017,2023-02-05 0:00:00,5,9334.13,0,9334.13,4,Returned,Wallet
O10587,C0310,P041,2025-11-23 0:00:00,1,2765.79,5,2627.5,5,delivered,COD
O10588,C0340,P090,2023-12-26 0:00:00,2,3551.61,20,2841.29,8,Cancelled,Wallet
O10589,C0296,P037,2026-02-19 0:00:00,5,1367.56,10,1230.8,1,delivered,Card
O10590,C0210,P069,2025-09-08 0:00:00,4,1225.34,15,1041.54,6,Returned,COD
O10591,C0262,P092,2025-03-20 0:00:00,4,5721.91,15,4863.62,12,delivered,COD
O10592,C0314,P005,2025-08-16 0:00:00,1,3849.64,20,3079.71,12,Delivered,COD
O10593,C0109,P088,2025-01-06 0:00:00,4,8052.54,5,7649.91,8,Returned,COD
O10594,C0326,P040,2023-03-06 0:00:00,4,1304.73,10,1174.26,4,Delivered,UPI
O10595,C0369,P096,2024-06-14 0:00:00,5,5969.32,15,5073.92,11,Cancelled,Wallet
O10596,C0365,P025,2025-08-19 0:00:00,5,9838,0,9838,8,Delivered,Wallet
O10597,C0352,P006,2023-02-13 0:00:00,3,8360.08,10,7524.07,6,delivered,Wallet
O10598,C0292,P005,2024-08-09 0:00:00,5,993.75,20,795,6,delivered,UPI
O10599,C0101,P045,2025-10-04 0:00:00,4,8358.05,20,6686.44,7,Cancelled,Card
O10600,C0332,P065,2026-01-11 0:00:00,1,5469.03,15,4648.68,2,delivered,Wallet
O10601,C0344,P029,2026-01-24 0:00:00,1,4609.13,10,4148.22,10,delivered,UPI
O10602,C0366,P067,2023-11-27 0:00:00,4,1306.37,20,1045.1,9,DELIVERED,Card
O10603,C0018,P069,2024-05-19 0:00:00,4,6677.09,20,5341.67,12,Delivered,UPI
O10604,C0442,P012,2024-08-04 0:00:00,1,5043.21,10,4538.89,8,delivered,Card
O10605,C0086,P051,2024-07-15 0:00:00,4,4307.21,0,4307.21,7,DELIVERED,Card
O10606,C0279,P067,2024-12-04 0:00:00,2,8239.28,5,7827.32,8,DELIVERED,Wallet
O10607,C0397,P019,2025-09-21 0:00:00,3,6920.55,20,5536.44,7,Cancelled,Wallet
O10608,C0024,P031,2023-07-30 0:00:00,2,670.09,5,636.59,7,Cancelled,COD
O10609,C0500,P010,2025-10-14 0:00:00,1,5380.96,15,4573.82,6,delivered,Wallet
O10610,C0431,P010,2025-09-20 0:00:00,5,7243.73,0,7243.73,6,Cancelled,UPI
O10611,C0133,P092,2023-12-29 0:00:00,5,5735.09,15,4874.83,5,delivered,UPI
O10612,C0465,P088,2025-09-18 0:00:00,5,9681.43,0,9681.43,11,delivered,UPI
O10613,C0180,P097,2025-04-30 0:00:00,5,1449.48,20,1159.58,8,Returned,Card
O10614,C0382,P056,2026-02-21 0:00:00,2,4318.46,15,3670.69,6,Cancelled,Wallet
O10615,C0171,P033,2025-08-05 0:00:00,2,8734.23,20,6987.38,7,delivered,Card
O10616,C0170,P079,2024-04-03 0:00:00,2,9034.14,5,8582.43,9,Returned,Wallet
O10617,C0030,P021,2023-02-08 0:00:00,4,845.98,15,719.08,9,delivered,COD
O10618,C0126,P012,2023-10-05 0:00:00,4,9114.33,5,8658.61,4,delivered,Wallet
O10619,C0259,P060,2023-05-06 0:00:00,5,1043.75,0,1043.75,9,delivered,COD
O10620,C0463,P061,2024-02-03 0:00:00,3,3454.4,0,3454.4,8,Returned,Card
O10621,C0162,P076,2025-04-09 0:00:00,3,3814.6,15,3242.41,4,Returned,COD
O10622,C0008,P045,2023-03-31 0:00:00,4,6824.01,5,6482.81,10,DELIVERED,Card
O10623,C0196,P048,2025-04-19 0:00:00,4,7675.07,15,6523.81,8,DELIVERED,UPI
O10624,C0240,P040,2023-03-31 0:00:00,4,565.17,20,452.14,4,Delivered,Wallet
O10625,C0358,P035,2023-04-24 0:00:00,2,6329.17,10,5696.25,9,delivered,UPI
O10626,C0412,P060,2024-07-10 0:00:00,2,6611.22,20,5288.98,11,delivered,Wallet
O10627,C0225,P081,2025-10-10 0:00:00,3,2125.47,20,1700.38,2,DELIVERED,Wallet
O10628,C0130,P053,2023-09-13 0:00:00,3,4284.84,10,3856.36,12,Returned,UPI
O10629,C0121,P049,2025-11-16 0:00:00,4,3627.39,10,3264.65,7,Delivered,COD
O10630,C0047,P057,2023-04-04 0:00:00,2,2934.42,15,2494.26,6,Cancelled,COD
O10631,C0180,P045,2024-05-18 0:00:00,5,3943.04,15,3351.58,7,delivered,Card
O10632,C0037,P075,2025-08-17 0:00:00,4,4647.98,5,4415.58,6,Cancelled,Card
O10633,C0458,P031,2024-10-04 0:00:00,1,9871.8,5,9378.21,7,Delivered,COD
O10634,C0384,P100,2025-08-31 0:00:00,4,522.54,20,418.03,12,Returned,Wallet
O10635,C0414,P029,2024-02-19 0:00:00,4,4370.97,5,4152.42,9,delivered,Card
O10636,C0364,P028,2025-08-19 0:00:00,5,2775.63,15,2359.29,12,Delivered,UPI
O10637,C0497,P096,2025-04-01 0:00:00,5,1286.19,20,1028.95,1,Delivered,COD
O10638,C0433,P066,2023-12-27 0:00:00,3,3338.59,0,3338.59,11,delivered,UPI
O10639,C0216,P048,2024-11-11 0:00:00,1,7838.39,5,7446.47,3,Delivered,Card
O10640,C0446,P036,2025-11-07 0:00:00,5,9325.58,15,7926.74,4,Delivered,Wallet
O10641,C0120,P078,2025-09-02 0:00:00,3,5032.87,10,4529.58,7,Delivered,Wallet
O10642,C0321,P073,2025-07-17 0:00:00,1,2357.44,10,2121.7,3,Delivered,Wallet
O10643,C0249,P031,2024-03-11 0:00:00,4,3640.36,0,3640.36,3,Returned,Card
O10644,C0390,P013,2023-08-15 0:00:00,2,6031.32,15,5126.62,10,delivered,UPI
O10645,C0365,P071,2024-07-21 0:00:00,5,7805.66,5,7415.38,6,delivered,Wallet
O10646,C0442,P039,2024-12-29 0:00:00,5,9532.97,20,7626.38,7,delivered,Wallet
O10647,C0029,P012,2024-05-03 0:00:00,4,4633.54,10,4170.19,12,Cancelled,COD
O10648,C0212,P064,2023-07-14 0:00:00,2,3929.8,20,3143.84,2,DELIVERED,Card
O10649,C0300,P041,2025-07-13 0:00:00,2,7377.18,10,6639.46,1,DELIVERED,Wallet
O10650,C0193,P057,2023-08-10 0:00:00,5,3678.37,10,3310.53,7,delivered,COD
O10651,C0441,P034,2023-10-29 0:00:00,5,3072.09,5,2918.49,6,Delivered,Wallet
O10652,C0251,P065,2024-06-10 0:00:00,5,6474.97,15,5503.72,10,Returned,Card
O10653,C0081,P085,2025-11-21 0:00:00,5,5862.07,20,4689.66,5,Delivered,UPI
O10654,C0111,P070,2023-11-08 0:00:00,2,6718.08,15,5710.37,12,Returned,Wallet
O10655,C0104,P016,2024-04-06 0:00:00,4,4746.27,20,3797.02,8,DELIVERED,UPI
O10656,C0479,P075,2024-12-02 0:00:00,2,3802.79,15,3232.37,4,Delivered,Card
O10657,C0002,P034,2023-02-25 0:00:00,5,4692.92,20,3754.34,4,Cancelled,COD
O10658,C0208,P031,2023-07-26 0:00:00,1,6145.99,20,4916.79,7,Returned,Card
O10659,C0344,P088,2023-04-17 0:00:00,4,5015.58,15,4263.24,4,delivered,COD
O10660,C0068,P085,2025-09-27 0:00:00,5,3072.83,15,2611.91,1,Cancelled,Wallet
O10661,C0025,P026,2025-12-31 0:00:00,1,6573.88,15,5587.8,9,delivered,COD
O10662,C0402,P032,2024-10-10 0:00:00,2,7815.08,0,7815.08,1,DELIVERED,Wallet
O10663,C0027,P080,2023-01-17 0:00:00,3,7331.71,15,6231.95,3,Cancelled,Wallet
O10664,C0010,P028,2023-10-23 0:00:00,1,1904.02,0,1904.02,9,Cancelled,Card
O10665,C0286,P007,2026-02-21 0:00:00,1,638.03,5,606.13,9,Cancelled,Card
O10666,C0311,P020,2024-02-03 0:00:00,5,6593.05,15,5604.09,3,Delivered,Wallet
O10667,C0181,P048,2024-12-05 0:00:00,1,6570.98,5,6242.43,8,delivered,Wallet
O10668,C0245,P077,2025-11-05 0:00:00,2,4986.54,5,4737.21,6,Cancelled,Card
O10669,C0450,P031,2023-07-20 0:00:00,3,8835.87,15,7510.49,10,Returned,COD
O10670,C0403,P041,2026-03-29 0:00:00,2,1580.7,10,1422.63,10,delivered,Wallet
O10671,C0019,P099,2024-05-16 0:00:00,4,6091.62,20,4873.3,11,Returned,COD
O10672,C0315,P086,2024-05-30 0:00:00,3,4820.53,5,4579.5,6,delivered,UPI
O10673,C0178,P049,2023-09-03 0:00:00,1,8163.57,10,7347.21,9,Returned,Wallet
O10674,C0382,P013,2025-10-26 0:00:00,5,752.36,10,677.12,9,Returned,UPI
O10675,C0273,P011,2024-06-04 0:00:00,2,6104.86,0,6104.86,2,Delivered,Wallet
O10676,C0034,P068,2023-05-13 0:00:00,2,5893.37,20,4714.7,4,Delivered,UPI
O10677,C0127,P064,2025-09-10 0:00:00,4,6878.25,10,6190.43,8,delivered,Card
O10678,C0144,P006,2025-03-19 0:00:00,5,7696.72,20,6157.38,2,Delivered,Wallet
O10679,C0102,P021,2025-01-16 0:00:00,5,3228.24,5,3066.83,1,DELIVERED,COD
O10680,C0364,P063,2025-08-24 0:00:00,1,5654.62,0,5654.62,3,Cancelled,Card
O10681,C0209,P051,2025-01-16 0:00:00,1,8434.44,10,7591,4,Delivered,Card
O10682,C0117,P072,2024-06-10 0:00:00,1,4612.93,20,3690.34,4,delivered,COD
O10683,C0227,P050,2023-08-15 0:00:00,4,2645.04,0,2645.04,5,delivered,COD
O10684,C0229,P065,2024-11-05 0:00:00,1,4206.51,5,3996.18,4,DELIVERED,UPI
O10685,C0301,P032,2023-12-15 0:00:00,3,5116,15,4348.6,8,Delivered,Wallet
O10686,C0286,P074,2024-07-21 0:00:00,2,5658.88,10,5092.99,11,Cancelled,Wallet
O10687,C0471,P052,2025-11-25 0:00:00,3,5699.54,10,5129.59,4,Cancelled,COD
O10688,C0380,P011,2025-09-16 0:00:00,2,4415.96,0,4415.96,2,delivered,UPI
O10689,C0256,P072,2024-03-01 0:00:00,1,3521.36,0,3521.36,3,Delivered,Card
O10690,C0312,P022,2025-02-25 0:00:00,2,8216.7,5,7805.87,11,DELIVERED,Wallet
O10691,C0492,P032,2023-01-26 0:00:00,4,6661.8,15,5662.53,1,Delivered,Wallet
O10692,C0192,P044,2025-10-05 0:00:00,3,673.77,15,572.7,10,Cancelled,UPI
O10693,C0473,P057,2023-05-18 0:00:00,3,2524.34,15,2145.69,2,DELIVERED,Wallet
O10694,C0157,P038,2024-08-25 0:00:00,1,8077.28,0,8077.28,7,Cancelled,Card
O10695,C0249,P039,2025-05-06 0:00:00,4,3001.83,5,2851.74,10,Cancelled,Wallet
O10696,C0306,P008,2024-12-29 0:00:00,5,7965.52,10,7168.97,5,Cancelled,COD
O10697,C0333,P054,2024-02-14 0:00:00,2,524.96,5,498.71,9,Delivered,UPI
O10698,C0048,P025,2023-11-09 0:00:00,2,3097.26,5,2942.4,9,Delivered,UPI
O10699,C0016,P055,2024-10-01 0:00:00,4,716.03,15,608.63,6,Delivered,Card
O10700,C0231,P021,2023-11-19 0:00:00,4,5637.55,0,5637.55,10,DELIVERED,Wallet
O10701,C0231,P024,2025-02-13 0:00:00,2,2831.53,0,2831.53,1,DELIVERED,Card
O10702,C0305,P054,2024-06-19 0:00:00,4,2271.36,0,2271.36,11,Cancelled,Wallet
O10703,C0123,P033,2025-06-14 0:00:00,1,4336.07,10,3902.46,5,Returned,Wallet
O10704,C0033,P066,2023-06-27 0:00:00,3,7296.27,0,7296.27,8,Returned,Wallet
O10705,C0310,P062,2025-03-15 0:00:00,5,9290.96,15,7897.32,1,delivered,Card
O10706,C0069,P027,2024-12-16 0:00:00,5,9452.12,5,8979.51,4,Delivered,COD
O10707,C0151,P089,2024-05-15 0:00:00,2,7513.3,10,6761.97,5,delivered,COD
O10708,C0103,P013,2025-06-08 0:00:00,1,5455.7,15,4637.34,9,Returned,Card
O10709,C0410,P066,2025-04-17 0:00:00,4,5709.3,5,5423.84,1,DELIVERED,UPI
O10710,C0022,P050,2023-04-03 0:00:00,2,1141.44,5,1084.37,9,Returned,Card
O10711,C0071,P063,2024-06-14 0:00:00,1,7460.2,15,6341.17,11,DELIVERED,Wallet
O10712,C0362,P072,2026-02-03 0:00:00,5,6148.54,20,4918.83,12,delivered,COD
O10713,C0094,P095,2025-02-01 0:00:00,5,8615.08,10,7753.57,7,Delivered,COD
O10714,C0206,P045,2025-09-05 0:00:00,1,1683.37,10,1515.03,6,Cancelled,UPI
O10715,C0121,P034,2025-05-27 0:00:00,1,5751.22,5,5463.66,9,Returned,UPI
O10716,C0183,P085,2025-02-26 0:00:00,5,505.92,20,404.74,5,delivered,Card
O10717,C0296,P071,2024-01-17 0:00:00,3,1952.73,5,1855.09,6,Cancelled,Wallet
O10718,C0069,P044,2023-04-02 0:00:00,1,7059.87,10,6353.88,7,Cancelled,Wallet
O10719,C0210,P041,2023-09-12 0:00:00,5,890.99,15,757.34,3,Cancelled,Card
O10720,C0108,P038,2024-01-08 0:00:00,3,6620.1,15,5627.09,3,Returned,UPI
O10721,C0493,P079,2024-06-06 0:00:00,1,524.06,10,471.65,7,DELIVERED,Wallet
O10722,C0431,P030,2023-03-26 0:00:00,2,8989.68,20,7191.74,8,Returned,UPI
O10723,C0196,P025,2023-08-25 0:00:00,5,6460.12,5,6137.11,4,DELIVERED,COD
O10724,C0363,P045,2025-02-04 0:00:00,3,6507.74,0,6507.74,3,DELIVERED,UPI
O10725,C0220,P011,2025-06-13 0:00:00,5,6700.31,15,5695.26,8,DELIVERED,Wallet
O10726,C0430,P015,2023-01-22 0:00:00,1,7865,5,7471.75,11,Delivered,UPI
O10727,C0089,P027,2025-01-25 0:00:00,4,8685.22,0,8685.22,9,Returned,Wallet
O10728,C0105,P012,2024-07-02 0:00:00,2,4259.23,20,3407.38,10,Returned,Wallet
O10729,C0211,P049,2025-03-09 0:00:00,1,3371.01,20,2696.81,3,DELIVERED,COD
O10730,C0455,P085,2023-09-02 0:00:00,4,1047.18,5,994.82,7,DELIVERED,Wallet
O10731,C0249,P029,2024-03-01 0:00:00,1,2944.49,10,2650.04,3,DELIVERED,COD
O10732,C0097,P047,2024-03-20 0:00:00,1,7280.19,10,6552.17,12,Returned,COD
O10733,C0073,P020,2025-12-03 0:00:00,4,8833.67,15,7508.62,7,Returned,Card
O10734,C0163,P061,2025-02-22 0:00:00,5,4076.44,0,4076.44,4,Cancelled,Wallet
O10735,C0458,P089,2023-07-27 0:00:00,5,3320.03,10,2988.03,6,delivered,Wallet
O10736,C0140,P079,2025-03-02 0:00:00,3,4925.03,10,4432.53,4,Cancelled,Wallet
O10737,C0187,P024,2025-10-20 0:00:00,5,4989.52,5,4740.04,11,delivered,Card
O10738,C0071,P062,2025-06-20 0:00:00,1,6691.38,0,6691.38,7,delivered,Wallet
O10739,C0304,P036,2025-09-22 0:00:00,1,1103.15,5,1047.99,7,Delivered,Card
O10740,C0380,P027,2024-05-11 0:00:00,4,5110.24,15,4343.7,8,Delivered,COD
O10741,C0004,P055,2025-10-31 0:00:00,1,5017.85,20,4014.28,1,delivered,Card
O10742,C0477,P022,2024-03-28 0:00:00,4,1875.32,5,1781.55,12,Delivered,Wallet
O10743,C0258,P070,2024-12-04 0:00:00,1,8819.86,15,7496.88,1,Returned,Card
O10744,C0118,P090,2025-01-19 0:00:00,1,4138.6,10,3724.74,4,delivered,Wallet
O10745,C0341,P034,2023-06-07 0:00:00,5,8718.25,5,8282.34,3,Returned,Wallet
O10746,C0102,P004,2025-02-25 0:00:00,3,5172.95,5,4914.3,1,Cancelled,COD
O10747,C0358,P058,2024-11-10 0:00:00,1,6381.44,20,5105.15,10,DELIVERED,COD
O10748,C0150,P063,2025-02-24 0:00:00,3,7084.11,20,5667.29,1,Cancelled,Card
O10749,C0072,P075,2024-11-12 0:00:00,5,914.23,10,822.81,6,delivered,Wallet
O10750,C0068,P004,2025-08-08 0:00:00,2,4021.23,0,4021.23,5,DELIVERED,Wallet
O10751,C0116,P003,2025-04-13 0:00:00,4,8847.42,15,7520.31,1,Delivered,UPI
O10752,C0407,P069,2026-02-01 0:00:00,5,3523.57,15,2995.03,2,DELIVERED,Card
O10753,C0197,P073,2023-10-24 0:00:00,2,3029.46,20,2423.57,1,Returned,UPI
O10754,C0265,P010,2023-11-18 0:00:00,3,9008.67,10,8107.8,4,Returned,COD
O10755,C0020,P002,2024-01-12 0:00:00,5,2259.81,10,2033.83,9,DELIVERED,UPI
O10756,C0093,P042,2026-02-18 0:00:00,2,4344.91,0,4344.91,5,DELIVERED,Wallet
O10757,C0097,P017,2025-03-09 0:00:00,3,5359.14,0,5359.14,2,DELIVERED,COD
O10758,C0247,P004,2025-08-20 0:00:00,4,2548.5,20,2038.8,5,DELIVERED,Wallet
O10759,C0090,P089,2026-02-04 0:00:00,4,6483.14,10,5834.83,2,DELIVERED,COD
O10760,C0202,P024,2024-12-07 0:00:00,2,4769.9,20,3815.92,7,DELIVERED,Wallet
O10761,C0234,P088,2024-05-30 0:00:00,1,1598.99,0,1598.99,2,Returned,Wallet
O10762,C0226,P070,2025-02-19 0:00:00,1,3201.44,20,2561.15,12,delivered,UPI
O10763,C0487,P076,2025-07-22 0:00:00,4,5250.13,20,4200.1,6,delivered,Card
O10764,C0163,P085,2025-07-12 0:00:00,5,7774.43,10,6996.99,4,delivered,Card
O10765,C0411,P019,2024-06-04 0:00:00,3,9281.21,0,9281.21,6,Delivered,COD
O10766,C0322,P091,2024-10-10 0:00:00,4,4730.95,5,4494.4,9,delivered,UPI
O10767,C0187,P083,2025-11-27 0:00:00,5,8315.93,5,7900.13,7,delivered,Card
O10768,C0098,P024,2026-02-06 0:00:00,5,1575.99,10,1418.39,10,Returned,COD
O10769,C0169,P025,2024-02-24 0:00:00,3,4778.91,0,4778.91,1,Cancelled,Wallet
O10770,C0293,P047,2024-03-20 0:00:00,3,6656.35,5,6323.53,12,DELIVERED,Wallet
O10771,C0433,P015,2024-08-21 0:00:00,3,4423.35,0,4423.35,7,Delivered,UPI
O10772,C0205,P044,2025-06-15 0:00:00,3,8456.78,20,6765.42,10,Delivered,COD
O10773,C0093,P065,2025-03-22 0:00:00,4,9017.59,10,8115.83,8,delivered,UPI
O10774,C0325,P032,2025-09-15 0:00:00,5,1682.75,0,1682.75,8,Delivered,Card
O10775,C0006,P083,2023-07-30 0:00:00,4,2509.12,15,2132.75,4,DELIVERED,UPI
O10776,C0406,P011,2025-07-22 0:00:00,5,3958.18,15,3364.45,6,Cancelled,Wallet
O10777,C0249,P082,2025-06-22 0:00:00,3,7145.55,15,6073.72,3,Returned,Wallet
O10778,C0222,P012,2024-02-15 0:00:00,5,8062.99,5,7659.84,10,Returned,UPI
O10779,C0212,P059,2025-05-05 0:00:00,1,5064.48,5,4811.26,4,Delivered,Card
O10780,C0252,P003,2024-02-01 0:00:00,1,8084.83,15,6872.11,10,delivered,UPI
O10781,C0118,P098,2025-08-21 0:00:00,3,1573.18,0,1573.18,5,Returned,UPI
O10782,C0126,P080,2025-06-26 0:00:00,1,5190.98,10,4671.88,1,delivered,Card
O10783,C0155,P028,2026-01-16 0:00:00,2,3140.6,0,3140.6,6,Delivered,UPI
O10784,C0180,P090,2025-06-29 0:00:00,4,1726.9,20,1381.52,7,Returned,Wallet
O10785,C0372,P033,2024-01-14 0:00:00,5,1485.38,15,1262.57,7,delivered,Wallet
O10786,C0374,P036,2023-03-16 0:00:00,1,2890.28,0,2890.28,6,Delivered,COD
O10787,C0226,P013,2024-04-26 0:00:00,5,8372.76,15,7116.85,3,Returned,UPI
O10788,C0485,P064,2023-06-18 0:00:00,3,2344.93,5,2227.68,8,delivered,COD
O10789,C0200,P099,2024-12-21 0:00:00,2,9689.47,20,7751.58,10,Returned,COD
O10790,C0005,P042,2026-02-18 0:00:00,4,6183.27,5,5874.11,5,Delivered,Wallet
O10791,C0264,P083,2025-07-15 0:00:00,2,8850.79,10,7965.71,2,DELIVERED,UPI
O10792,C0390,P016,2025-01-10 0:00:00,4,7069.36,20,5655.49,2,DELIVERED,Card
O10793,C0441,P057,2024-01-28 0:00:00,5,773.61,0,773.61,10,Cancelled,COD
O10794,C0377,P015,2023-11-20 0:00:00,2,8012.77,0,8012.77,1,Returned,COD
O10795,C0476,P050,2023-06-11 0:00:00,1,6578.4,0,6578.4,7,Delivered,Wallet
O10796,C0324,P082,2024-02-06 0:00:00,1,7463.69,15,6344.14,5,Returned,Wallet
O10797,C0086,P012,2025-12-09 0:00:00,1,7969.25,0,7969.25,5,DELIVERED,UPI
O10798,C0172,P097,2024-03-25 0:00:00,2,1018.11,15,865.39,7,delivered,Wallet
O10799,C0330,P023,2023-01-06 0:00:00,3,4523.88,5,4297.69,5,Cancelled,COD
O10800,C0153,P094,2026-03-06 0:00:00,3,1872.5,10,1685.25,4,delivered,Card
O10801,C0388,P085,2025-07-17 0:00:00,3,1280.28,15,1088.24,1,delivered,Wallet
O10802,C0273,P080,2024-10-24 0:00:00,3,4616.21,0,4616.21,9,Delivered,UPI
O10803,C0389,P100,2025-01-28 0:00:00,5,8952.72,10,8057.45,1,Delivered,UPI
O10804,C0146,P041,2023-01-31 0:00:00,5,9612.52,5,9131.89,12,DELIVERED,UPI
O10805,C0270,P019,2024-10-03 0:00:00,1,6478.07,20,5182.46,3,Returned,COD
O10806,C0327,P005,2025-07-13 0:00:00,4,7213.76,0,7213.76,9,Delivered,Wallet
O10807,C0262,P047,2025-02-09 0:00:00,3,4499.13,10,4049.22,3,delivered,COD
O10808,C0383,P054,2025-02-16 0:00:00,3,6596.64,0,6596.64,4,Cancelled,UPI
O10809,C0402,P088,2025-07-26 0:00:00,5,9395.94,0,9395.94,11,delivered,COD
O10810,C0075,P013,2023-10-09 0:00:00,3,8637.46,20,6909.97,6,delivered,UPI
O10811,C0338,P034,2023-02-27 0:00:00,3,4011.43,5,3810.86,5,DELIVERED,COD
O10812,C0452,P059,2024-10-28 0:00:00,4,5271.97,10,4744.77,8,Cancelled,Card
O10813,C0331,P075,2023-10-25 0:00:00,4,6400.42,10,5760.38,3,Cancelled,UPI
O10814,C0411,P058,2024-10-09 0:00:00,1,4154.53,20,3323.62,7,DELIVERED,Wallet
O10815,C0085,P025,2024-07-02 0:00:00,2,8226.3,0,8226.3,2,Returned,Wallet
O10816,C0172,P012,2023-08-28 0:00:00,2,8298.56,5,7883.63,11,Returned,Wallet
O10817,C0473,P001,2026-02-07 0:00:00,3,6319.91,0,6319.91,7,Delivered,Wallet
O10818,C0057,P029,2023-05-05 0:00:00,5,3193.11,15,2714.14,12,delivered,UPI
O10819,C0091,P011,2024-01-24 0:00:00,2,8215.65,15,6983.3,11,DELIVERED,UPI
O10820,C0324,P076,2025-02-05 0:00:00,4,3002.9,5,2852.76,11,Returned,Wallet
O10821,C0381,P095,2023-07-05 0:00:00,4,614.5,0,614.5,3,delivered,Card
O10822,C0055,P077,2025-01-10 0:00:00,1,7610.5,15,6468.93,6,Returned,Card
O10823,C0428,P029,2025-12-29 0:00:00,2,5053.17,5,4800.51,4,Cancelled,Card
O10824,C0079,P090,2024-01-29 0:00:00,5,6307.77,10,5676.99,9,Returned,COD
O10825,C0115,P035,2023-03-18 0:00:00,4,2377.73,5,2258.84,4,DELIVERED,Card
O10826,C0397,P085,2023-12-16 0:00:00,2,5852.86,20,4682.29,1,Cancelled,COD
O10827,C0483,P031,2025-09-15 0:00:00,5,1931.13,15,1641.46,10,delivered,UPI
O10828,C0243,P063,2023-09-26 0:00:00,1,1439.8,5,1367.81,2,delivered,UPI
O10829,C0264,P029,2023-06-25 0:00:00,1,600.36,5,570.34,3,Delivered,UPI
O10830,C0243,P020,2025-02-01 0:00:00,1,8784.38,20,7027.5,5,Cancelled,COD
O10831,C0127,P090,2023-03-29 0:00:00,4,6722.66,10,6050.39,2,Cancelled,Card
O10832,C0142,P074,2025-05-28 0:00:00,1,4498.81,0,4498.81,4,Delivered,Wallet
O10833,C0110,P015,2024-01-17 0:00:00,1,4188.56,10,3769.7,9,delivered,UPI
O10834,C0260,P061,2025-12-15 0:00:00,4,5326.01,5,5059.71,12,Delivered,UPI
O10835,C0455,P055,2023-07-21 0:00:00,1,8068.79,10,7261.91,1,delivered,Card
O10836,C0375,P023,2024-05-27 0:00:00,4,8421.89,15,7158.61,5,DELIVERED,Wallet
O10837,C0094,P029,2023-05-09 0:00:00,4,3087.32,10,2778.59,9,delivered,Wallet
O10838,C0118,P026,2023-02-14 0:00:00,3,2067.05,15,1756.99,4,Cancelled,Wallet
O10839,C0139,P060,2024-07-22 0:00:00,2,4930.49,10,4437.44,8,Cancelled,COD
O10840,C0332,P040,2023-06-15 0:00:00,1,1928.87,0,1928.87,6,delivered,UPI
O10841,C0171,P098,2024-06-04 0:00:00,2,3431.03,5,3259.48,4,Cancelled,UPI
O10842,C0061,P036,2023-04-12 0:00:00,1,6753.26,0,6753.26,11,delivered,Card
O10843,C0114,P045,2025-07-04 0:00:00,4,5209.18,20,4167.34,3,Returned,UPI
O10844,C0461,P058,2025-01-30 0:00:00,1,595.54,5,565.76,7,Returned,UPI
O10845,C0495,P074,2025-12-10 0:00:00,4,2190.07,15,1861.56,1,Cancelled,Wallet
O10846,C0206,P048,2025-10-27 0:00:00,5,3656.52,10,3290.87,2,DELIVERED,COD
O10847,C0482,P072,2023-09-07 0:00:00,4,8307.68,15,7061.53,5,Cancelled,UPI
O10848,C0182,P053,2025-04-17 0:00:00,4,1327.01,15,1127.96,2,delivered,Wallet
O10849,C0336,P080,2024-02-13 0:00:00,4,2202.33,20,1761.86,5,Delivered,COD
O10850,C0040,P002,2023-10-20 0:00:00,1,6865.05,10,6178.55,8,Cancelled,UPI
O10851,C0465,P035,2023-07-28 0:00:00,3,6319.88,20,5055.9,11,Delivered,Wallet
O10852,C0063,P031,2025-02-18 0:00:00,4,6685.16,10,6016.64,1,Delivered,Wallet
O10853,C0409,P004,2023-04-26 0:00:00,1,4873.89,20,3899.11,2,Delivered,UPI
O10854,C0020,P020,2024-12-16 0:00:00,2,7567.34,20,6053.87,8,Cancelled,Card
O10855,C0208,P017,2023-04-22 0:00:00,1,1855.23,20,1484.18,6,DELIVERED,Card
O10856,C0141,P009,2024-03-24 0:00:00,5,6028.4,10,5425.56,6,Delivered,Wallet
O10857,C0024,P046,2023-04-20 0:00:00,3,5499.31,15,4674.41,3,Delivered,Card
O10858,C0117,P020,2023-02-16 0:00:00,2,6799.43,5,6459.46,12,Returned,UPI
O10859,C0072,P080,2025-03-31 0:00:00,3,8270.2,15,7029.67,2,delivered,UPI
O10860,C0052,P092,2025-08-22 0:00:00,1,9330.44,15,7930.87,8,Delivered,Wallet
O10861,C0139,P046,2025-02-27 0:00:00,2,4468.2,20,3574.56,2,Cancelled,COD
O10862,C0063,P085,2025-01-03 0:00:00,4,8768.71,0,8768.71,7,Returned,Wallet
O10863,C0157,P058,2023-05-21 0:00:00,1,5750.6,15,4888.01,4,Cancelled,Wallet
O10864,C0424,P070,2025-04-28 0:00:00,1,6768.71,15,5753.4,9,Cancelled,COD
O10865,C0246,P028,2025-06-23 0:00:00,3,9813.06,20,7850.45,10,Returned,Wallet
O10866,C0246,P078,2025-03-10 0:00:00,2,4351.7,20,3481.36,2,delivered,Wallet
O10867,C0363,P070,2025-10-22 0:00:00,1,1155.82,20,924.66,4,Returned,Card
O10868,C0259,P050,2023-12-02 0:00:00,3,669.21,5,635.75,6,Cancelled,Card
O10869,C0122,P017,2023-08-22 0:00:00,5,774.85,15,658.62,8,Delivered,Wallet
O10870,C0329,P038,2024-09-25 0:00:00,4,2763.04,15,2348.58,3,delivered,COD
O10871,C0293,P033,2023-04-27 0:00:00,4,9903.79,20,7923.03,6,Cancelled,Card
O10872,C0306,P097,2025-03-09 0:00:00,4,5956.67,0,5956.67,8,DELIVERED,Card
O10873,C0193,P021,2023-12-02 0:00:00,5,5739.93,5,5452.93,12,DELIVERED,Wallet
O10874,C0088,P029,2023-07-24 0:00:00,3,3076.75,20,2461.4,3,delivered,UPI
O10875,C0486,P009,2023-11-30 0:00:00,3,9135.71,0,9135.71,3,Returned,COD
O10876,C0153,P078,2025-01-04 0:00:00,5,4448.1,20,3558.48,1,delivered,Wallet
O10877,C0110,P087,2023-12-12 0:00:00,3,973.02,10,875.72,1,Delivered,Card
O10878,C0205,P029,2026-03-24 0:00:00,4,9922.48,0,9922.48,3,Returned,Card
O10879,C0077,P008,2023-01-04 0:00:00,5,3111.95,5,2956.35,2,Returned,Wallet
O10880,C0212,P017,2023-11-28 0:00:00,3,3065.32,0,3065.32,3,Returned,Wallet
O10881,C0017,P094,2023-07-20 0:00:00,5,1376.99,20,1101.59,1,Returned,Wallet
O10882,C0403,P047,2023-03-18 0:00:00,4,3687.54,20,2950.03,1,delivered,UPI
O10883,C0381,P059,2023-01-14 0:00:00,5,5188.96,0,5188.96,2,Returned,Wallet
O10884,C0171,P043,2024-08-30 0:00:00,5,7596.8,5,7216.96,9,Cancelled,Wallet
O10885,C0354,P082,2025-03-06 0:00:00,5,2975.04,15,2528.78,1,delivered,COD
O10886,C0153,P023,2025-10-09 0:00:00,3,4938.4,20,3950.72,5,DELIVERED,UPI
O10887,C0026,P049,2023-09-07 0:00:00,4,4358.62,10,3922.76,2,Returned,Card
O10888,C0071,P019,2023-10-30 0:00:00,1,9904.36,10,8913.92,12,Delivered,Card
O10889,C0274,P094,2024-09-11 0:00:00,5,5191.34,15,4412.64,11,delivered,Wallet
O10890,C0071,P032,2026-03-30 0:00:00,1,5334.4,15,4534.24,3,Delivered,Wallet
O10891,C0380,P037,2023-03-11 0:00:00,2,3342.77,10,3008.49,2,Cancelled,COD
O10892,C0202,P050,2025-10-13 0:00:00,2,3310.21,5,3144.7,3,delivered,UPI
O10893,C0254,P098,2024-06-25 0:00:00,4,4798.9,10,4319.01,4,DELIVERED,Card
O10894,C0070,P029,2026-04-04 0:00:00,1,7580.49,15,6443.42,5,Cancelled,Card
O10895,C0253,P003,2024-11-26 0:00:00,5,582.74,0,582.74,9,delivered,Wallet
O10896,C0233,P006,2025-07-21 0:00:00,3,3860.7,0,3860.7,9,Returned,UPI
O10897,C0491,P078,2025-11-27 0:00:00,3,5745.47,0,5745.47,4,delivered,Wallet
O10898,C0497,P066,2025-03-18 0:00:00,5,8604.62,0,8604.62,12,Delivered,COD
O10899,C0115,P068,2024-11-03 0:00:00,3,6484.78,0,6484.78,10,Delivered,Wallet
O10900,C0357,P073,2025-04-30 0:00:00,5,1171.59,0,1171.59,7,DELIVERED,COD
O10901,C0499,P076,2025-08-20 0:00:00,2,2786.3,15,2368.36,6,DELIVERED,Card
O10902,C0064,P099,2025-10-31 0:00:00,2,2308.46,5,2193.04,2,delivered,COD
O10903,C0379,P089,2024-05-27 0:00:00,1,9354.1,10,8418.69,7,Delivered,Card
O10904,C0031,P089,2023-11-04 0:00:00,2,9902.61,10,8912.35,4,delivered,UPI
O10905,C0341,P029,2024-07-31 0:00:00,3,5425.87,5,5154.58,5,delivered,COD
O10906,C0063,P069,2024-07-07 0:00:00,5,9657.21,5,9174.35,11,Delivered,Wallet
O10907,C0026,P073,2026-02-11 0:00:00,1,7386.87,0,7386.87,9,Returned,Wallet
O10908,C0253,P100,2024-02-27 0:00:00,3,5978.97,10,5381.07,2,delivered,Card
O10909,C0259,P056,2023-08-29 0:00:00,3,6644.85,10,5980.37,4,Cancelled,COD
O10910,C0479,P087,2024-06-12 0:00:00,3,4472.4,0,4472.4,11,delivered,Wallet
O10911,C0293,P038,2024-03-26 0:00:00,2,7513.44,15,6386.42,2,DELIVERED,Wallet
O10912,C0234,P094,2023-01-01 0:00:00,3,2061.26,10,1855.13,5,Returned,COD
O10913,C0147,P092,2024-07-12 0:00:00,3,8358.02,0,8358.02,3,Cancelled,Wallet
O10914,C0407,P097,2024-11-21 0:00:00,5,9220.41,5,8759.39,11,Delivered,Wallet
O10915,C0159,P033,2023-11-05 0:00:00,2,3596.08,10,3236.47,5,Returned,COD
O10916,C0327,P015,2023-10-01 0:00:00,4,9198.41,20,7358.73,7,Returned,Wallet
O10917,C0441,P084,2023-12-08 0:00:00,1,1027.75,10,924.98,3,DELIVERED,Wallet
O10918,C0243,P042,2023-06-09 0:00:00,2,8331.47,15,7081.75,8,Cancelled,Wallet
O10919,C0339,P020,2023-08-25 0:00:00,4,2659.95,5,2526.95,8,Delivered,Wallet
O10920,C0377,P087,2026-03-18 0:00:00,2,7032.27,10,6329.04,7,Cancelled,UPI
O10921,C0323,P039,2023-04-27 0:00:00,4,4618.06,0,4618.06,1,Returned,Card
O10922,C0203,P098,2023-09-30 0:00:00,5,2319.97,15,1971.97,7,Cancelled,UPI
O10923,C0486,P065,2024-02-12 0:00:00,5,9256.79,10,8331.11,9,Cancelled,UPI
O10924,C0107,P064,2025-10-13 0:00:00,1,2468.63,10,2221.77,6,Returned,Wallet
O10925,C0255,P011,2024-12-19 0:00:00,2,3215.72,15,2733.36,5,Returned,Card
O10926,C0178,P065,2025-12-31 0:00:00,5,1568.48,0,1568.48,12,Cancelled,UPI
O10927,C0363,P034,2025-05-11 0:00:00,3,2456.43,0,2456.43,1,Returned,Wallet
O10928,C0451,P069,2025-06-03 0:00:00,5,1091.09,20,872.87,9,DELIVERED,Wallet
O10929,C0497,P084,2025-01-29 0:00:00,4,7761.97,5,7373.87,5,Returned,Wallet
O10930,C0237,P042,2023-12-18 0:00:00,3,905.14,15,769.37,12,DELIVERED,Wallet
O10931,C0078,P001,2023-01-17 0:00:00,4,6175.92,20,4940.74,1,DELIVERED,Card
O10932,C0083,P038,2024-11-24 0:00:00,5,3734.07,10,3360.66,11,Returned,Wallet
O10933,C0151,P001,2023-01-03 0:00:00,1,2284.72,15,1942.01,6,Delivered,Card
O10934,C0156,P016,2025-12-30 0:00:00,5,7902.83,0,7902.83,4,delivered,COD
O10935,C0237,P062,2023-11-09 0:00:00,3,2283.85,20,1827.08,7,delivered,COD
O10936,C0376,P040,2023-11-21 0:00:00,2,2713.71,0,2713.71,6,delivered,Card
O10937,C0161,P009,2023-09-14 0:00:00,1,686.85,0,686.85,12,Returned,Card
O10938,C0414,P008,2023-03-12 0:00:00,2,5014.44,0,5014.44,10,delivered,UPI
O10939,C0290,P091,2024-03-12 0:00:00,2,2204.77,5,2094.53,8,Delivered,Wallet
O10940,C0489,P065,2023-02-09 0:00:00,4,2743.04,5,2605.89,2,Returned,UPI
O10941,C0159,P095,2023-05-12 0:00:00,3,9411.66,20,7529.33,12,DELIVERED,Card
O10942,C0003,P092,2024-02-10 0:00:00,2,3901.71,20,3121.37,9,Delivered,Card
O10943,C0041,P058,2025-03-23 0:00:00,3,8782.38,5,8343.26,1,Returned,Card
O10944,C0312,P093,2023-06-15 0:00:00,1,3209.22,5,3048.76,5,Returned,Card
O10945,C0229,P039,2024-12-28 0:00:00,5,2305.13,15,1959.36,10,Returned,Card
O10946,C0153,P017,2023-03-14 0:00:00,3,3788.47,15,3220.2,10,DELIVERED,Wallet
O10947,C0404,P010,2023-12-12 0:00:00,4,2468.4,0,2468.4,2,Delivered,COD
O10948,C0328,P090,2026-03-29 0:00:00,1,9390.52,10,8451.47,11,Returned,COD
O10949,C0228,P010,2023-03-02 0:00:00,2,4916.41,15,4178.95,6,Delivered,Card
O10950,C0135,P043,2023-09-05 0:00:00,4,7729.69,20,6183.75,7,Cancelled,Wallet
O10951,C0060,P067,2023-01-01 0:00:00,5,5451.32,0,5451.32,11,Returned,Wallet
O10952,C0342,P070,2023-03-13 0:00:00,1,1315.49,0,1315.49,1,Cancelled,Card
O10953,C0083,P062,2025-12-10 0:00:00,4,2118.57,20,1694.86,2,delivered,Card
O10954,C0074,P089,2024-02-25 0:00:00,2,2333.05,5,2216.4,3,Delivered,Wallet
O10955,C0094,P050,2026-01-29 0:00:00,4,9181.59,0,9181.59,12,delivered,UPI
O10956,C0130,P091,2024-04-03 0:00:00,2,2407.09,5,2286.74,8,Cancelled,Card
O10957,C0248,P008,2023-02-06 0:00:00,2,2360.25,20,1888.2,3,Cancelled,Wallet
O10958,C0325,P022,2024-06-27 0:00:00,2,6340.62,5,6023.59,8,delivered,Card
O10959,C0338,P080,2023-03-22 0:00:00,4,5925.37,10,5332.83,3,Cancelled,COD
O10960,C0261,P068,2025-07-13 0:00:00,2,2093.42,15,1779.41,9,Delivered,COD
O10961,C0102,P034,2025-08-06 0:00:00,2,7034.08,10,6330.67,10,Returned,Wallet
O10962,C0025,P035,2024-08-15 0:00:00,1,2408.2,20,1926.56,12,Cancelled,COD
O10963,C0493,P050,2025-09-07 0:00:00,4,3742.98,10,3368.68,4,Returned,Card
O10964,C0055,P089,2023-11-08 0:00:00,1,5673.28,10,5105.95,7,Delivered,UPI
O10965,C0324,P072,2026-01-11 0:00:00,4,9879.48,15,8397.56,2,delivered,Wallet
O10966,C0115,P100,2025-05-10 0:00:00,4,6975.38,15,5929.07,11,delivered,COD
O10967,C0183,P088,2023-11-17 0:00:00,2,785.49,10,706.94,7,delivered,Wallet
O10968,C0119,P046,2024-07-09 0:00:00,4,5416.15,20,4332.92,6,Returned,Card
O10969,C0033,P030,2024-04-13 0:00:00,4,1200.88,15,1020.75,3,Returned,COD
O10970,C0263,P034,2026-03-29 0:00:00,1,9731.57,15,8271.83,2,Returned,Card
O10971,C0430,P007,2026-02-25 0:00:00,3,1657.91,10,1492.12,8,Delivered,Wallet
O10972,C0243,P037,2025-08-30 0:00:00,4,3502.69,5,3327.56,4,Returned,Wallet
O10973,C0014,P075,2025-01-27 0:00:00,3,7625.33,10,6862.8,4,delivered,Wallet
O10974,C0363,P048,2025-04-17 0:00:00,4,1470.44,5,1396.92,1,delivered,COD
O10975,C0286,P093,2025-10-22 0:00:00,4,3116.37,5,2960.55,3,delivered,COD
O10976,C0407,P045,2024-10-11 0:00:00,5,6266.95,20,5013.56,6,Delivered,COD
O10977,C0308,P004,2024-07-27 0:00:00,1,7834.28,20,6267.42,11,Returned,UPI
O10978,C0486,P077,2024-01-02 0:00:00,4,876.64,15,745.14,11,DELIVERED,COD
O10979,C0099,P012,2026-02-10 0:00:00,5,9716.77,5,9230.93,3,delivered,UPI
O10980,C0280,P094,2024-08-29 0:00:00,3,8876.92,20,7101.54,7,Delivered,Wallet
O10981,C0444,P034,2025-10-08 0:00:00,5,3293.71,0,3293.71,4,DELIVERED,Wallet
O10982,C0078,P054,2025-11-10 0:00:00,5,7814.45,15,6642.28,9,Cancelled,Card
O10983,C0152,P005,2026-03-28 0:00:00,3,3574.22,20,2859.38,11,Delivered,Wallet
O10984,C0395,P080,2024-02-10 0:00:00,1,3064.9,5,2911.65,4,Returned,COD
O10985,C0489,P032,2024-10-18 0:00:00,3,9508.78,20,7607.02,11,delivered,Card
O10986,C0167,P007,2025-06-13 0:00:00,4,1833.38,20,1466.7,8,delivered,Wallet
O10987,C0176,P048,2024-06-22 0:00:00,5,2554.98,5,2427.23,11,Returned,UPI
O10988,C0383,P093,2025-03-28 0:00:00,3,9562.87,20,7650.3,9,delivered,Card
O10989,C0158,P032,2024-06-08 0:00:00,5,1232.84,20,986.27,8,Delivered,COD
O10990,C0035,P056,2024-09-03 0:00:00,4,8841.78,0,8841.78,1,DELIVERED,Card
O10991,C0424,P002,2023-05-18 0:00:00,4,2495.23,5,2370.47,10,delivered,Card
O10992,C0153,P050,2024-08-14 0:00:00,3,7248.84,5,6886.4,10,DELIVERED,Wallet
O10993,C0056,P058,2025-07-14 0:00:00,3,2943.25,0,2943.25,-2,Cancelled,Wallet
O10994,C0296,P078,2024-06-26 0:00:00,3,1817.87,0,1817.87,2,Delivered,UPI
O10995,C0158,P007,2026-02-14 0:00:00,3,1713.85,20,1371.08,5,DELIVERED,UPI
O10996,C0080,P037,2023-03-01 0:00:00,1,9790.27,20,7832.22,8,delivered,UPI
O10997,C0340,P064,2025-12-12 0:00:00,3,7066.38,10,6359.74,9,Cancelled,COD
O10998,C0124,P093,2023-10-29 0:00:00,4,4601.94,10,4141.75,10,Returned,Wallet
O10999,C0447,P015,2023-11-18 0:00:00,4,2305.77,15,1959.9,2,Returned,Wallet
O11000,C0003,P098,2024-07-17 0:00:00,2,6607.39,20,5285.91,9,Delivered,Wallet
O11001,C0315,P057,2023-01-10 0:00:00,5,6432.79,15,5467.87,12,Returned,Wallet
O11002,C0169,P072,2024-06-28 0:00:00,2,2059.57,10,1853.61,8,Returned,Card
O11003,C0197,P020,2025-10-17 0:00:00,1,8341.2,15,7090.02,4,Delivered,COD
O11004,C0281,P031,2023-02-09 0:00:00,1,6480.6,15,5508.51,3,DELIVERED,Wallet
O11005,C0258,P043,2024-03-03 0:00:00,4,8679.9,20,6943.92,9,Cancelled,Wallet
O11006,C0298,P089,2025-03-31 0:00:00,2,5522.35,0,5522.35,5,delivered,Card
O11007,C0039,P049,2024-06-09 0:00:00,3,9922.38,0,9922.38,3,Cancelled,Wallet
O11008,C0465,P020,2025-12-25 0:00:00,4,1464.39,5,1391.17,11,Cancelled,Card
O11009,C0095,P073,2024-06-09 0:00:00,3,5556.81,5,5278.97,3,delivered,Card
O11010,C0164,P017,2024-02-29 0:00:00,2,7078.9,15,6017.06,2,DELIVERED,Wallet
O11011,C0032,P024,2023-03-17 0:00:00,5,1171.77,20,937.42,9,DELIVERED,COD
O11012,C0316,P009,2024-07-28 0:00:00,1,3687.11,5,3502.75,10,Delivered,COD
O11013,C0179,P052,2024-05-04 0:00:00,1,7462.99,15,6343.54,1,Returned,UPI
O11014,C0426,P048,2023-11-02 0:00:00,3,794.23,10,714.81,3,Cancelled,COD
O11015,C0092,P053,2025-10-27 0:00:00,3,4208.41,0,4208.41,10,Returned,Wallet
O11016,C0294,P056,2025-04-21 0:00:00,2,2865.2,10,2578.68,1,delivered,UPI
O11017,C0165,P007,2024-02-16 0:00:00,5,3500.7,15,2975.59,6,Cancelled,Wallet
O11018,C0117,P030,2023-01-31 0:00:00,3,7514.04,15,6386.93,2,Delivered,Wallet
O11019,C0063,P008,2024-11-09 0:00:00,3,4637.15,20,3709.72,2,Delivered,Wallet
O11020,C0254,P050,2025-03-21 0:00:00,5,2539.29,10,2285.36,8,delivered,UPI
O11021,C0455,P033,2023-04-15 0:00:00,4,1201.82,20,961.46,7,DELIVERED,Card
O11022,C0164,P015,2023-01-21 0:00:00,4,4504.11,0,4504.11,2,Cancelled,UPI
O11023,C0207,P008,2024-10-02 0:00:00,2,8689,10,7820.1,1,Cancelled,Wallet
O11024,C0033,P090,2024-08-23 0:00:00,5,2623.37,0,2623.37,3,Returned,Wallet
O11025,C0292,P042,2025-04-03 0:00:00,3,1330.46,10,1197.41,12,Delivered,COD
O11026,C0497,P011,2023-09-03 0:00:00,4,7775.09,15,6608.83,8,Returned,Wallet
O11027,C0413,P016,2024-01-05 0:00:00,2,6640.54,5,6308.51,6,DELIVERED,Card
O11028,C0130,P088,2023-08-06 0:00:00,2,1806.53,15,1535.55,10,Cancelled,Card
O11029,C0334,P033,2024-01-14 0:00:00,4,7654.34,0,7654.34,5,Delivered,COD
O11030,C0030,P094,2023-09-23 0:00:00,1,1985.95,20,1588.76,12,Returned,Card
O11031,C0191,P041,2025-06-23 0:00:00,3,9686.59,15,8233.6,11,Cancelled,COD
O11032,C0475,P077,2024-10-14 0:00:00,3,2288.86,15,1945.53,3,DELIVERED,UPI
O11033,C0382,P011,2023-09-01 0:00:00,2,9447.88,10,8503.09,2,Cancelled,Wallet
O11034,C0206,P048,2024-07-11 0:00:00,4,7296.03,5,6931.23,7,Delivered,Wallet
O11035,C0393,P043,2024-01-11 0:00:00,1,907.21,10,816.49,7,Cancelled,Wallet
O11036,C0163,P026,2023-03-23 0:00:00,3,1305.81,15,1109.94,1,Delivered,Wallet
O11037,C0476,P068,2023-07-09 0:00:00,1,9425.54,10,8482.99,5,delivered,Wallet
O11038,C0176,P053,2025-03-22 0:00:00,5,8649.36,15,7351.96,7,Cancelled,Card
O11039,C0170,P033,2024-03-15 0:00:00,2,928.6,20,742.88,12,Cancelled,Card
O11040,C0237,P041,2023-09-13 0:00:00,1,8672.98,15,7372.03,9,DELIVERED,Wallet
O11041,C0095,P041,2023-05-26 0:00:00,3,9665.16,0,9665.16,7,Delivered,COD
O11042,C0038,P086,2025-07-23 0:00:00,5,9394.3,5,8924.58,1,DELIVERED,COD
O11043,C0151,P069,2026-03-16 0:00:00,3,4610.78,15,3919.16,7,Cancelled,Card
O11044,C0316,P087,2026-03-07 0:00:00,1,1495.05,5,1420.3,12,DELIVERED,Wallet
O11045,C0434,P046,2024-02-27 0:00:00,4,2033.76,20,1627.01,6,Cancelled,UPI
O11046,C0398,P073,2025-09-15 0:00:00,4,3163.5,15,2688.97,2,Cancelled,COD
O11047,C0370,P022,2024-12-20 0:00:00,5,5495,0,5495,2,Delivered,UPI
O11048,C0089,P097,2025-10-11 0:00:00,2,2665.42,20,2132.34,8,Delivered,Wallet
O11049,C0347,P010,2025-01-16 0:00:00,3,1143.87,20,915.1,7,Cancelled,Card
O11050,C0386,P088,2023-03-26 0:00:00,4,2759.02,15,2345.17,10,Cancelled,Card
O11051,C0415,P041,2023-08-19 0:00:00,5,2299.34,15,1954.44,7,Delivered,Wallet
O11052,C0450,P031,2025-08-13 0:00:00,5,7844.56,5,7452.33,2,DELIVERED,Wallet
O11053,C0136,P006,2025-06-18 0:00:00,2,4571.17,5,4342.61,1,Returned,Wallet
O11054,C0492,P032,2023-07-15 0:00:00,2,6750.44,0,6750.44,4,DELIVERED,UPI
O11055,C0140,P022,2023-01-24 0:00:00,4,6553.04,15,5570.08,7,Cancelled,UPI
O11056,C0437,P067,2025-08-02 0:00:00,2,1206.26,5,1145.95,11,Delivered,Card
O11057,C0057,P092,2024-11-11 0:00:00,4,742.56,5,705.43,12,delivered,COD
O11058,C0158,P081,2023-03-15 0:00:00,5,9936.27,15,8445.83,4,Returned,Card
O11059,C0044,P027,2024-08-12 0:00:00,5,4936.2,10,4442.58,11,Returned,COD
O11060,C0479,P090,2024-10-30 0:00:00,3,1844.28,10,1659.85,7,Delivered,UPI
O11061,C0447,P024,2024-04-10 0:00:00,4,3139.81,20,2511.85,3,DELIVERED,Wallet
O11062,C0175,P060,2024-06-02 0:00:00,1,8830.02,20,7064.02,1,Delivered,Wallet
O11063,C0178,P037,2024-09-08 0:00:00,5,8312.55,5,7896.92,11,Delivered,Wallet
O11064,C0059,P078,2025-11-08 0:00:00,5,5043.35,0,5043.35,7,Returned,UPI
O11065,C0377,P013,2024-08-10 0:00:00,3,1877.57,15,1595.93,9,Returned,Wallet
O11066,C0175,P091,2025-03-10 0:00:00,4,1222.67,0,1222.67,10,delivered,COD
O11067,C0361,P024,2025-03-16 0:00:00,1,3331.88,10,2998.69,10,Returned,Wallet
O11068,C0268,P012,2024-04-21 0:00:00,2,1215.38,15,1033.07,2,Delivered,Wallet
O11069,C0452,P033,2023-11-25 0:00:00,1,2023.77,5,1922.58,4,delivered,UPI
O11070,C0024,P045,2025-11-09 0:00:00,5,7747.61,15,6585.47,1,Cancelled,COD
O11071,C0051,P014,2023-02-28 0:00:00,5,6474.72,10,5827.25,4,delivered,Wallet
O11072,C0004,P062,2024-09-27 0:00:00,1,2461.36,15,2092.16,5,Delivered,Wallet
O11073,C0064,P068,2025-09-14 0:00:00,5,2771.53,15,2355.8,4,Returned,Wallet
O11074,C0095,P057,2026-02-06 0:00:00,4,5608.11,0,5608.11,4,DELIVERED,Wallet
O11075,C0413,P017,2025-02-26 0:00:00,2,1208.46,15,1027.19,2,delivered,COD
O11076,C0195,P004,2023-10-31 0:00:00,1,5255.24,20,4204.19,11,Cancelled,Card
O11077,C0420,P018,2024-09-18 0:00:00,3,9383.48,20,7506.78,8,Returned,COD
O11078,C0006,P019,2023-04-08 0:00:00,5,1027.59,20,822.07,4,delivered,Card
O11079,C0414,P026,2025-11-16 0:00:00,1,6926.49,10,6233.84,10,DELIVERED,UPI
O11080,C0165,P039,2026-04-12 0:00:00,2,4861.41,15,4132.2,4,Delivered,COD
O11081,C0434,P035,2024-06-04 0:00:00,4,3561.28,10,3205.15,1,DELIVERED,COD
O11082,C0458,P053,2025-08-28 0:00:00,2,5170.99,0,5170.99,1,Cancelled,Card
O11083,C0216,P024,2023-07-09 0:00:00,2,555.8,15,472.43,6,delivered,Wallet
O11084,C0127,P020,2024-07-03 0:00:00,1,2288.04,0,2288.04,1,Returned,Wallet
O11085,C0403,P060,2023-05-23 0:00:00,2,3795.62,0,3795.62,1,Delivered,Wallet
O11086,C0052,P072,2025-06-17 0:00:00,5,8701.31,15,7396.11,5,Returned,Wallet
O11087,C0105,P012,2024-08-03 0:00:00,1,9567.06,10,8610.35,12,Cancelled,UPI
O11088,C0100,P010,2024-10-01 0:00:00,1,970.79,15,825.17,6,delivered,UPI
O11089,C0021,P051,2024-11-11 0:00:00,1,8691.43,15,7387.72,2,Returned,Card
O11090,C0342,P019,2026-01-23 0:00:00,5,3832.35,5,3640.73,8,delivered,Wallet
O11091,C0414,P043,2023-07-15 0:00:00,5,5139.19,10,4625.27,6,delivered,Card
O11092,C0259,P063,2023-04-30 0:00:00,3,3184.8,10,2866.32,12,Returned,Card
O11093,C0138,P065,2024-08-02 0:00:00,3,4339.8,15,3688.83,12,Cancelled,Wallet
O11094,C0474,P052,2023-12-20 0:00:00,1,6157.8,15,5234.13,7,Delivered,COD
O11095,C0232,P070,2025-07-14 0:00:00,4,7487.13,0,7487.13,3,Cancelled,UPI
O11096,C0195,P015,2024-02-10 0:00:00,1,2276.87,15,1935.34,2,Delivered,Wallet
O11097,C0306,P073,2023-04-06 0:00:00,5,5610.85,20,4488.68,4,Delivered,Wallet
O11098,C0081,P005,2023-02-12 0:00:00,5,4049.46,15,3442.04,8,Cancelled,UPI
O11099,C0127,P088,2023-12-24 0:00:00,2,7687.97,20,6150.38,4,DELIVERED,UPI
O11100,C0371,P027,2024-05-06 0:00:00,2,3541.95,20,2833.56,2,DELIVERED,Wallet
O11101,C0291,P098,2023-04-28 0:00:00,3,7831.9,5,7440.3,2,Returned,Wallet
O11102,C0212,P058,2023-06-19 0:00:00,4,8205.08,15,6974.32,10,Returned,COD
O11103,C0355,P074,2024-05-12 0:00:00,4,8424.07,5,8002.87,1,Cancelled,UPI
O11104,C0162,P026,2025-09-01 0:00:00,1,6235.71,0,6235.71,12,Cancelled,COD
O11105,C0203,P014,2025-02-28 0:00:00,3,4481.95,5,4257.85,1,delivered,Card
O11106,C0252,P057,2025-01-23 0:00:00,5,8887.15,5,8442.79,7,Cancelled,Card
O11107,C0238,P085,2023-08-15 0:00:00,5,5618.96,10,5057.06,1,DELIVERED,Wallet
O11108,C0223,P021,2023-07-11 0:00:00,5,7478.11,20,5982.49,2,DELIVERED,Card
O11109,C0406,P086,2023-07-25 0:00:00,5,7949.47,20,6359.58,4,DELIVERED,UPI
O11110,C0459,P045,2025-04-30 0:00:00,1,3237.6,15,2751.96,2,Delivered,Card
O11111,C0039,P042,2025-01-22 0:00:00,2,558.53,15,474.75,8,DELIVERED,Wallet
O11112,C0420,P044,2023-03-16 0:00:00,3,635.78,15,540.41,6,DELIVERED,Wallet
O11113,C0328,P037,2025-09-06 0:00:00,1,3762.44,15,3198.07,7,DELIVERED,Wallet
O11114,C0421,P055,2025-09-12 0:00:00,2,513.89,5,488.2,8,Delivered,COD
O11115,C0465,P100,2025-11-15 0:00:00,4,2002.26,10,1802.03,11,delivered,Card
O11116,C0274,P016,2024-10-15 0:00:00,2,3065.39,20,2452.31,6,delivered,Wallet
O11117,C0178,P016,2025-07-08 0:00:00,4,1566.42,0,1566.42,2,Cancelled,Wallet
O11118,C0185,P010,2024-03-26 0:00:00,5,9512.16,5,9036.55,6,DELIVERED,Card
O11119,C0041,P086,2024-08-05 0:00:00,2,4858.94,20,3887.15,6,Delivered,Card
O11120,C0262,P041,2023-05-09 0:00:00,5,1090.67,15,927.07,8,DELIVERED,COD
O11121,C0111,P068,2025-02-17 0:00:00,2,6874,20,5499.2,9,Cancelled,COD
O11122,C0124,P054,2025-08-02 0:00:00,4,700.42,20,560.34,7,Returned,COD
O11123,C0373,P049,2024-07-17 0:00:00,2,2290.3,10,2061.27,6,delivered,Card
O11124,C0273,P009,2025-08-06 0:00:00,2,1205.68,10,1085.11,1,delivered,Card
O11125,C0252,P017,2025-09-07 0:00:00,3,5398.79,5,5128.85,12,Returned,UPI
O11126,C0419,P038,2026-03-15 0:00:00,5,4362.53,5,4144.4,7,DELIVERED,Wallet
O11127,C0433,P065,2024-06-13 0:00:00,5,8743,0,8743,8,Delivered,UPI
O11128,C0401,P055,2024-03-09 0:00:00,2,7459.62,15,6340.68,1,delivered,Wallet
O11129,C0175,P077,2024-07-29 0:00:00,1,4323.57,15,3675.03,8,DELIVERED,COD
O11130,C0256,P075,2026-02-22 0:00:00,2,3835.25,5,3643.49,12,Delivered,COD
O11131,C0045,P056,2024-10-03 0:00:00,2,843.3,20,674.64,11,Cancelled,Wallet
O11132,C0160,P044,2025-10-24 0:00:00,4,1921.66,0,1921.66,5,delivered,UPI
O11133,C0097,P069,2025-06-15 0:00:00,3,1420.21,5,1349.2,7,Delivered,Wallet
O11134,C0061,P049,2025-08-18 0:00:00,5,1331.39,20,1065.11,9,Cancelled,COD
O11135,C0204,P034,2023-06-25 0:00:00,2,8816.86,10,7935.17,5,DELIVERED,Wallet
O11136,C0197,P050,2024-02-01 0:00:00,3,9430.44,20,7544.35,9,Delivered,Wallet
O11137,C0433,P030,2024-11-28 0:00:00,3,5527.99,20,4422.39,10,delivered,Wallet
O11138,C0155,P071,2025-07-11 0:00:00,1,9862.85,0,9862.85,8,Delivered,Wallet
O11139,C0426,P019,2023-04-26 0:00:00,3,3334.68,15,2834.48,1,Delivered,COD
O11140,C0027,P060,2026-03-15 0:00:00,2,2822.81,15,2399.39,12,Cancelled,COD
O11141,C0187,P088,2023-06-13 0:00:00,5,5852.96,10,5267.66,7,Returned,UPI
O11142,C0441,P067,2024-01-20 0:00:00,1,5042.11,20,4033.69,4,Cancelled,Wallet
O11143,C0133,P062,2023-04-24 0:00:00,4,5279.12,15,4487.25,9,Cancelled,Wallet
O11144,C0413,P046,2023-11-14 0:00:00,4,4774.73,0,4774.73,3,Cancelled,Wallet
O11145,C0335,P091,2023-09-10 0:00:00,5,4051.28,10,3646.15,5,Delivered,Wallet
O11146,C0089,P003,2026-02-02 0:00:00,3,3399.77,0,3399.77,11,Delivered,COD
O11147,C0285,P052,2024-09-10 0:00:00,1,8811.73,0,8811.73,2,delivered,Card
O11148,C0177,P027,2026-02-27 0:00:00,2,9284.72,20,7427.78,1,Cancelled,Card
O11149,C0147,P066,2023-12-05 0:00:00,3,8171.14,20,6536.91,6,Returned,COD
O11150,C0403,P037,2023-11-20 0:00:00,5,8365.24,0,8365.24,4,Cancelled,Wallet
O11151,C0016,P066,2024-01-19 0:00:00,2,3040.86,15,2584.73,5,Returned,Wallet
O11152,C0478,P021,2026-04-09 0:00:00,4,2806.58,0,2806.58,10,Delivered,UPI
O11153,C0036,P095,2024-09-04 0:00:00,3,7886.51,10,7097.86,1,Delivered,UPI
O11154,C0031,P028,2023-03-29 0:00:00,3,1831.52,10,1648.37,12,Delivered,Wallet
O11155,C0435,P032,2023-07-14 0:00:00,3,8726.62,10,7853.96,8,delivered,COD
O11156,C0354,P044,2025-03-05 0:00:00,5,802.35,20,641.88,12,Cancelled,Card
O11157,C0149,P010,2024-06-02 0:00:00,4,5521.56,0,5521.56,1,DELIVERED,UPI
O11158,C0400,P085,2025-06-09 0:00:00,4,9037.15,20,7229.72,5,delivered,COD
O11159,C0267,P039,2026-02-24 0:00:00,1,1295.15,0,1295.15,1,DELIVERED,Card
O11160,C0297,P041,2025-02-02 0:00:00,5,9050.46,0,9050.46,9,Cancelled,UPI
O11161,C0168,P029,2023-10-08 0:00:00,4,6696.72,10,6027.05,6,delivered,Card
O11162,C0272,P002,2024-01-08 0:00:00,4,9491.21,5,9016.65,2,DELIVERED,UPI
O11163,C0073,P070,2023-12-15 0:00:00,2,7448.69,5,7076.26,6,Cancelled,COD
O11164,C0131,P028,2023-01-31 0:00:00,5,1475.81,0,1475.81,3,DELIVERED,Wallet
O11165,C0323,P037,2023-06-24 0:00:00,4,5314.18,15,4517.05,5,delivered,Card
O11166,C0037,P006,2026-01-15 0:00:00,2,7397.68,0,7397.68,8,DELIVERED,Card
O11167,C0500,P070,2024-08-01 0:00:00,3,4109.32,20,3287.46,3,Returned,Wallet
O11168,C0369,P009,2026-03-31 0:00:00,1,8521.53,10,7669.38,7,delivered,Wallet
O11169,C0204,P040,2025-11-28 0:00:00,2,7670.02,0,7670.02,3,DELIVERED,Wallet
O11170,C0484,P035,2023-07-19 0:00:00,4,2983.13,15,2535.66,2,Delivered,Wallet
O11171,C0208,P013,2026-02-07 0:00:00,5,9652.39,15,8204.53,5,Returned,COD
O11172,C0162,P019,2024-08-31 0:00:00,3,2238.85,5,2126.91,11,delivered,Wallet
O11173,C0283,P027,2026-01-10 0:00:00,5,546.7,15,464.7,1,Cancelled,Wallet
O11174,C0005,P070,2024-11-13 0:00:00,4,7654.35,0,7654.35,12,delivered,Card
O11175,C0147,P088,2025-04-07 0:00:00,1,7528.29,10,6775.46,2,Returned,COD
O11176,C0273,P019,2024-02-06 0:00:00,3,4119.34,15,3501.44,12,Delivered,COD
O11177,C0078,P024,2024-12-27 0:00:00,3,4735.98,0,4735.98,1,Delivered,COD
O11178,C0116,P096,2023-12-10 0:00:00,3,4341.99,20,3473.59,2,Cancelled,Wallet
O11179,C0319,P031,2023-12-20 0:00:00,4,6612.3,15,5620.45,11,Returned,COD
O11180,C0333,P042,2025-07-05 0:00:00,5,4354.54,5,4136.81,2,Delivered,UPI
O11181,C0421,P051,2025-04-11 0:00:00,4,6696.51,20,5357.21,4,DELIVERED,UPI
O11182,C0106,P009,2025-12-16 0:00:00,1,9183.16,5,8724,8,Cancelled,COD
O11183,C0255,P032,2026-01-13 0:00:00,1,4297.67,0,4297.67,11,Delivered,Wallet
O11184,C0190,P058,2023-07-22 0:00:00,3,3695.72,20,2956.58,5,Cancelled,COD
O11185,C0021,P057,2025-10-25 0:00:00,2,4287.92,10,3859.13,3,delivered,Wallet
O11186,C0234,P003,2024-12-31 0:00:00,2,815.43,5,774.66,1,delivered,COD
O11187,C0145,P081,2025-02-14 0:00:00,2,554.19,5,526.48,4,Delivered,Wallet
O11188,C0051,P076,2024-09-01 0:00:00,1,8399.36,20,6719.49,6,Delivered,Card
O11189,C0107,P071,2024-01-24 0:00:00,1,7739.32,5,7352.35,6,Delivered,Wallet
O11190,C0104,P007,2023-11-29 0:00:00,1,3864.45,20,3091.56,9,delivered,Card
O11191,C0137,P026,2023-07-09 0:00:00,4,9724,15,8265.4,5,delivered,UPI
O11192,C0402,P015,2025-09-22 0:00:00,5,7334.36,5,6967.64,8,Delivered,Card
O11193,C0320,P076,2024-04-25 0:00:00,3,3179.88,0,3179.88,10,Delivered,Wallet
O11194,C0039,P041,2023-03-23 0:00:00,4,8074.6,0,8074.6,1,Delivered,COD
O11195,C0045,P034,2023-08-16 0:00:00,2,5477.78,5,5203.89,10,delivered,Card
O11196,C0054,P057,2026-04-11 0:00:00,4,740.56,5,703.53,10,Returned,Card
O11197,C0063,P007,2024-02-25 0:00:00,1,9001.48,5,8551.41,2,Returned,Wallet
O11198,C0362,P074,2025-01-13 0:00:00,5,5788.82,0,5788.82,3,Cancelled,COD
O11199,C0109,P088,2023-05-26 0:00:00,4,2427.41,20,1941.93,10,delivered,Card
O11200,C0248,P084,2024-11-16 0:00:00,4,8915.74,20,7132.59,10,Cancelled,Wallet
O11201,C0326,P037,2024-06-05 0:00:00,5,5688.86,10,5119.97,2,Returned,Wallet
O11202,C0423,P059,2025-03-24 0:00:00,3,7677.64,20,6142.11,4,Delivered,UPI
O11203,C0396,P027,2025-10-09 0:00:00,4,6334.06,10,5700.65,4,Returned,UPI
O11204,C0305,P099,2024-03-04 0:00:00,3,5582.63,0,5582.63,3,Delivered,Card
O11205,C0047,P019,2023-01-12 0:00:00,2,5264.55,15,4474.87,6,DELIVERED,Card
O11206,C0095,P016,2025-05-16 0:00:00,3,4506.25,10,4055.62,2,Returned,UPI
O11207,C0406,P050,2026-02-26 0:00:00,5,1071.42,20,857.14,11,Delivered,Wallet
O11208,C0009,P089,2025-09-12 0:00:00,5,6797.96,5,6458.06,1,Cancelled,Card
O11209,C0144,P077,2024-01-05 0:00:00,3,5982.36,15,5085.01,2,Cancelled,UPI
O11210,C0262,P053,2025-10-07 0:00:00,3,2058.07,0,2058.07,11,DELIVERED,Wallet
O11211,C0128,P011,2024-05-25 0:00:00,5,2528.13,5,2401.72,4,delivered,Card
O11212,C0454,P078,2024-01-29 0:00:00,5,2159.02,10,1943.12,1,Cancelled,Card
O11213,C0339,P015,2024-10-12 0:00:00,2,8674.53,20,6939.62,1,DELIVERED,UPI
O11214,C0368,P068,2025-05-03 0:00:00,4,5238.73,5,4976.79,2,Delivered,Card
O11215,C0164,P033,2024-08-01 0:00:00,2,1580.15,10,1422.14,7,Returned,Wallet
O11216,C0201,P044,2023-12-07 0:00:00,5,7236.63,15,6151.14,12,delivered,Wallet
O11217,C0499,P010,2024-08-22 0:00:00,2,1041.15,5,989.09,11,Delivered,Card
O11218,C0149,P036,2025-01-13 0:00:00,1,3136.56,10,2822.9,7,Cancelled,Wallet
O11219,C0010,P086,2025-11-21 0:00:00,2,963.26,20,770.61,6,Delivered,COD
O11220,C0172,P024,2024-03-12 0:00:00,3,5590.87,10,5031.78,9,Delivered,COD
O11221,C0074,P039,2023-12-01 0:00:00,5,6113.16,20,4890.53,3,Returned,COD
O11222,C0033,P054,2023-03-04 0:00:00,5,4686.34,20,3749.07,7,Delivered,UPI
O11223,C0332,P070,2024-12-24 0:00:00,4,6392.24,10,5753.02,10,DELIVERED,Wallet
O11224,C0208,P009,2026-03-11 0:00:00,5,1344.78,15,1143.06,6,DELIVERED,Wallet
O11225,C0137,P001,2023-11-15 0:00:00,2,1520,15,1292,10,Cancelled,Wallet
O11226,C0259,P042,2024-01-24 0:00:00,4,7002.66,10,6302.39,9,Returned,UPI
O11227,C0193,P044,2025-10-30 0:00:00,3,2408.88,5,2288.44,3,Returned,Card
O11228,C0007,P100,2025-12-27 0:00:00,4,4379.6,20,3503.68,6,Returned,COD
O11229,C0317,P007,2025-09-20 0:00:00,1,8623.74,5,8192.55,10,Cancelled,Wallet
O11230,C0329,P059,2023-10-26 0:00:00,3,9235.95,5,8774.15,1,Cancelled,Card
O11231,C0478,P005,2024-11-26 0:00:00,3,5668.16,15,4817.94,9,Returned,Wallet
O11232,C0002,P073,2023-06-29 0:00:00,4,5885.63,10,5297.07,4,delivered,Wallet
O11233,C0312,P005,2023-04-02 0:00:00,1,7473.74,5,7100.05,8,Delivered,Card
O11234,C0326,P076,2024-03-31 0:00:00,4,9690.95,15,8237.31,8,DELIVERED,Wallet
O11235,C0123,P060,2023-11-12 0:00:00,5,3208,10,2887.2,5,DELIVERED,Wallet
O11236,C0488,P076,2023-10-14 0:00:00,5,2889.67,10,2600.7,2,delivered,Wallet
O11237,C0378,P005,2023-12-25 0:00:00,5,1853.13,20,1482.5,6,Cancelled,COD
O11238,C0017,P051,2025-07-07 0:00:00,5,8214.68,0,8214.68,12,Returned,Card
O11239,C0405,P078,2025-02-28 0:00:00,4,8236.24,0,8236.24,4,Returned,Wallet
O11240,C0075,P025,2025-07-25 0:00:00,4,9404.96,15,7994.22,3,delivered,Wallet
O11241,C0239,P048,2023-02-17 0:00:00,2,9193.35,0,9193.35,1,DELIVERED,Wallet
O11242,C0242,P073,2023-03-17 0:00:00,1,1775.39,15,1509.08,1,delivered,Wallet
O11243,C0492,P095,2023-06-13 0:00:00,5,887.9,20,710.32,3,Cancelled,UPI
O11244,C0333,P098,2026-04-15 0:00:00,3,8012.55,20,6410.04,9,delivered,Wallet
O11245,C0434,P009,2025-01-11 0:00:00,3,998.53,5,948.6,10,Cancelled,Wallet
O11246,C0052,P085,2023-08-31 0:00:00,2,8675.62,5,8241.84,8,delivered,COD
O11247,C0076,P064,2024-06-16 0:00:00,1,2340.33,10,2106.3,10,Cancelled,Wallet
O11248,C0258,P091,2024-03-17 0:00:00,1,4514.83,0,4514.83,9,Cancelled,UPI
O11249,C0011,P052,2023-12-13 0:00:00,3,5075.51,0,5075.51,5,DELIVERED,Wallet
O11250,C0118,P044,2026-03-20 0:00:00,1,1551.5,5,1473.92,8,DELIVERED,Wallet
O11251,C0408,P059,2025-03-06 0:00:00,2,3449.94,10,3104.95,4,delivered,UPI
O11252,C0221,P006,2024-09-29 0:00:00,2,1241.43,20,993.14,6,Returned,Wallet
O11253,C0319,P039,2023-05-21 0:00:00,1,5188.69,10,4669.82,11,Cancelled,Wallet
O11254,C0171,P069,2025-05-08 0:00:00,4,4009.07,5,3808.62,7,DELIVERED,Wallet
O11255,C0281,P006,2024-05-30 0:00:00,1,8271.7,15,7030.95,7,Cancelled,COD
O11256,C0481,P072,2023-05-04 0:00:00,2,4407.13,10,3966.42,7,DELIVERED,COD
O11257,C0126,P006,2024-10-02 0:00:00,4,2679.72,10,2411.75,6,delivered,Wallet
O11258,C0112,P096,2023-11-28 0:00:00,4,2799.7,15,2379.74,6,Returned,UPI
O11259,C0040,P019,2025-04-04 0:00:00,3,4632.18,20,3705.74,6,Cancelled,Card
O11260,C0302,P084,2024-06-09 0:00:00,5,650.78,20,520.62,7,delivered,Wallet
O11261,C0353,P042,2023-12-20 0:00:00,2,5129.31,0,5129.31,6,Returned,COD
O11262,C0324,P047,2024-03-21 0:00:00,1,6800.15,0,6800.15,4,delivered,COD
O11263,C0423,P032,2024-03-05 0:00:00,3,3541.02,15,3009.87,12,DELIVERED,UPI
O11264,C0220,P051,2025-07-19 0:00:00,4,4270.12,15,3629.6,9,delivered,Wallet
O11265,C0361,P050,2025-07-13 0:00:00,5,5566.97,15,4731.92,9,Delivered,Wallet
O11266,C0335,P019,2024-04-19 0:00:00,4,9541.66,5,9064.58,10,delivered,Wallet
O11267,C0206,P064,2023-10-31 0:00:00,4,8428.58,5,8007.15,11,delivered,Card
O11268,C0237,P044,2025-06-04 0:00:00,2,8565.92,20,6852.74,1,Returned,UPI
O11269,C0447,P061,2025-07-01 0:00:00,5,8225.14,0,8225.14,6,DELIVERED,COD
O11270,C0320,P005,2023-07-31 0:00:00,4,4158.77,20,3327.02,12,Cancelled,Wallet
O11271,C0124,P093,2023-05-03 0:00:00,2,8712.21,0,8712.21,9,Returned,Card
O11272,C0158,P080,2025-04-03 0:00:00,3,8657.61,10,7791.85,1,Returned,Wallet
O11273,C0202,P098,2023-09-14 0:00:00,1,5459.99,5,5186.99,2,delivered,Card
O11274,C0207,P012,2025-06-05 0:00:00,4,8763.56,0,8763.56,3,Cancelled,Wallet
O11275,C0174,P008,2025-03-08 0:00:00,3,2540.89,10,2286.8,10,DELIVERED,Wallet
O11276,C0061,P051,2025-06-11 0:00:00,1,776.65,0,776.65,6,Delivered,Wallet
O11277,C0199,P042,2025-11-17 0:00:00,2,5616.84,20,4493.47,11,delivered,UPI
O11278,C0336,P039,2023-07-10 0:00:00,5,5390.17,5,5120.66,7,Cancelled,COD
O11279,C0447,P031,2026-01-05 0:00:00,1,8164.79,15,6940.07,8,DELIVERED,Wallet
O11280,C0184,P022,2023-12-10 0:00:00,3,1119.88,15,951.9,5,DELIVERED,UPI
O11281,C0029,P074,2023-02-14 0:00:00,3,7601.33,20,6081.06,12,DELIVERED,Card
O11282,C0374,P038,2024-06-17 0:00:00,5,8368.86,10,7531.97,5,Delivered,Wallet
O11283,C0118,P044,2023-04-28 0:00:00,1,7947.69,15,6755.54,10,Returned,Card
O11284,C0161,P066,2025-05-17 0:00:00,4,9320.38,0,9320.38,7,Returned,Wallet
O11285,C0309,P019,2023-02-04 0:00:00,2,2503.11,5,2377.95,8,Cancelled,Card
O11286,C0476,P064,2023-11-15 0:00:00,5,747.08,15,635.02,10,Returned,UPI
O11287,C0422,P086,2024-09-28 0:00:00,1,4063.1,5,3859.94,9,delivered,Wallet
O11288,C0207,P092,2024-05-02 0:00:00,2,2864.27,15,2434.63,2,Returned,Wallet
O11289,C0245,P051,2025-10-26 0:00:00,5,6568.69,15,5583.39,3,delivered,Wallet
O11290,C0413,P050,2025-04-05 0:00:00,2,8938.25,10,8044.43,11,Returned,UPI
O11291,C0158,P019,2024-10-26 0:00:00,3,7933.02,10,7139.72,6,DELIVERED,COD
O11292,C0500,P087,2024-04-30 0:00:00,5,6063.46,20,4850.77,6,delivered,Wallet
O11293,C0132,P004,2026-02-08 0:00:00,4,4310.83,15,3664.21,3,delivered,COD
O11294,C0098,P050,2025-04-02 0:00:00,1,3875.96,10,3488.36,10,Delivered,COD
O11295,C0082,P074,2023-07-28 0:00:00,3,6808.47,5,6468.05,9,DELIVERED,Wallet
O11296,C0065,P059,2025-10-28 0:00:00,3,656.74,15,558.23,7,DELIVERED,COD
O11297,C0429,P068,2026-04-04 0:00:00,4,3064.27,20,2451.42,8,DELIVERED,Wallet
O11298,C0146,P079,2025-04-25 0:00:00,3,1965.12,20,1572.1,3,Cancelled,Card
O11299,C0425,P023,2024-02-01 0:00:00,4,6066.05,0,6066.05,2,Returned,UPI
O11300,C0160,P022,2024-12-14 0:00:00,3,934.25,5,887.54,1,Returned,COD
O11301,C0099,P044,2023-09-06 0:00:00,2,6475.3,20,5180.24,9,Delivered,Wallet
O11302,C0101,P058,2025-01-11 0:00:00,1,7437.73,10,6693.96,10,Cancelled,Card
O11303,C0124,P087,2023-06-29 0:00:00,5,5756.43,15,4892.97,6,Returned,Card
O11304,C0416,P022,2023-10-03 0:00:00,3,9244.02,15,7857.42,12,Cancelled,Wallet
O11305,C0412,P011,2024-07-10 0:00:00,5,2199.96,15,1869.97,4,delivered,COD
O11306,C0388,P029,2025-07-19 0:00:00,2,526.1,5,499.8,10,Cancelled,Wallet
O11307,C0022,P002,2025-02-08 0:00:00,3,9130.24,20,7304.19,1,Delivered,Card
O11308,C0298,P072,2024-03-04 0:00:00,2,7451.65,20,5961.32,7,Delivered,COD
O11309,C0427,P068,2023-12-21 0:00:00,3,4115.87,15,3498.49,3,DELIVERED,UPI
O11310,C0115,P083,2023-01-02 0:00:00,4,3375.74,15,2869.38,6,Delivered,Wallet
O11311,C0464,P040,2025-07-01 0:00:00,2,5619.27,10,5057.34,1,Cancelled,COD
O11312,C0093,P071,2025-11-24 0:00:00,1,3921.98,10,3529.78,7,DELIVERED,Card
O11313,C0209,P062,2024-02-03 0:00:00,3,9921.88,0,9921.88,2,Returned,UPI
O11314,C0243,P070,2024-05-18 0:00:00,3,8928.11,15,7588.89,12,Returned,UPI
O11315,C0030,P030,2023-04-24 0:00:00,1,5280.31,20,4224.25,5,Delivered,UPI
O11316,C0405,P043,2024-11-14 0:00:00,2,6439.97,20,5151.98,3,Returned,UPI
O11317,C0439,P018,2023-09-16 0:00:00,4,1139.02,20,911.22,8,delivered,COD
O11318,C0297,P071,2024-05-15 0:00:00,2,7541.04,5,7163.99,8,delivered,Wallet
O11319,C0067,P050,2025-12-07 0:00:00,5,9439.83,15,8023.86,2,Delivered,UPI
O11320,C0099,P093,2023-11-08 0:00:00,5,2241.57,10,2017.41,12,Returned,Card
O11321,C0151,P040,2024-11-17 0:00:00,2,3631.44,15,3086.72,5,Cancelled,Wallet
O11322,C0031,P091,2024-02-09 0:00:00,2,4023.75,5,3822.56,2,delivered,Wallet
O11323,C0217,P091,2025-05-11 0:00:00,4,5755.16,15,4891.89,10,Delivered,UPI
O11324,C0059,P007,2024-09-20 0:00:00,2,518.75,10,466.88,5,Returned,Wallet
O11325,C0433,P051,2025-03-21 0:00:00,5,6389.12,0,6389.12,8,Delivered,COD
O11326,C0162,P075,2024-04-14 0:00:00,3,9461.75,20,7569.4,7,Cancelled,Wallet
O11327,C0470,P087,2023-07-27 0:00:00,2,8447.7,0,8447.7,11,Delivered,COD
O11328,C0116,P073,2023-06-27 0:00:00,4,1529.85,20,1223.88,5,Returned,COD
O11329,C0335,P037,2025-07-08 0:00:00,4,5828.93,15,4954.59,9,DELIVERED,Wallet
O11330,C0146,P088,2023-02-13 0:00:00,4,7442.51,0,7442.51,6,Cancelled,COD
O11331,C0172,P072,2024-12-08 0:00:00,4,564.66,5,536.43,5,delivered,Wallet
O11332,C0471,P079,2025-08-20 0:00:00,4,7892.45,5,7497.83,6,Cancelled,UPI
O11333,C0192,P016,2024-03-04 0:00:00,5,6729.78,0,6729.78,11,delivered,COD
O11334,C0427,P027,2024-05-22 0:00:00,1,2111.66,0,2111.66,11,Cancelled,Wallet
O11335,C0453,P039,2025-06-10 0:00:00,4,6810.01,10,6129.01,8,Cancelled,Card
O11336,C0399,P017,2023-03-06 0:00:00,5,6263.75,0,6263.75,1,Cancelled,Wallet
O11337,C0469,P015,2023-09-29 0:00:00,2,1219.91,15,1036.92,8,delivered,Wallet
O11338,C0196,P054,2023-03-31 0:00:00,1,3321.81,10,2989.63,2,Cancelled,Card
O11339,C0181,P044,2024-01-30 0:00:00,5,8406.15,20,6724.92,10,DELIVERED,COD
O11340,C0152,P068,2024-01-04 0:00:00,4,3799.08,20,3039.26,4,delivered,Wallet
O11341,C0129,P082,2024-04-13 0:00:00,4,8755.05,20,7004.04,9,delivered,Card
O11342,C0498,P074,2023-04-15 0:00:00,2,4323.7,10,3891.33,9,Delivered,UPI
O11343,C0286,P061,2025-04-13 0:00:00,1,9527.64,0,9527.64,4,Delivered,COD
O11344,C0065,P008,2025-03-29 0:00:00,4,2315.48,5,2199.71,12,delivered,Card
O11345,C0121,P100,2024-06-14 0:00:00,5,6295.83,5,5981.04,1,DELIVERED,COD
O11346,C0029,P087,2025-09-21 0:00:00,3,1029.97,10,926.97,4,delivered,UPI
O11347,C0226,P057,2024-05-11 0:00:00,1,2156.56,20,1725.25,8,Cancelled,Wallet
O11348,C0375,P051,2024-01-15 0:00:00,3,4045.72,0,4045.72,5,delivered,UPI
O11349,C0243,P092,2024-12-11 0:00:00,2,4298.56,20,3438.85,6,delivered,Wallet
O11350,C0054,P093,2024-01-16 0:00:00,1,9300.41,5,8835.39,10,Delivered,Card
O11351,C0351,P052,2024-07-15 0:00:00,5,8658.04,5,8225.14,3,Delivered,UPI
O11352,C0397,P020,2025-06-24 0:00:00,1,4238.61,15,3602.82,10,Returned,Card
O11353,C0184,P042,2024-12-25 0:00:00,1,9627.82,20,7702.26,11,Delivered,Wallet
O11354,C0128,P087,2023-04-10 0:00:00,5,9412.5,15,8000.62,12,Returned,COD
O11355,C0060,P088,2025-07-04 0:00:00,5,7205.98,10,6485.38,1,Cancelled,Wallet
O11356,C0023,P060,2023-11-20 0:00:00,2,9329.99,20,7463.99,12,Cancelled,Wallet
O11357,C0413,P047,2023-10-18 0:00:00,1,9075.81,0,9075.81,9,DELIVERED,Wallet
O11358,C0220,P040,2025-06-11 0:00:00,3,4401.11,0,4401.11,10,Returned,Wallet
O11359,C0122,P034,2026-02-27 0:00:00,2,8598.88,5,8168.94,2,Returned,Card
O11360,C0190,P023,2026-02-24 0:00:00,3,3895.99,20,3116.79,10,Returned,Card
O11361,C0381,P032,2024-09-14 0:00:00,1,4582.86,15,3895.43,12,Delivered,Card
O11362,C0462,P031,2025-07-23 0:00:00,5,4854.38,10,4368.94,7,DELIVERED,Wallet
O11363,C0196,P050,2026-02-03 0:00:00,5,3584.27,5,3405.06,12,Returned,Wallet
O11364,C0043,P059,2024-04-09 0:00:00,4,4118.47,0,4118.47,7,Cancelled,Wallet
O11365,C0165,P056,2025-11-18 0:00:00,4,3702.09,0,3702.09,4,Cancelled,COD
O11366,C0393,P026,2023-02-04 0:00:00,2,6355.01,0,6355.01,12,DELIVERED,Card
O11367,C0075,P099,2023-05-28 0:00:00,1,1272.7,5,1209.07,2,DELIVERED,COD
O11368,C0443,P021,2023-10-10 0:00:00,1,836.45,15,710.98,10,DELIVERED,Wallet
O11369,C0459,P034,2023-11-08 0:00:00,4,6692.62,10,6023.36,8,Returned,COD
O11370,C0144,P082,2023-04-06 0:00:00,5,7986.95,20,6389.56,7,Cancelled,Wallet
O11371,C0446,P072,2024-07-01 0:00:00,3,5693.13,15,4839.16,10,delivered,COD
O11372,C0306,P046,2025-11-23 0:00:00,5,8760.22,10,7884.2,8,delivered,Card
O11373,C0474,P035,2025-06-13 0:00:00,2,8331.29,15,7081.6,2,delivered,Wallet
O11374,C0235,P083,2024-09-01 0:00:00,4,1871.96,0,1871.96,1,Returned,Card
O11375,C0008,P051,2025-06-02 0:00:00,3,9787.02,5,9297.67,2,Cancelled,UPI
O11376,C0063,P029,2024-01-12 0:00:00,2,5763,0,5763,5,Delivered,Wallet
O11377,C0391,P059,2026-03-22 0:00:00,4,2442.45,10,2198.2,12,delivered,UPI
O11378,C0008,P030,2026-03-09 0:00:00,2,6367.59,20,5094.07,7,Returned,Wallet
O11379,C0330,P022,2023-07-26 0:00:00,5,6823.09,20,5458.47,6,DELIVERED,Card
O11380,C0058,P079,2024-01-10 0:00:00,3,7368.93,15,6263.59,5,delivered,Wallet
O11381,C0315,P012,2026-01-04 0:00:00,1,3480.73,10,3132.66,2,Cancelled,Wallet
O11382,C0100,P043,2025-04-23 0:00:00,4,9071.59,10,8164.43,8,delivered,Card
O11383,C0436,P005,2024-02-16 0:00:00,2,4188.32,0,4188.32,5,Delivered,COD
O11384,C0030,P095,2023-08-13 0:00:00,3,7621,10,6858.9,2,Delivered,UPI
O11385,C0321,P057,2023-04-10 0:00:00,5,7679.88,0,7679.88,4,Returned,Wallet
O11386,C0368,P078,2024-01-02 0:00:00,4,6916.94,0,6916.94,3,Returned,Wallet
O11387,C0128,P098,2025-09-27 0:00:00,2,1810.13,20,1448.1,9,DELIVERED,Wallet
O11388,C0105,P010,2025-09-27 0:00:00,1,2133.8,0,2133.8,8,Delivered,Wallet
O11389,C0225,P078,2025-02-13 0:00:00,3,7198.61,15,6118.82,4,Cancelled,COD
O11390,C0440,P058,2024-02-14 0:00:00,4,4298.5,15,3653.72,12,delivered,COD
O11391,C0016,P009,2025-12-13 0:00:00,3,9129.23,5,8672.77,5,Returned,UPI
O11392,C0352,P044,2025-05-01 0:00:00,3,6423.01,20,5138.41,9,Returned,Wallet
O11393,C0190,P025,2024-10-09 0:00:00,4,9237.91,10,8314.12,6,Delivered,Card
O11394,C0236,P051,2025-04-28 0:00:00,3,6923.13,20,5538.5,1,Cancelled,Wallet
O11395,C0261,P033,2023-09-30 0:00:00,5,7087.54,20,5670.03,7,Cancelled,COD
O11396,C0066,P026,2024-09-14 0:00:00,5,7985.07,15,6787.31,11,DELIVERED,Wallet
O11397,C0279,P061,2025-03-04 0:00:00,4,8139.05,5,7732.1,8,Delivered,Wallet
O11398,C0032,P075,2023-06-03 0:00:00,4,566.16,15,481.24,2,delivered,COD
O11399,C0159,P028,2023-07-12 0:00:00,2,8174.8,5,7766.06,7,delivered,UPI
O11400,C0045,P095,2025-04-07 0:00:00,5,6576.74,10,5919.07,3,DELIVERED,Card
O11401,C0498,P076,2026-01-08 0:00:00,1,8352.93,0,8352.93,1,Cancelled,Wallet
O11402,C0313,P077,2025-01-24 0:00:00,4,8062.29,15,6852.95,1,Cancelled,Wallet
O11403,C0122,P048,2024-05-23 0:00:00,1,7886.62,0,7886.62,1,Delivered,COD
O11404,C0098,P077,2025-09-14 0:00:00,5,2950.84,15,2508.21,12,Delivered,Wallet
O11405,C0146,P019,2023-10-16 0:00:00,3,5109.06,20,4087.25,5,delivered,COD
O11406,C0116,P084,2023-05-08 0:00:00,1,2073.28,0,2073.28,10,delivered,Card
O11407,C0220,P060,2024-04-26 0:00:00,5,2025.07,20,1620.06,10,delivered,UPI
O11408,C0080,P012,2025-01-11 0:00:00,1,4325.15,0,4325.15,7,Returned,COD
O11409,C0352,P076,2023-08-06 0:00:00,5,819.55,20,655.64,12,Returned,COD
O11410,C0336,P053,2024-11-30 0:00:00,4,2786.6,5,2647.27,9,Delivered,Wallet
O11411,C0387,P015,2023-11-27 0:00:00,1,2939.31,20,2351.45,10,Returned,UPI
O11412,C0058,P013,2024-03-30 0:00:00,4,3630.61,20,2904.49,3,DELIVERED,Wallet
O11413,C0251,P002,2024-10-23 0:00:00,1,6480.9,0,6480.9,6,Returned,COD
O11414,C0132,P059,2026-02-01 0:00:00,5,2120.98,20,1696.78,9,delivered,COD
O11415,C0438,P031,2024-02-19 0:00:00,1,1499.91,20,1199.93,11,Cancelled,UPI
O11416,C0460,P083,2025-09-07 0:00:00,3,5871.42,15,4990.71,7,Delivered,Wallet
O11417,C0448,P056,2024-12-30 0:00:00,2,6871.34,10,6184.21,7,Cancelled,Wallet
O11418,C0410,P066,2023-02-14 0:00:00,1,4168.63,15,3543.34,6,delivered,Wallet
O11419,C0071,P088,2023-07-27 0:00:00,2,8384.68,0,8384.68,11,Delivered,UPI
O11420,C0025,P020,2025-05-10 0:00:00,5,7810.01,5,7419.51,8,Cancelled,Wallet
O11421,C0200,P044,2023-11-21 0:00:00,1,8740.86,0,8740.86,3,Delivered,Card
O11422,C0291,P039,2024-02-24 0:00:00,4,3771.76,5,3583.17,4,DELIVERED,Wallet
O11423,C0392,P091,2024-12-05 0:00:00,5,6720.35,0,6720.35,7,Returned,Wallet
O11424,C0175,P072,2023-08-29 0:00:00,1,3696.76,20,2957.41,4,DELIVERED,Wallet
O11425,C0106,P056,2025-09-19 0:00:00,1,6960.56,20,5568.45,5,DELIVERED,Wallet
O11426,C0250,P064,2023-06-25 0:00:00,1,917.01,15,779.46,3,delivered,UPI
O11427,C0126,P091,2023-09-17 0:00:00,1,2072.58,0,2072.58,5,Delivered,UPI
O11428,C0399,P057,2023-08-03 0:00:00,3,4615.32,0,4615.32,2,Cancelled,COD
O11429,C0497,P098,2024-11-20 0:00:00,3,3085.39,0,3085.39,3,Delivered,Wallet
O11430,C0331,P063,2025-02-06 0:00:00,2,7939.22,20,6351.38,2,Delivered,Card
O11431,C0063,P050,2026-03-22 0:00:00,2,5086.39,20,4069.11,2,DELIVERED,Card
O11432,C0289,P022,2023-12-15 0:00:00,2,9388.71,20,7510.97,4,Delivered,Wallet
O11433,C0378,P004,2025-07-15 0:00:00,1,9899.9,5,9404.9,1,delivered,UPI
O11434,C0496,P092,2024-10-20 0:00:00,2,1470.79,15,1250.17,12,DELIVERED,Card
O11435,C0167,P044,2025-07-17 0:00:00,4,509.92,0,509.92,5,DELIVERED,Wallet
O11436,C0391,P031,2024-04-08 0:00:00,2,8813.66,20,7050.93,5,Delivered,Wallet
O11437,C0085,P058,2024-11-11 0:00:00,5,1878.95,15,1597.11,6,delivered,Card
O11438,C0431,P016,2023-12-03 0:00:00,1,4220.32,0,4220.32,5,Cancelled,UPI
O11439,C0017,P021,2023-08-30 0:00:00,2,2592.06,15,2203.25,6,DELIVERED,COD
O11440,C0315,P061,2026-02-11 0:00:00,2,1512.71,10,1361.44,5,Cancelled,Wallet
O11441,C0037,P037,2025-01-20 0:00:00,3,2391.16,0,2391.16,7,DELIVERED,UPI
O11442,C0270,P030,2024-09-08 0:00:00,5,2131.3,10,1918.17,1,DELIVERED,UPI
O11443,C0328,P061,2023-04-06 0:00:00,2,5847.5,20,4678,9,Returned,COD
O11444,C0227,P035,2023-12-29 0:00:00,2,4595.59,15,3906.25,3,delivered,COD
O11445,C0014,P020,2026-04-04 0:00:00,5,3492.98,20,2794.38,6,Returned,Wallet
O11446,C0323,P068,2025-07-02 0:00:00,2,6966.36,10,6269.72,1,DELIVERED,Wallet
O11447,C0108,P088,2026-01-22 0:00:00,4,9087.83,5,8633.44,9,DELIVERED,Card
O11448,C0047,P009,2024-09-28 0:00:00,2,9549.9,15,8117.41,7,delivered,COD
O11449,C0269,P073,2025-09-09 0:00:00,2,5355.16,5,5087.4,7,DELIVERED,COD
O11450,C0064,P058,2024-07-19 0:00:00,3,4527.49,20,3621.99,8,Returned,UPI
O11451,C0314,P099,2026-01-17 0:00:00,5,6878.61,10,6190.75,3,Delivered,Wallet
O11452,C0105,P024,2023-05-12 0:00:00,1,5138.92,20,4111.14,6,Cancelled,UPI
O11453,C0462,P070,2025-04-13 0:00:00,5,1590.36,15,1351.81,11,DELIVERED,Wallet
O11454,C0340,P066,2024-09-11 0:00:00,4,3450.11,15,2932.59,9,Returned,Card
O11455,C0228,P008,2024-05-29 0:00:00,1,6900.63,15,5865.54,6,Delivered,Wallet
O11456,C0108,P051,2023-03-16 0:00:00,5,6832.55,5,6490.92,11,delivered,COD
O11457,C0180,P009,2025-04-23 0:00:00,5,3470.83,10,3123.75,3,Delivered,Card
O11458,C0046,P058,2025-01-26 0:00:00,5,8463.61,10,7617.25,1,DELIVERED,Wallet
O11459,C0099,P062,2023-04-01 0:00:00,5,8341.98,20,6673.58,5,delivered,COD
O11460,C0187,P079,2025-04-27 0:00:00,1,924.55,5,878.32,4,delivered,Card
O11461,C0485,P034,2023-08-30 0:00:00,1,954.87,5,907.13,8,Cancelled,Card
O11462,C0236,P071,2023-03-01 0:00:00,4,8878.82,0,8878.82,8,Returned,Wallet
O11463,C0056,P100,2024-01-16 0:00:00,1,2268.1,0,2268.1,9,Returned,Wallet
O11464,C0066,P003,2023-02-02 0:00:00,1,3286.41,20,2629.13,4,delivered,COD
O11465,C0464,P024,2025-03-26 0:00:00,2,4554.44,5,4326.72,4,Delivered,Wallet
O11466,C0123,P064,2023-07-29 0:00:00,3,4872.16,0,4872.16,11,delivered,UPI
O11467,C0105,P070,2024-07-24 0:00:00,5,2595.99,10,2336.39,12,Delivered,Card
O11468,C0288,P013,2024-11-07 0:00:00,4,2593.44,0,2593.44,4,Delivered,Wallet
O11469,C0420,P056,2024-03-17 0:00:00,1,7234.68,10,6511.21,11,Cancelled,Wallet
O11470,C0324,P023,2023-08-29 0:00:00,1,6832.5,15,5807.62,1,Delivered,UPI
O11471,C0489,P094,2023-12-16 0:00:00,3,5715.37,20,4572.3,9,Cancelled,Card
O11472,C0019,P037,2023-10-24 0:00:00,4,4368.25,10,3931.43,9,Returned,COD
O11473,C0223,P061,2023-05-26 0:00:00,1,2412.39,20,1929.91,4,Cancelled,Wallet
O11474,C0125,P047,2023-12-30 0:00:00,3,2502.88,10,2252.59,9,Delivered,COD
O11475,C0424,P034,2025-08-05 0:00:00,1,8524.73,20,6819.78,11,Delivered,Wallet
O11476,C0018,P014,2023-06-10 0:00:00,5,2677.37,5,2543.5,2,delivered,Wallet
O11477,C0309,P068,2024-10-30 0:00:00,3,5194.52,10,4675.07,11,Cancelled,Wallet
O11478,C0129,P051,2024-08-23 0:00:00,1,4109.81,5,3904.32,5,Cancelled,Wallet
O11479,C0246,P081,2024-08-21 0:00:00,4,9092.08,15,7728.27,6,delivered,Wallet
O11480,C0391,P099,2025-10-23 0:00:00,4,4388.95,5,4169.5,3,DELIVERED,COD
O11481,C0264,P009,2024-01-01 0:00:00,1,5686.92,0,5686.92,4,DELIVERED,Card
O11482,C0139,P014,2023-01-08 0:00:00,5,7028.13,5,6676.72,2,Delivered,Wallet
O11483,C0383,P087,2023-07-02 0:00:00,3,4923.16,5,4677,5,Returned,Wallet
O11484,C0134,P068,2023-12-02 0:00:00,4,4353.72,5,4136.03,11,Cancelled,Card
O11485,C0327,P056,2025-10-27 0:00:00,1,3699.01,0,3699.01,10,Delivered,UPI
O11486,C0131,P005,2025-03-07 0:00:00,1,4387.66,5,4168.28,8,DELIVERED,Wallet
O11487,C0338,P081,2025-01-27 0:00:00,2,7384.6,0,7384.6,6,Cancelled,Card
O11488,C0145,P048,2023-07-16 0:00:00,1,1746.22,5,1658.91,10,delivered,UPI
O11489,C0339,P068,2024-09-25 0:00:00,5,9399.73,20,7519.78,11,Cancelled,UPI
O11490,C0342,P024,2023-06-25 0:00:00,4,1122.1,15,953.78,1,DELIVERED,Wallet
O11491,C0131,P096,2025-08-25 0:00:00,1,9913.86,5,9418.17,10,Cancelled,COD
O11492,C0035,P090,2023-03-31 0:00:00,5,5342.03,10,4807.83,3,DELIVERED,Card
O11493,C0215,P076,2025-05-12 0:00:00,1,4613.26,0,4613.26,12,Delivered,Card
O11494,C0335,P037,2024-04-05 0:00:00,5,8246.73,5,7834.39,12,DELIVERED,Wallet
O11495,C0492,P030,2024-09-30 0:00:00,1,7111.87,0,7111.87,12,Cancelled,Wallet
O11496,C0409,P021,2024-01-31 0:00:00,1,3165.26,5,3007,1,Returned,Wallet
O11497,C0229,P018,2026-03-02 0:00:00,1,6660.71,20,5328.57,4,Returned,Wallet
O11498,C0464,P084,2023-07-26 0:00:00,1,5798.1,15,4928.39,3,Delivered,Wallet
O11499,C0426,P077,2024-03-14 0:00:00,1,8651.97,10,7786.77,1,Delivered,Wallet
O11500,C0390,P017,2023-06-17 0:00:00,5,9518.34,10,8566.51,8,DELIVERED,Wallet
O11501,C0402,P061,2023-07-04 0:00:00,3,4185.24,10,3766.72,8,DELIVERED,Card
O11502,C0119,P007,2025-10-09 0:00:00,3,3369.4,15,2863.99,4,delivered,Wallet
O11503,C0222,P073,2025-03-09 0:00:00,2,9147.84,5,8690.45,6,Cancelled,UPI
O11504,C0057,P033,2023-12-04 0:00:00,3,9528.89,20,7623.11,7,Cancelled,Wallet
O11505,C0088,P093,2023-01-18 0:00:00,1,9065.3,5,8612.03,10,delivered,Card
O11506,C0315,P027,2025-04-08 0:00:00,1,650.5,20,520.4,9,Delivered,COD
O11507,C0283,P068,2023-07-13 0:00:00,4,3450.93,5,3278.38,3,Delivered,Wallet
O11508,C0374,P084,2023-12-25 0:00:00,3,8826.42,5,8385.1,12,Delivered,UPI
O11509,C0239,P015,2023-06-13 0:00:00,1,8819.98,5,8378.98,9,Cancelled,COD
O11510,C0273,P030,2024-04-07 0:00:00,5,5401.02,15,4590.87,10,Cancelled,Card
O11511,C0119,P079,2025-04-29 0:00:00,2,795.58,5,755.8,6,DELIVERED,COD
O11512,C0422,P043,2025-05-02 0:00:00,1,2150.89,15,1828.26,7,Delivered,Wallet
O11513,C0324,P010,2024-04-15 0:00:00,3,1202.35,20,961.88,2,DELIVERED,Wallet
O11514,C0415,P044,2025-01-23 0:00:00,5,5419.6,0,5419.6,9,delivered,Wallet
O11515,C0251,P044,2023-04-26 0:00:00,5,2674.49,0,2674.49,11,Delivered,Wallet
O11516,C0415,P069,2023-02-14 0:00:00,3,4382.01,0,4382.01,9,Delivered,Wallet
O11517,C0272,P096,2025-09-05 0:00:00,2,6429.25,5,6107.79,4,Delivered,Card
O11518,C0398,P077,2024-03-10 0:00:00,3,3340.78,20,2672.62,11,Cancelled,Wallet
O11519,C0157,P041,2025-09-06 0:00:00,3,2718.75,20,2175,7,DELIVERED,Card
O11520,C0324,P025,2024-03-08 0:00:00,4,7368.3,0,7368.3,11,Returned,Wallet
O11521,C0060,P042,2024-11-19 0:00:00,5,9813.25,0,9813.25,5,Returned,Card
O11522,C0402,P053,2024-08-30 0:00:00,1,1564.79,20,1251.83,12,Cancelled,Card
O11523,C0431,P029,2023-06-15 0:00:00,1,2250.04,5,2137.54,11,Delivered,Wallet
O11524,C0496,P015,2023-10-15 0:00:00,1,6642.58,20,5314.06,6,DELIVERED,Wallet
O11525,C0481,P100,2023-03-28 0:00:00,1,6132.51,0,6132.51,10,Delivered,UPI
O11526,C0038,P014,2023-11-02 0:00:00,5,1135.49,5,1078.72,4,Returned,UPI
O11527,C0372,P002,2023-01-28 0:00:00,3,4899.75,5,4654.76,8,delivered,UPI
O11528,C0343,P004,2025-01-13 0:00:00,5,3897.6,5,3702.72,6,delivered,UPI
O11529,C0186,P096,2023-02-18 0:00:00,2,2949.82,10,2654.84,6,delivered,COD
O11530,C0421,P005,2024-05-16 0:00:00,2,7473.31,0,7473.31,2,Cancelled,COD
O11531,C0152,P082,2024-10-29 0:00:00,1,5841.41,0,5841.41,1,Delivered,Card
O11532,C0285,P091,2024-07-11 0:00:00,4,9118.16,15,7750.44,8,DELIVERED,Card
O11533,C0187,P100,2026-03-08 0:00:00,4,7387.96,0,7387.96,3,DELIVERED,COD
O11534,C0328,P014,2024-07-04 0:00:00,3,1989.56,15,1691.13,11,Returned,Wallet
O11535,C0192,P063,2023-07-26 0:00:00,1,6785.58,5,6446.3,2,Returned,Card
O11536,C0359,P015,2025-03-04 0:00:00,5,1261.39,15,1072.18,8,Cancelled,UPI
O11537,C0040,P074,2023-12-31 0:00:00,1,862.37,15,733.01,6,Delivered,Wallet
O11538,C0224,P075,2023-11-18 0:00:00,1,3053.48,5,2900.81,10,Cancelled,UPI
O11539,C0453,P062,2025-01-24 0:00:00,4,4639.4,5,4407.43,2,delivered,Card
O11540,C0357,P002,2024-01-16 0:00:00,1,2409.63,10,2168.67,7,DELIVERED,Wallet
O11541,C0178,P064,2024-02-05 0:00:00,4,6254.54,15,5316.36,11,DELIVERED,Wallet
O11542,C0148,P099,2023-07-20 0:00:00,2,2721.23,0,2721.23,3,Returned,Wallet
O11543,C0017,P075,2024-03-29 0:00:00,3,2868.08,5,2724.68,5,Returned,COD
O11544,C0118,P025,2025-05-14 0:00:00,2,7985.99,10,7187.39,4,DELIVERED,Wallet
O11545,C0107,P001,2023-12-05 0:00:00,3,1353.16,0,1353.16,3,Cancelled,UPI
O11546,C0023,P100,2023-01-22 0:00:00,4,5354.77,15,4551.55,2,Returned,Wallet
O11547,C0297,P074,2026-04-08 0:00:00,2,6231.43,5,5919.86,3,Delivered,Wallet
O11548,C0232,P029,2023-12-30 0:00:00,2,7396.3,20,5917.04,8,delivered,Card
O11549,C0347,P028,2024-05-07 0:00:00,3,1615.04,5,1534.29,9,Delivered,Wallet
O11550,C0306,P093,2023-05-23 0:00:00,3,2674.44,0,2674.44,10,Delivered,Wallet
O11551,C0175,P071,2023-03-24 0:00:00,3,1111.01,15,944.36,5,Returned,Wallet
O11552,C0380,P079,2023-12-26 0:00:00,4,3348.86,0,3348.86,5,Cancelled,Card
O11553,C0315,P037,2023-09-16 0:00:00,1,3749.57,10,3374.61,2,Cancelled,UPI
O11554,C0301,P047,2025-08-10 0:00:00,2,1483.69,0,1483.69,10,Returned,COD
O11555,C0216,P058,2026-02-22 0:00:00,5,6329.24,0,6329.24,2,Delivered,Wallet
O11556,C0115,P097,2026-01-13 0:00:00,2,6274.48,15,5333.31,3,Delivered,Card
O11557,C0058,P051,2026-02-19 0:00:00,4,7679.34,15,6527.44,1,Returned,Wallet
O11558,C0195,P011,2024-03-27 0:00:00,4,9026.49,15,7672.52,6,Cancelled,Wallet
O11559,C0465,P037,2026-01-09 0:00:00,2,4411.02,20,3528.82,5,Cancelled,Wallet
O11560,C0043,P087,2023-11-05 0:00:00,2,1333.26,20,1066.61,2,Delivered,Wallet
O11561,C0359,P013,2023-10-01 0:00:00,5,9421.91,20,7537.53,11,Cancelled,UPI
O11562,C0149,P003,2024-12-18 0:00:00,2,3524.71,5,3348.47,9,Returned,Wallet
O11563,C0381,P051,2025-02-05 0:00:00,1,2924.88,0,2924.88,3,Delivered,Wallet
O11564,C0253,P078,2025-02-08 0:00:00,3,7811.65,5,7421.07,11,Delivered,Card
O11565,C0355,P072,2024-02-02 0:00:00,3,5174.74,5,4916,2,delivered,Wallet
O11566,C0211,P068,2025-05-15 0:00:00,3,1277.71,0,1277.71,12,Cancelled,Wallet
O11567,C0436,P045,2023-06-06 0:00:00,5,7400.38,0,7400.38,10,Cancelled,Wallet
O11568,C0498,P091,2023-12-10 0:00:00,1,8256.82,10,7431.14,1,delivered,Wallet
O11569,C0434,P100,2024-08-08 0:00:00,4,2101.31,15,1786.11,4,DELIVERED,Card
O11570,C0405,P016,2026-03-14 0:00:00,1,588.02,10,529.22,4,DELIVERED,UPI
O11571,C0117,P042,2026-01-30 0:00:00,4,3369.61,10,3032.65,4,DELIVERED,Card
O11572,C0462,P036,2024-10-03 0:00:00,3,4593.04,0,4593.04,9,Delivered,COD
O11573,C0337,P017,2024-11-02 0:00:00,2,5138.41,5,4881.49,2,Cancelled,Wallet
O11574,C0328,P038,2026-01-07 0:00:00,5,1299.13,0,1299.13,8,DELIVERED,Card
O11575,C0407,P090,2025-08-24 0:00:00,1,5349.32,5,5081.85,7,Delivered,UPI
O11576,C0322,P034,2024-03-21 0:00:00,4,5279.62,0,5279.62,6,delivered,UPI
O11577,C0149,P015,2024-12-12 0:00:00,5,8590.43,0,8590.43,7,Delivered,Wallet
O11578,C0325,P082,2025-08-07 0:00:00,5,3619.66,15,3076.71,6,Cancelled,Wallet
O11579,C0446,P043,2025-11-07 0:00:00,1,8411.07,5,7990.52,4,delivered,COD
O11580,C0401,P088,2025-04-16 0:00:00,2,1861.45,20,1489.16,7,Delivered,Wallet
O11581,C0480,P068,2025-06-21 0:00:00,3,8676.87,5,8243.03,6,delivered,Wallet
O11582,C0486,P055,2025-08-13 0:00:00,1,2329.55,5,2213.07,8,Returned,Card
O11583,C0481,P033,2023-05-29 0:00:00,4,7277.71,0,7277.71,6,delivered,Card
O11584,C0125,P068,2024-05-09 0:00:00,1,4674.72,10,4207.25,3,Cancelled,Card
O11585,C0113,P009,2024-09-26 0:00:00,4,5990.03,0,5990.03,8,DELIVERED,UPI
O11586,C0305,P043,2024-01-06 0:00:00,2,736.02,15,625.62,4,DELIVERED,Wallet
O11587,C0011,P027,2025-10-25 0:00:00,4,2314.79,5,2199.05,7,Delivered,Wallet
O11588,C0051,P011,2024-03-06 0:00:00,1,4737.14,15,4026.57,6,delivered,Card
O11589,C0191,P006,2023-09-02 0:00:00,4,9152.24,10,8237.02,11,DELIVERED,Wallet
O11590,C0021,P090,2026-03-07 0:00:00,2,9731.27,0,9731.27,9,Cancelled,Wallet
O11591,C0445,P064,2024-05-23 0:00:00,1,9870.73,0,9870.73,4,DELIVERED,Wallet
O11592,C0220,P029,2024-04-21 0:00:00,3,622.7,0,622.7,3,Delivered,UPI
O11593,C0287,P068,2023-03-29 0:00:00,1,6223.22,5,5912.06,12,Returned,Card
O11594,C0169,P004,2026-01-17 0:00:00,5,5374.36,5,5105.64,6,DELIVERED,Wallet
O11595,C0189,P098,2024-06-27 0:00:00,5,1367.38,15,1162.27,11,Cancelled,Card
O11596,C0407,P068,2024-01-07 0:00:00,4,1187.9,5,1128.51,7,Returned,UPI
O11597,C0369,P003,2023-01-08 0:00:00,5,1278.14,5,1214.23,4,delivered,Wallet
O11598,C0066,P094,2024-11-16 0:00:00,1,8249.74,10,7424.77,7,delivered,Wallet
O11599,C0384,P008,2024-06-04 0:00:00,3,3227.69,15,2743.54,3,Delivered,UPI
O11600,C0424,P005,2025-07-22 0:00:00,2,4309.16,20,3447.33,4,Cancelled,Wallet
O11601,C0123,P027,2026-03-05 0:00:00,3,917.87,20,734.3,12,DELIVERED,UPI
O11602,C0134,P027,2023-06-07 0:00:00,4,5588.26,20,4470.61,2,delivered,Card
O11603,C0309,P071,2023-09-23 0:00:00,2,8297.57,20,6638.06,2,Cancelled,COD
O11604,C0142,P085,2025-12-13 0:00:00,2,3830.02,5,3638.52,5,Cancelled,Card
O11605,C0241,P092,2023-07-18 0:00:00,5,6504.04,20,5203.23,8,DELIVERED,Wallet
O11606,C0268,P001,2024-04-20 0:00:00,3,1673.04,0,1673.04,2,DELIVERED,Wallet
O11607,C0143,P003,2026-03-24 0:00:00,4,7047.71,5,6695.32,3,delivered,Wallet
O11608,C0208,P011,2025-07-12 0:00:00,2,8553.16,5,8125.5,6,Delivered,Card
O11609,C0068,P097,2025-08-08 0:00:00,5,8402.36,20,6721.89,8,Cancelled,UPI
O11610,C0080,P098,2024-06-25 0:00:00,3,1254.79,5,1192.05,7,Returned,Wallet
O11611,C0183,P100,2025-08-29 0:00:00,5,1172.72,20,938.18,4,delivered,COD
O11612,C0260,P020,2024-10-15 0:00:00,4,6771.63,15,5755.89,1,Delivered,Card
O11613,C0201,P024,2025-05-21 0:00:00,2,5553.75,0,5553.75,10,delivered,Card
O11614,C0249,P060,2025-07-02 0:00:00,4,3836.11,5,3644.3,5,delivered,Card
O11615,C0180,P085,2023-11-03 0:00:00,4,2039.06,5,1937.11,11,Returned,Wallet
O11616,C0374,P044,2024-03-23 0:00:00,4,4531.54,0,4531.54,8,delivered,COD
O11617,C0148,P003,2025-07-12 0:00:00,3,8458.76,15,7189.95,3,Returned,Card
O11618,C0259,P070,2025-01-12 0:00:00,4,3657.58,20,2926.06,10,DELIVERED,UPI
O11619,C0203,P092,2024-02-21 0:00:00,3,7757.37,5,7369.5,1,delivered,Wallet
O11620,C0015,P036,2023-10-05 0:00:00,1,4176.48,15,3550.01,2,Returned,COD
O11621,C0103,P092,2023-11-03 0:00:00,3,8187.51,20,6550.01,8,Delivered,Wallet
O11622,C0273,P086,2023-03-10 0:00:00,2,7768.37,5,7379.95,9,delivered,COD
O11623,C0398,P022,2023-09-10 0:00:00,3,6358.55,20,5086.84,5,Returned,Card
O11624,C0205,P008,2024-08-02 0:00:00,2,7469.91,15,6349.42,7,DELIVERED,Wallet
O11625,C0138,P093,2024-04-07 0:00:00,5,2877.62,5,2733.74,9,DELIVERED,Wallet
O11626,C0058,P048,2024-07-24 0:00:00,5,8171.06,20,6536.85,12,Delivered,COD
O11627,C0398,P011,2024-03-26 0:00:00,5,5215.71,10,4694.14,5,DELIVERED,COD
O11628,C0445,P090,2024-10-06 0:00:00,2,870.14,10,783.13,4,Cancelled,Wallet
O11629,C0096,P046,2025-04-25 0:00:00,3,8251.59,5,7839.01,11,delivered,Wallet
O11630,C0339,P043,2025-03-15 0:00:00,3,5610.67,20,4488.54,3,Delivered,Wallet
O11631,C0419,P065,2023-04-12 0:00:00,1,539.53,10,485.58,9,Delivered,COD
O11632,C0102,P036,2023-06-14 0:00:00,3,9139.52,20,7311.62,10,Returned,Wallet
O11633,C0472,P035,2024-04-29 0:00:00,4,8501.47,15,7226.25,5,delivered,Wallet
O11634,C0450,P091,2024-08-09 0:00:00,1,4966.62,10,4469.96,5,Returned,Wallet
O11635,C0291,P072,2024-11-29 0:00:00,5,5115.1,15,4347.84,5,DELIVERED,Wallet
O11636,C0132,P038,2025-06-09 0:00:00,3,1043.55,15,887.02,2,DELIVERED,Wallet
O11637,C0281,P083,2024-12-08 0:00:00,3,6606.59,20,5285.27,5,Returned,UPI
O11638,C0113,P030,2025-04-06 0:00:00,1,4633.93,10,4170.54,5,Cancelled,Wallet
O11639,C0413,P011,2023-04-08 0:00:00,1,6873.24,20,5498.59,9,Cancelled,Wallet
O11640,C0449,P018,2024-09-11 0:00:00,1,682.82,20,546.26,9,Delivered,Wallet
O11641,C0180,P050,2025-03-24 0:00:00,5,3179.52,10,2861.57,3,delivered,Wallet
O11642,C0187,P029,2023-01-14 0:00:00,3,2139.57,5,2032.59,12,DELIVERED,UPI
O11643,C0167,P087,2024-09-10 0:00:00,2,2170.37,0,2170.37,3,Cancelled,Wallet
O11644,C0402,P015,2024-11-16 0:00:00,2,2069.49,0,2069.49,7,Returned,Wallet
O11645,C0103,P077,2024-11-26 0:00:00,2,3645.95,15,3099.06,4,Returned,Wallet
O11646,C0389,P059,2026-04-02 0:00:00,3,1716.98,5,1631.13,6,Cancelled,COD
O11647,C0500,P059,2023-04-20 0:00:00,5,2484.75,10,2236.28,12,Cancelled,Wallet
O11648,C0199,P091,2023-01-08 0:00:00,3,6655.08,10,5989.57,4,delivered,COD
O11649,C0017,P018,2024-10-14 0:00:00,2,811.02,0,811.02,11,Cancelled,Card
O11650,C0263,P053,2024-02-27 0:00:00,2,4105.24,0,4105.24,4,Cancelled,UPI
O11651,C0212,P061,2023-04-13 0:00:00,3,5084.76,15,4322.05,8,delivered,UPI
O11652,C0452,P086,2023-12-18 0:00:00,1,913.28,10,821.95,2,Cancelled,Wallet
O11653,C0074,P075,2024-04-02 0:00:00,4,7776.09,5,7387.29,8,Returned,Card
O11654,C0362,P009,2023-09-25 0:00:00,3,5755.43,15,4892.12,9,Returned,COD
O11655,C0458,P042,2025-06-04 0:00:00,5,9213.21,10,8291.89,1,delivered,COD
O11656,C0114,P072,2024-08-25 0:00:00,2,8225.56,15,6991.73,8,Delivered,UPI
O11657,C0076,P076,2024-07-14 0:00:00,1,8819.24,15,7496.35,5,Cancelled,COD
O11658,C0434,P030,2026-03-09 0:00:00,1,7522.72,15,6394.31,2,delivered,Wallet
O11659,C0487,P087,2025-01-10 0:00:00,4,2542.87,0,2542.87,9,Returned,Card
O11660,C0061,P021,2023-10-16 0:00:00,3,5986.74,20,4789.39,9,Returned,UPI
O11661,C0109,P027,2023-12-04 0:00:00,4,7492.62,20,5994.1,11,Returned,COD
O11662,C0359,P001,2025-09-06 0:00:00,1,5970.32,10,5373.29,1,Returned,COD
O11663,C0371,P063,2025-01-09 0:00:00,1,5471.88,0,5471.88,8,Delivered,COD
O11664,C0267,P028,2023-08-28 0:00:00,1,1529.84,0,1529.84,8,delivered,Wallet
O11665,C0210,P070,2025-09-13 0:00:00,5,2103.56,5,1998.38,7,delivered,Wallet
O11666,C0263,P056,2026-01-23 0:00:00,2,4391.93,0,4391.93,8,Delivered,Wallet
O11667,C0333,P028,2023-04-24 0:00:00,5,9800.56,20,7840.45,3,Delivered,COD
O11668,C0038,P095,2023-11-25 0:00:00,2,1988.96,20,1591.17,5,DELIVERED,Wallet
O11669,C0222,P054,2023-05-18 0:00:00,2,4867.68,15,4137.53,3,Returned,COD
O11670,C0417,P069,2025-10-06 0:00:00,1,7605.13,15,6464.36,1,delivered,Wallet
O11671,C0125,P047,2023-11-14 0:00:00,1,1415.74,0,1415.74,2,Cancelled,UPI
O11672,C0094,P037,2023-01-15 0:00:00,1,9787.89,15,8319.71,4,Returned,Wallet
O11673,C0174,P040,2025-12-29 0:00:00,1,4480.03,20,3584.02,8,Delivered,UPI
O11674,C0085,P053,2023-01-31 0:00:00,2,6290.54,10,5661.49,8,Returned,Wallet
O11675,C0093,P027,2025-11-17 0:00:00,4,1028.51,15,874.23,3,Returned,Wallet
O11676,C0074,P093,2023-03-25 0:00:00,1,5675.99,20,4540.79,6,Returned,Wallet
O11677,C0448,P083,2023-04-04 0:00:00,1,7618.05,10,6856.24,1,Delivered,Wallet
O11678,C0094,P082,2025-05-07 0:00:00,4,7860.9,0,7860.9,2,Cancelled,Wallet
O11679,C0269,P089,2024-01-27 0:00:00,1,8905.27,20,7124.22,3,Delivered,UPI
O11680,C0321,P084,2023-06-01 0:00:00,2,1434.21,5,1362.5,9,Delivered,Card
O11681,C0033,P043,2025-10-14 0:00:00,3,9903.04,10,8912.74,4,Cancelled,UPI
O11682,C0317,P024,2026-02-03 0:00:00,4,2649.55,0,2649.55,11,Cancelled,Card
O11683,C0452,P012,2025-02-24 0:00:00,5,1170.06,0,1170.06,4,delivered,UPI
O11684,C0021,P095,2024-05-17 0:00:00,5,5661.41,0,5661.41,4,Cancelled,COD
O11685,C0100,P036,2024-06-18 0:00:00,3,5841.51,20,4673.21,10,Delivered,Wallet
O11686,C0357,P091,2025-12-29 0:00:00,5,5612.15,20,4489.72,2,Returned,Card
O11687,C0297,P089,2025-11-08 0:00:00,1,9512.06,5,9036.46,2,delivered,Wallet
O11688,C0460,P034,2023-01-11 0:00:00,2,889,10,800.1,10,Delivered,Card
O11689,C0113,P032,2026-03-02 0:00:00,2,4627.42,15,3933.31,4,Cancelled,Wallet
O11690,C0210,P012,2024-11-23 0:00:00,1,7804.2,10,7023.78,9,Cancelled,COD
O11691,C0170,P063,2025-09-04 0:00:00,2,6674.45,5,6340.73,2,DELIVERED,UPI
O11692,C0289,P089,2026-03-12 0:00:00,1,2934.37,10,2640.93,7,delivered,UPI
O11693,C0061,P022,2025-06-18 0:00:00,4,7742.36,0,7742.36,3,DELIVERED,UPI
O11694,C0432,P038,2025-11-01 0:00:00,5,7710.29,5,7324.78,5,Cancelled,Card
O11695,C0022,P083,2023-07-08 0:00:00,4,2257.37,5,2144.5,11,DELIVERED,COD
O11696,C0389,P063,2025-05-17 0:00:00,5,841.85,0,841.85,4,Delivered,Card
O11697,C0225,P063,2023-09-19 0:00:00,1,7482.2,20,5985.76,7,Delivered,Wallet
O11698,C0465,P062,2023-07-19 0:00:00,1,6392.68,10,5753.41,11,Cancelled,Wallet
O11699,C0390,P050,2023-04-10 0:00:00,2,7187.14,15,6109.07,4,Returned,COD
O11700,C0003,P051,2025-08-25 0:00:00,2,6315.81,10,5684.23,4,Returned,COD
O11701,C0247,P010,2026-03-28 0:00:00,4,9666.04,5,9182.74,7,Returned,Wallet
O11702,C0124,P095,2026-03-22 0:00:00,3,4246.96,15,3609.92,4,delivered,Wallet
O11703,C0101,P094,2025-09-05 0:00:00,2,5466.1,0,5466.1,9,Returned,Wallet
O11704,C0366,P094,2025-01-22 0:00:00,3,2279.49,10,2051.54,11,DELIVERED,COD
O11705,C0040,P050,2025-03-03 0:00:00,2,7173.32,5,6814.65,7,delivered,Wallet
O11706,C0248,P089,2024-07-05 0:00:00,4,2247,5,2134.65,2,DELIVERED,UPI
O11707,C0345,P056,2025-08-06 0:00:00,5,3024.84,0,3024.84,12,delivered,Card
O11708,C0228,P072,2023-10-25 0:00:00,3,3224.44,0,3224.44,4,Cancelled,COD
O11709,C0252,P075,2025-09-21 0:00:00,3,8837.78,10,7954,3,Delivered,Card
O11710,C0465,P030,2023-08-17 0:00:00,2,788.06,5,748.66,4,Delivered,Card
O11711,C0301,P010,2024-03-20 0:00:00,2,4796.1,5,4556.3,2,DELIVERED,Card
O11712,C0368,P062,2024-03-21 0:00:00,1,4588.06,20,3670.45,2,delivered,Wallet
O11713,C0052,P010,2026-02-03 0:00:00,5,5562.24,5,5284.13,1,DELIVERED,Card
O11714,C0121,P065,2023-10-07 0:00:00,5,4807.55,15,4086.42,11,DELIVERED,Card
O11715,C0218,P001,2023-07-20 0:00:00,1,4965.48,15,4220.66,12,delivered,Card
O11716,C0321,P036,2023-01-29 0:00:00,4,7385.42,10,6646.88,2,Cancelled,UPI
O11717,C0211,P061,2023-02-10 0:00:00,3,4100.33,20,3280.26,4,DELIVERED,Card
O11718,C0010,P043,2023-08-23 0:00:00,4,7285.52,0,7285.52,12,DELIVERED,UPI
O11719,C0075,P068,2023-12-14 0:00:00,2,2980.05,0,2980.05,12,DELIVERED,COD
O11720,C0421,P053,2023-07-11 0:00:00,1,3452.12,20,2761.7,12,DELIVERED,Card
O11721,C0099,P030,2023-07-21 0:00:00,2,7369.31,20,5895.45,2,Cancelled,Card
O11722,C0289,P008,2023-11-05 0:00:00,3,2413.76,20,1931.01,2,delivered,Card
O11723,C0224,P003,2023-05-07 0:00:00,2,2302.34,10,2072.11,11,Cancelled,UPI
O11724,C0263,P054,2024-06-16 0:00:00,2,514.92,0,514.92,4,Returned,Wallet
O11725,C0068,P083,2025-12-12 0:00:00,5,7800.95,15,6630.81,5,Returned,Wallet
O11726,C0484,P014,2026-01-17 0:00:00,1,5250.15,15,4462.63,10,Returned,COD
O11727,C0373,P047,2025-02-25 0:00:00,3,2206.83,15,1875.81,11,DELIVERED,Card
O11728,C0194,P062,2024-11-11 0:00:00,5,1487.06,5,1412.71,9,Delivered,COD
O11729,C0367,P073,2023-04-25 0:00:00,4,2178.24,15,1851.5,9,DELIVERED,COD
O11730,C0288,P072,2024-05-30 0:00:00,2,1945.07,0,1945.07,7,Returned,UPI
O11731,C0237,P090,2023-08-11 0:00:00,5,7165.54,0,7165.54,2,Returned,UPI
O11732,C0467,P055,2024-06-19 0:00:00,2,8777.92,10,7900.13,2,DELIVERED,COD
O11733,C0329,P084,2023-05-28 0:00:00,4,8646.72,5,8214.38,11,Cancelled,UPI
O11734,C0008,P023,2025-01-30 0:00:00,2,8511.11,5,8085.55,2,Delivered,UPI
O11735,C0469,P062,2023-06-16 0:00:00,4,7892.48,10,7103.23,8,delivered,COD
O11736,C0167,P041,2024-11-27 0:00:00,5,8147.29,0,8147.29,9,DELIVERED,COD
O11737,C0023,P085,2025-10-04 0:00:00,5,3935.24,10,3541.72,2,DELIVERED,COD
O11738,C0491,P065,2024-02-08 0:00:00,2,5607.5,15,4766.38,10,Cancelled,Wallet
O11739,C0011,P078,2024-04-08 0:00:00,2,1976.62,20,1581.3,1,Cancelled,Card
O11740,C0339,P030,2025-08-31 0:00:00,5,6824.93,0,6824.93,9,Delivered,Card
O11741,C0351,P030,2023-12-09 0:00:00,2,5140.67,0,5140.67,12,delivered,COD
O11742,C0018,P003,2025-12-25 0:00:00,2,6492.99,0,6492.99,2,Returned,UPI
O11743,C0081,P026,2023-02-19 0:00:00,3,6810.8,10,6129.72,12,Returned,Wallet
O11744,C0192,P074,2024-07-23 0:00:00,1,4163.61,5,3955.43,3,Cancelled,Card
O11745,C0013,P022,2023-10-17 0:00:00,1,3251.11,0,3251.11,8,Returned,COD
O11746,C0171,P043,2023-02-24 0:00:00,4,9678.11,5,9194.2,7,delivered,Wallet
O11747,C0333,P100,2025-04-16 0:00:00,4,8110.91,0,8110.91,12,Returned,COD
O11748,C0415,P067,2023-08-14 0:00:00,5,1087.92,10,979.13,12,Cancelled,Card
O11749,C0178,P011,2025-11-06 0:00:00,5,4272.79,10,3845.51,6,Returned,UPI
O11750,C0395,P071,2023-11-16 0:00:00,3,6937.42,0,6937.42,3,Returned,UPI
O11751,C0029,P097,2024-10-03 0:00:00,1,6453.32,0,6453.32,4,DELIVERED,COD
O11752,C0299,P072,2023-06-25 0:00:00,3,8823.82,0,8823.82,4,Cancelled,UPI
O11753,C0099,P078,2025-07-23 0:00:00,3,8120.14,10,7308.13,12,DELIVERED,Card
O11754,C0066,P057,2023-04-25 0:00:00,3,3834.3,20,3067.44,3,Cancelled,Card
O11755,C0431,P097,2023-11-16 0:00:00,3,2378.91,5,2259.96,11,delivered,Card
O11756,C0406,P095,2025-08-04 0:00:00,1,8257.78,20,6606.22,9,Cancelled,Wallet
O11757,C0159,P075,2023-08-04 0:00:00,2,9977.81,10,8980.03,12,Cancelled,Wallet
O11758,C0055,P036,2024-12-30 0:00:00,2,1797.57,0,1797.57,12,Returned,Wallet
O11759,C0014,P079,2025-06-10 0:00:00,2,3179.37,10,2861.43,5,Delivered,Wallet
O11760,C0321,P055,2024-07-30 0:00:00,5,4133.84,15,3513.76,6,delivered,COD
O11761,C0185,P012,2023-01-23 0:00:00,4,5812.87,0,5812.87,3,DELIVERED,Card
O11762,C0211,P098,2026-02-14 0:00:00,3,7948.39,15,6756.13,6,Cancelled,UPI
O11763,C0289,P072,2025-04-17 0:00:00,1,7724.98,5,7338.73,10,Delivered,Card
O11764,C0415,P004,2024-06-17 0:00:00,2,7640.38,0,7640.38,12,Delivered,COD
O11765,C0483,P053,2024-02-06 0:00:00,3,9226.78,15,7842.76,4,delivered,COD
O11766,C0136,P067,2023-10-30 0:00:00,2,634.47,15,539.3,2,Delivered,UPI
O11767,C0409,P065,2024-10-06 0:00:00,4,6632.4,10,5969.16,3,Cancelled,Wallet
O11768,C0338,P029,2024-08-03 0:00:00,4,7197.29,20,5757.83,2,Delivered,Wallet
O11769,C0471,P083,2025-09-07 0:00:00,3,2236.02,0,2236.02,6,Delivered,Wallet
O11770,C0380,P095,2024-05-27 0:00:00,2,6509.52,20,5207.62,12,DELIVERED,Card
O11771,C0488,P049,2025-11-20 0:00:00,5,1771.55,20,1417.24,10,delivered,UPI
O11772,C0446,P071,2023-09-05 0:00:00,4,3126.22,5,2969.91,12,Delivered,UPI
O11773,C0076,P024,2024-11-29 0:00:00,3,6401,5,6080.95,1,Delivered,Wallet
O11774,C0054,P069,2025-02-01 0:00:00,5,7047.19,20,5637.75,6,Delivered,Wallet
O11775,C0079,P047,2024-11-01 0:00:00,4,8288.46,5,7874.04,11,DELIVERED,Card
O11776,C0452,P044,2024-01-05 0:00:00,5,6956.18,10,6260.56,1,Returned,Wallet
O11777,C0370,P050,2026-02-05 0:00:00,2,7825.05,0,7825.05,5,delivered,UPI
O11778,C0010,P076,2024-05-20 0:00:00,2,3184.85,5,3025.61,3,Delivered,Wallet
O11779,C0066,P019,2025-10-14 0:00:00,2,5628.15,20,4502.52,11,Returned,Wallet
O11780,C0019,P006,2024-05-24 0:00:00,5,1688.84,20,1351.07,11,Delivered,Wallet
O11781,C0459,P047,2024-08-05 0:00:00,1,574.92,5,546.17,11,delivered,UPI
O11782,C0132,P062,2023-10-31 0:00:00,3,4119.39,15,3501.48,11,Returned,COD
O11783,C0089,P049,2024-08-07 0:00:00,2,6406.32,20,5125.06,5,Delivered,UPI
O11784,C0042,P058,2024-09-07 0:00:00,5,5452.57,15,4634.68,10,delivered,UPI
O11785,C0464,P051,2024-02-12 0:00:00,4,3970.01,10,3573.01,4,Returned,UPI
O11786,C0113,P090,2023-04-24 0:00:00,2,9458.07,0,9458.07,2,Returned,Wallet
O11787,C0213,P030,2024-09-06 0:00:00,4,4215.83,5,4005.04,1,Cancelled,UPI
O11788,C0081,P064,2025-09-02 0:00:00,1,6806.53,5,6466.2,6,Cancelled,COD
O11789,C0292,P008,2025-06-21 0:00:00,2,8088.7,10,7279.83,4,Delivered,Card
O11790,C0123,P094,2024-04-15 0:00:00,2,6222.56,15,5289.18,12,DELIVERED,Wallet
O11791,C0275,P039,2024-06-15 0:00:00,2,6941.53,0,6941.53,1,Delivered,Wallet
O11792,C0286,P054,2026-02-08 0:00:00,5,3422.49,5,3251.37,1,delivered,Wallet
O11793,C0310,P079,2023-02-15 0:00:00,3,5720.85,10,5148.77,11,Cancelled,COD
O11794,C0171,P072,2023-12-06 0:00:00,1,916.87,10,825.18,10,Returned,Wallet
O11795,C0089,P046,2026-03-11 0:00:00,4,4637.49,0,4637.49,7,Returned,Card
O11796,C0215,P053,2024-03-17 0:00:00,3,7527.46,20,6021.97,7,Cancelled,Card
O11797,C0337,P086,2025-10-21 0:00:00,3,2699.91,20,2159.93,6,Delivered,Card
O11798,C0431,P062,2025-11-13 0:00:00,4,4429.47,10,3986.52,1,delivered,COD
O11799,C0144,P096,2025-12-12 0:00:00,2,2912.8,5,2767.16,4,delivered,UPI
O11800,C0287,P097,2024-08-09 0:00:00,2,4703.06,5,4467.91,12,DELIVERED,COD
O11801,C0096,P008,2023-09-17 0:00:00,2,9855.49,5,9362.72,5,Returned,Card
O11802,C0460,P082,2024-09-16 0:00:00,5,1261.46,0,1261.46,9,delivered,Wallet
O11803,C0098,P019,2023-06-13 0:00:00,2,2166.56,0,2166.56,12,delivered,UPI
O11804,C0498,P098,2025-08-15 0:00:00,5,9477.27,0,9477.27,11,DELIVERED,Card
O11805,C0277,P037,2025-09-08 0:00:00,4,5816.57,15,4944.08,9,Returned,UPI
O11806,C0180,P078,2024-05-29 0:00:00,3,9309.61,20,7447.69,9,delivered,UPI
O11807,C0019,P066,2023-11-18 0:00:00,4,7137.56,5,6780.68,11,Delivered,Card
O11808,C0412,P094,2023-11-29 0:00:00,3,6286.43,5,5972.11,10,delivered,UPI
O11809,C0360,P078,2024-11-29 0:00:00,1,4866.9,20,3893.52,7,Cancelled,UPI
O11810,C0493,P022,2025-10-11 0:00:00,4,7257.13,20,5805.7,4,delivered,Wallet
O11811,C0289,P061,2024-07-14 0:00:00,5,9310.12,15,7913.6,12,Delivered,Card
O11812,C0323,P064,2025-10-09 0:00:00,5,6694.63,15,5690.44,2,Delivered,Wallet
O11813,C0019,P037,2025-11-10 0:00:00,4,3597.47,0,3597.47,11,DELIVERED,Wallet
O11814,C0317,P040,2024-07-20 0:00:00,3,3986.05,5,3786.75,3,delivered,COD
O11815,C0327,P089,2025-10-16 0:00:00,3,745.09,15,633.33,2,DELIVERED,Wallet
O11816,C0198,P004,2025-10-01 0:00:00,5,9625.03,20,7700.02,10,Cancelled,UPI
O11817,C0058,P050,2024-05-17 0:00:00,3,8341.99,10,7507.79,1,Returned,COD
O11818,C0392,P038,2025-07-30 0:00:00,4,2866.84,20,2293.47,9,Delivered,Wallet
O11819,C0342,P028,2025-07-03 0:00:00,1,3078.56,10,2770.7,3,Returned,Card
O11820,C0412,P027,2025-01-13 0:00:00,5,3946.68,5,3749.35,7,delivered,Card
O11821,C0296,P028,2023-08-30 0:00:00,3,4626.32,10,4163.69,10,Cancelled,Card
O11822,C0038,P029,2024-09-10 0:00:00,1,6133.06,0,6133.06,12,Cancelled,Wallet
O11823,C0187,P044,2024-07-15 0:00:00,1,987.83,5,938.44,2,delivered,Wallet
O11824,C0035,P044,2023-06-27 0:00:00,1,1997.04,15,1697.48,11,Returned,UPI
O11825,C0119,P033,2025-07-28 0:00:00,5,2809.7,0,2809.7,5,DELIVERED,Wallet
O11826,C0261,P012,2023-12-31 0:00:00,3,6389.41,5,6069.94,4,Returned,Wallet
O11827,C0001,P075,2023-11-15 0:00:00,4,9637.46,10,8673.71,9,DELIVERED,Wallet
O11828,C0394,P074,2026-02-17 0:00:00,5,5405.68,10,4865.11,5,Returned,COD
O11829,C0031,P085,2024-01-10 0:00:00,4,9576.65,5,9097.82,9,DELIVERED,COD
O11830,C0047,P078,2025-09-17 0:00:00,3,3075.09,20,2460.07,10,Cancelled,COD
O11831,C0389,P061,2024-06-02 0:00:00,3,8084.37,10,7275.93,8,delivered,UPI
O11832,C0190,P074,2024-08-18 0:00:00,3,5908.08,0,5908.08,10,DELIVERED,COD
O11833,C0187,P088,2024-12-13 0:00:00,3,8290.42,0,8290.42,6,Delivered,Wallet
O11834,C0276,P098,2023-10-09 0:00:00,4,9013.64,0,9013.64,2,delivered,UPI
O11835,C0378,P047,2023-10-13 0:00:00,2,6862.79,0,6862.79,2,Cancelled,Wallet
O11836,C0065,P049,2025-12-22 0:00:00,5,8230.16,15,6995.64,3,DELIVERED,COD
O11837,C0117,P035,2025-11-09 0:00:00,1,9028.36,15,7674.11,3,Returned,UPI
O11838,C0480,P077,2026-02-17 0:00:00,2,4131.69,5,3925.11,2,Returned,Card
O11839,C0495,P042,2024-03-09 0:00:00,3,9358.07,15,7954.36,7,Returned,Wallet
O11840,C0415,P080,2024-10-05 0:00:00,2,8675.55,10,7807.99,11,DELIVERED,Wallet
O11841,C0011,P052,2024-07-18 0:00:00,4,5006.43,15,4255.47,10,Cancelled,Card
O11842,C0042,P097,2024-03-24 0:00:00,3,6774.34,5,6435.62,12,Delivered,COD
O11843,C0388,P001,2025-07-13 0:00:00,3,768.48,20,614.78,4,DELIVERED,UPI
O11844,C0149,P019,2025-05-29 0:00:00,3,7057.74,0,7057.74,9,Delivered,COD
O11845,C0437,P060,2025-01-02 0:00:00,1,5547.91,20,4438.33,11,delivered,Card
O11846,C0207,P039,2024-05-12 0:00:00,4,3778.69,20,3022.95,12,delivered,Card
O11847,C0422,P075,2024-03-05 0:00:00,3,8041.86,0,8041.86,8,Cancelled,Card
O11848,C0031,P067,2023-04-21 0:00:00,3,7794.02,10,7014.62,5,Cancelled,Card
O11849,C0096,P052,2025-06-05 0:00:00,5,8283.99,20,6627.19,9,DELIVERED,Wallet
O11850,C0323,P073,2024-09-21 0:00:00,2,1248.93,5,1186.48,10,DELIVERED,COD
O11851,C0410,P001,2023-10-03 0:00:00,1,5013.26,20,4010.61,10,Returned,Wallet
O11852,C0390,P017,2023-07-18 0:00:00,3,6265.87,15,5325.99,2,DELIVERED,Card
O11853,C0440,P028,2023-04-03 0:00:00,1,549.42,5,521.95,12,Cancelled,Wallet
O11854,C0260,P014,2023-09-29 0:00:00,5,4417.52,5,4196.64,4,Cancelled,Wallet
O11855,C0267,P067,2023-12-19 0:00:00,3,5599.54,5,5319.56,11,DELIVERED,UPI
O11856,C0294,P065,2025-07-12 0:00:00,3,9173.48,0,9173.48,10,Returned,UPI
O11857,C0254,P096,2024-05-17 0:00:00,3,3941.46,10,3547.31,4,Returned,UPI
O11858,C0084,P064,2025-02-21 0:00:00,4,5150.5,10,4635.45,5,Returned,COD
O11859,C0050,P020,2024-08-19 0:00:00,3,9772.66,10,8795.39,12,DELIVERED,Wallet
O11860,C0080,P015,2025-03-12 0:00:00,3,5285.64,20,4228.51,9,Delivered,Card
O11861,C0426,P040,2023-11-01 0:00:00,3,9371.03,5,8902.48,7,DELIVERED,Wallet
O11862,C0244,P034,2026-01-06 0:00:00,1,3664.18,10,3297.76,10,Delivered,Wallet
O11863,C0314,P010,2025-10-22 0:00:00,4,4684.81,0,4684.81,7,DELIVERED,Card
O11864,C0388,P023,2026-03-11 0:00:00,3,8268.48,0,8268.48,11,Cancelled,Wallet
O11865,C0429,P094,2025-12-08 0:00:00,4,4719.19,5,4483.23,9,DELIVERED,COD
O11866,C0237,P060,2023-10-25 0:00:00,2,8496.78,15,7222.26,3,Returned,Wallet
O11867,C0109,P019,2023-11-28 0:00:00,3,9579.45,0,9579.45,10,delivered,COD
O11868,C0404,P028,2023-10-23 0:00:00,5,7627.72,15,6483.56,2,delivered,COD
O11869,C0351,P029,2023-10-19 0:00:00,1,1533.92,20,1227.14,9,DELIVERED,COD
O11870,C0271,P040,2023-03-06 0:00:00,2,6545.11,10,5890.6,3,Returned,Wallet
O11871,C0152,P055,2024-12-03 0:00:00,4,4571.57,10,4114.41,10,Returned,COD
O11872,C0269,P094,2024-11-20 0:00:00,5,7588.27,0,7588.27,10,Returned,Wallet
O11873,C0500,P013,2025-12-20 0:00:00,4,8199.88,5,7789.89,2,DELIVERED,COD
O11874,C0167,P041,2023-03-14 0:00:00,5,7071.18,5,6717.62,7,Returned,UPI
O11875,C0054,P051,2025-06-25 0:00:00,3,2870.41,0,2870.41,12,delivered,COD
O11876,C0038,P091,2025-12-07 0:00:00,1,9190.55,5,8731.02,4,delivered,Wallet
O11877,C0107,P068,2025-10-19 0:00:00,3,9099.59,10,8189.63,3,Delivered,Wallet
O11878,C0346,P099,2024-06-28 0:00:00,1,2535.33,15,2155.03,3,Returned,COD
O11879,C0196,P047,2023-01-06 0:00:00,4,7063.21,20,5650.57,11,Delivered,Wallet
O11880,C0188,P022,2025-01-11 0:00:00,5,3754.52,10,3379.07,5,DELIVERED,Card
O11881,C0109,P059,2025-01-17 0:00:00,4,2174.69,5,2065.96,10,Delivered,COD
O11882,C0327,P085,2025-10-02 0:00:00,1,8639.3,10,7775.37,11,delivered,COD
O11883,C0122,P029,2025-11-24 0:00:00,3,2144.28,0,2144.28,5,Returned,Card
O11884,C0062,P075,2024-02-17 0:00:00,4,3511.26,15,2984.57,4,Returned,Wallet
O11885,C0028,P082,2024-06-24 0:00:00,2,7600.01,0,7600.01,12,Delivered,Card
O11886,C0146,P096,2026-03-24 0:00:00,1,3725.02,15,3166.27,9,Returned,Card
O11887,C0304,P034,2023-12-30 0:00:00,1,3435.78,10,3092.2,3,delivered,Wallet
O11888,C0207,P022,2025-04-27 0:00:00,4,7858.25,0,7858.25,9,DELIVERED,UPI
O11889,C0210,P043,2024-10-03 0:00:00,3,6715.56,20,5372.45,3,Delivered,Wallet
O11890,C0074,P062,2023-08-21 0:00:00,2,9854.72,10,8869.25,9,Returned,COD
O11891,C0075,P058,2023-11-06 0:00:00,4,6473.82,0,6473.82,11,Returned,Wallet
O11892,C0344,P009,2025-06-08 0:00:00,3,6698.28,0,6698.28,3,Delivered,UPI
O11893,C0302,P088,2025-12-10 0:00:00,4,669.87,15,569.39,9,Returned,COD
O11894,C0407,P036,2023-11-15 0:00:00,1,7572.02,15,6436.22,11,delivered,UPI
O11895,C0166,P077,2025-09-30 0:00:00,5,8935.64,5,8488.86,1,Delivered,Wallet
O11896,C0095,P100,2024-08-26 0:00:00,5,1239.52,5,1177.54,7,DELIVERED,Card
O11897,C0333,P043,2023-03-02 0:00:00,4,8566.43,15,7281.47,7,Returned,Wallet
O11898,C0108,P076,2024-02-02 0:00:00,2,5436.42,0,5436.42,12,DELIVERED,COD
O11899,C0296,P080,2023-11-06 0:00:00,4,7332.19,5,6965.58,12,delivered,Card
O11900,C0045,P005,2024-05-10 0:00:00,3,2391.31,10,2152.18,7,delivered,Card
O11901,C0105,P052,2025-12-23 0:00:00,3,4392.36,10,3953.12,12,DELIVERED,Card
O11902,C0336,P010,2023-09-16 0:00:00,4,9361.93,15,7957.64,7,Returned,COD
O11903,C0240,P094,2025-09-16 0:00:00,3,1588.92,10,1430.03,2,DELIVERED,Wallet
O11904,C0191,P081,2025-05-23 0:00:00,3,1853.61,10,1668.25,7,Delivered,Wallet
O11905,C0113,P025,2025-05-26 0:00:00,2,1973.88,20,1579.1,8,Cancelled,Card
O11906,C0412,P023,2024-09-11 0:00:00,2,2294.63,0,2294.63,12,Cancelled,Card
O11907,C0001,P008,2025-08-23 0:00:00,4,1627.39,20,1301.91,2,Delivered,Wallet
O11908,C0191,P096,2024-04-15 0:00:00,5,1343.63,0,1343.63,10,Cancelled,Wallet
O11909,C0372,P069,2025-09-22 0:00:00,4,7754.2,0,7754.2,9,Cancelled,Wallet
O11910,C0365,P043,2025-05-25 0:00:00,5,5080.44,15,4318.37,1,Cancelled,COD
O11911,C0149,P044,2023-01-07 0:00:00,2,6565.9,10,5909.31,8,delivered,Wallet
O11912,C0104,P072,2024-06-19 0:00:00,2,7243.41,5,6881.24,5,DELIVERED,Wallet
O11913,C0333,P008,2024-05-12 0:00:00,1,1403.37,15,1192.86,8,Returned,COD
O11914,C0467,P082,2024-09-28 0:00:00,3,9037.38,20,7229.9,3,Returned,Card
O11915,C0488,P069,2023-11-26 0:00:00,2,8196.8,15,6967.28,1,Delivered,UPI
O11916,C0061,P039,2025-02-22 0:00:00,2,4689.34,20,3751.47,5,delivered,Wallet
O11917,C0156,P026,2023-02-10 0:00:00,4,921.86,20,737.49,11,Cancelled,Wallet
O11918,C0033,P061,2023-02-12 0:00:00,2,5333.48,0,5333.48,9,delivered,UPI
O11919,C0486,P012,2025-05-22 0:00:00,3,9710.77,0,9710.77,10,Returned,Wallet
O11920,C0380,P030,2023-09-14 0:00:00,4,9560.51,20,7648.41,2,DELIVERED,Wallet
O11921,C0403,P018,2024-05-06 0:00:00,2,8059.45,5,7656.48,10,Cancelled,UPI
O11922,C0493,P038,2023-11-30 0:00:00,1,4236.69,5,4024.86,12,DELIVERED,Wallet
O11923,C0249,P030,2023-10-01 0:00:00,2,8010.76,20,6408.61,1,Delivered,Wallet
O11924,C0042,P033,2025-12-23 0:00:00,5,5837.68,0,5837.68,8,Returned,COD
O11925,C0139,P091,2023-03-03 0:00:00,4,4516.82,15,3839.3,3,DELIVERED,Wallet
O11926,C0158,P021,2024-02-27 0:00:00,5,4935.62,0,4935.62,8,Delivered,Wallet
O11927,C0291,P049,2023-01-28 0:00:00,3,2945.01,15,2503.26,12,Returned,Wallet
O11928,C0039,P040,2023-12-03 0:00:00,5,3747.3,10,3372.57,3,Cancelled,Wallet
O11929,C0022,P094,2025-09-08 0:00:00,3,1660.87,5,1577.83,1,Delivered,UPI
O11930,C0042,P064,2024-04-16 0:00:00,5,6514.32,5,6188.6,5,Cancelled,Card
O11931,C0414,P096,2023-10-18 0:00:00,5,8543.5,10,7689.15,12,DELIVERED,Card
O11932,C0245,P045,2025-10-17 0:00:00,5,892.89,10,803.6,1,Delivered,Wallet
O11933,C0363,P058,2023-03-14 0:00:00,4,7233.72,15,6148.66,7,DELIVERED,Card
O11934,C0405,P090,2025-05-23 0:00:00,5,6470.94,5,6147.39,5,Cancelled,Wallet
O11935,C0257,P075,2024-10-11 0:00:00,3,5319.13,15,4521.26,5,DELIVERED,COD
O11936,C0371,P043,2024-04-02 0:00:00,3,9052.71,15,7694.8,3,Delivered,COD
O11937,C0230,P072,2026-02-17 0:00:00,1,7009.75,0,7009.75,5,Cancelled,COD
O11938,C0321,P027,2025-09-05 0:00:00,5,3923.1,15,3334.63,3,Returned,UPI
O11939,C0264,P036,2023-04-19 0:00:00,1,3227.33,0,3227.33,2,Cancelled,Card
O11940,C0286,P094,2025-05-13 0:00:00,3,7916.61,0,7916.61,8,Returned,Wallet
O11941,C0179,P029,2024-12-14 0:00:00,5,7338.1,15,6237.39,10,DELIVERED,COD
O11942,C0101,P078,2024-02-06 0:00:00,4,697.19,10,627.47,4,Delivered,Wallet
O11943,C0439,P097,2024-04-29 0:00:00,2,4465.6,15,3795.76,9,Cancelled,Wallet
O11944,C0207,P088,2026-02-03 0:00:00,2,6352.5,10,5717.25,4,delivered,COD
O11945,C0229,P029,2023-03-10 0:00:00,4,6825.76,20,5460.61,3,Returned,Card
O11946,C0208,P063,2023-05-11 0:00:00,1,9203.97,0,9203.97,10,DELIVERED,COD
O11947,C0437,P014,2024-07-20 0:00:00,2,4715.31,5,4479.54,7,Delivered,UPI
O11948,C0108,P037,2024-10-27 0:00:00,2,2833.04,5,2691.39,12,delivered,Wallet
O11949,C0451,P088,2024-05-17 0:00:00,1,8703.66,15,7398.11,5,delivered,Wallet
O11950,C0008,P087,2023-11-19 0:00:00,3,2742.97,5,2605.82,10,Returned,Wallet
O11951,C0116,P077,2024-04-15 0:00:00,3,6918.38,10,6226.54,2,Cancelled,Card
O11952,C0164,P084,2025-03-19 0:00:00,1,8144.94,20,6515.95,6,delivered,Wallet
O11953,C0148,P066,2023-11-12 0:00:00,1,8225.15,5,7813.89,12,Cancelled,COD
O11954,C0415,P004,2024-11-25 0:00:00,3,8125.52,5,7719.24,1,Cancelled,Card
O11955,C0237,P004,2025-08-09 0:00:00,3,5156.21,15,4382.78,3,Returned,COD
O11956,C0351,P074,2025-11-09 0:00:00,1,9423.98,5,8952.78,1,delivered,Card
O11957,C0138,P093,2025-04-30 0:00:00,5,615.45,15,523.13,9,Cancelled,Wallet
O11958,C0266,P072,2025-04-13 0:00:00,3,4951.94,0,4951.94,2,Cancelled,Wallet
O11959,C0002,P084,2024-12-30 0:00:00,2,6942.91,15,5901.47,6,Returned,Wallet
O11960,C0315,P060,2023-08-03 0:00:00,2,3812.96,20,3050.37,4,Delivered,COD
O11961,C0265,P038,2024-12-01 0:00:00,4,8969.79,15,7624.32,7,DELIVERED,Card
O11962,C0132,P035,2024-09-30 0:00:00,4,4947.58,5,4700.2,2,delivered,Wallet
O11963,C0046,P050,2023-12-30 0:00:00,4,8711.49,15,7404.77,11,DELIVERED,COD
O11964,C0107,P017,2026-01-03 0:00:00,4,6561.48,5,6233.41,10,Returned,Wallet
O11965,C0354,P023,2023-10-17 0:00:00,5,5676.75,0,5676.75,6,DELIVERED,Wallet
O11966,C0232,P054,2025-12-02 0:00:00,1,6128.05,0,6128.05,2,DELIVERED,UPI
O11967,C0214,P079,2025-03-07 0:00:00,3,1124.68,0,1124.68,1,delivered,Wallet
O11968,C0158,P009,2023-01-19 0:00:00,5,3755.64,0,3755.64,5,Delivered,Wallet
O11969,C0048,P055,2025-06-06 0:00:00,4,2089.65,5,1985.17,3,DELIVERED,COD
O11970,C0207,P044,2026-01-14 0:00:00,5,4938.81,15,4197.99,11,Delivered,COD
O11971,C0315,P021,2025-07-19 0:00:00,5,9248.93,15,7861.59,5,Delivered,COD
O11972,C0019,P058,2025-01-15 0:00:00,4,2118.71,10,1906.84,8,Returned,Wallet
O11973,C0273,P076,2023-01-21 0:00:00,2,3563.63,5,3385.45,8,Cancelled,Wallet
O11974,C0265,P019,2023-06-26 0:00:00,2,3662.46,20,2929.97,6,DELIVERED,Card
O11975,C0156,P012,2025-09-23 0:00:00,1,5301.56,15,4506.33,4,DELIVERED,Card
O11976,C0447,P014,2026-02-05 0:00:00,4,5940.06,20,4752.05,6,Cancelled,Card
O11977,C0458,P070,2023-05-21 0:00:00,4,5778.25,5,5489.34,6,DELIVERED,Wallet
O11978,C0146,P021,2025-07-09 0:00:00,3,3525.74,15,2996.88,5,DELIVERED,UPI
O11979,C0435,P096,2023-08-18 0:00:00,2,1525.5,0,1525.5,1,Delivered,UPI
O11980,C0038,P015,2024-02-08 0:00:00,4,8013.71,15,6811.65,4,DELIVERED,Wallet
O11981,C0480,P030,2024-04-05 0:00:00,4,4857.79,15,4129.12,12,delivered,UPI
O11982,C0198,P084,2025-02-08 0:00:00,3,1944.12,15,1652.5,7,delivered,Card
O11983,C0188,P049,2023-11-10 0:00:00,2,4286.75,5,4072.41,3,delivered,Wallet
O11984,C0316,P063,2023-10-17 0:00:00,4,3664.27,10,3297.84,11,Returned,UPI
O11985,C0198,P072,2025-05-15 0:00:00,4,6707.79,10,6037.01,2,Cancelled,UPI
O11986,C0030,P021,2026-03-03 0:00:00,2,5578.37,10,5020.53,12,DELIVERED,UPI
O11987,C0072,P100,2024-06-26 0:00:00,4,1940.69,20,1552.55,9,Delivered,COD
O11988,C0136,P053,2024-03-01 0:00:00,2,4029.45,0,4029.45,8,DELIVERED,Wallet
O11989,C0291,P043,2023-09-15 0:00:00,4,3473.98,10,3126.58,5,DELIVERED,Card
O11990,C0351,P085,2023-01-06 0:00:00,3,4593.64,20,3674.91,8,Cancelled,UPI
O11991,C0222,P096,2025-02-14 0:00:00,1,4903.19,15,4167.71,4,Delivered,Wallet
O11992,C0245,P019,2026-01-27 0:00:00,1,3997.21,10,3597.49,5,DELIVERED,UPI
O11993,C0186,P043,2024-03-04 0:00:00,2,5916.42,10,5324.78,9,Delivered,UPI
O11994,C0460,P051,2023-02-27 0:00:00,1,5914.95,5,5619.2,8,Delivered,COD
O11995,C0210,P004,2026-03-20 0:00:00,5,6171.92,10,5554.73,2,Delivered,UPI
O11996,C0381,P027,2025-12-08 0:00:00,4,9964.31,20,7971.45,10,delivered,Card
O11997,C0180,P078,2024-12-12 0:00:00,2,7180.64,15,6103.54,2,DELIVERED,COD
O11998,C0226,P007,2023-06-03 0:00:00,4,1570.55,10,1413.49,11,Returned,Wallet
O11999,C0014,P091,2023-01-26 0:00:00,5,8145.61,0,8145.61,10,DELIVERED,Card
O12000,C0448,P058,2026-01-15 0:00:00,2,5236.65,15,4451.15,10,Cancelled,Card
O12001,C0247,P080,2024-04-30 0:00:00,5,7070.63,0,7070.63,8,delivered,Wallet
O12002,C0301,P090,2025-05-06 0:00:00,4,8190.53,0,8190.53,8,Delivered,Wallet
O12003,C0454,P061,2023-08-06 0:00:00,4,4589.07,15,3900.71,6,Returned,Wallet
O12004,C0274,P066,2024-04-23 0:00:00,1,5839.39,5,5547.42,8,Cancelled,COD
O12005,C0044,P087,2026-03-01 0:00:00,5,5153.86,10,4638.47,7,Delivered,Card
O12006,C0218,P061,2024-09-11 0:00:00,2,5199.84,20,4159.87,12,Returned,Wallet
O12007,C0486,P050,2024-03-29 0:00:00,3,1591.21,20,1272.97,4,Cancelled,Card
O12008,C0104,P013,2023-07-18 0:00:00,1,2531.57,20,2025.26,10,Cancelled,Wallet
O12009,C0119,P049,2026-03-13 0:00:00,2,8239.17,10,7415.25,7,delivered,COD
O12010,C0129,P007,2024-02-02 0:00:00,4,7210.82,20,5768.66,5,delivered,Card
O12011,C0359,P026,2025-10-19 0:00:00,4,8905.61,0,8905.61,2,Cancelled,UPI
O12012,C0461,P028,2023-06-16 0:00:00,1,8797.91,10,7918.12,11,Returned,UPI
O12013,C0477,P005,2024-05-25 0:00:00,4,7157.72,20,5726.18,2,delivered,Wallet
O12014,C0206,P009,2023-01-12 0:00:00,5,3393.46,0,3393.46,4,Delivered,Wallet
O12015,C0457,P002,2026-02-07 0:00:00,1,1595.42,15,1356.11,7,Delivered,Wallet
O12016,C0188,P014,2025-11-24 0:00:00,3,7041.35,20,5633.08,9,Cancelled,Wallet
O12017,C0326,P043,2023-08-15 0:00:00,4,4336.57,15,3686.08,10,delivered,COD
O12018,C0235,P082,2024-03-28 0:00:00,5,5824.26,20,4659.41,3,delivered,Card
O12019,C0353,P052,2026-01-05 0:00:00,4,4731.77,20,3785.42,3,Returned,Wallet
O12020,C0198,P016,2023-05-11 0:00:00,2,1654.41,20,1323.53,5,Delivered,Wallet
O12021,C0364,P059,2023-12-11 0:00:00,3,591.35,20,473.08,6,Cancelled,Wallet
O12022,C0165,P087,2025-10-30 0:00:00,4,4881.01,15,4148.86,7,Returned,Wallet
O12023,C0335,P027,2024-12-11 0:00:00,4,7636.63,5,7254.8,12,Cancelled,Card
O12024,C0375,P048,2023-12-08 0:00:00,3,5734.78,15,4874.56,10,delivered,Card
O12025,C0048,P058,2024-07-30 0:00:00,4,6123.34,20,4898.67,12,DELIVERED,UPI
O12026,C0253,P059,2023-10-30 0:00:00,2,9885.43,10,8896.89,2,Cancelled,Wallet
O12027,C0093,P008,2024-11-28 0:00:00,5,1421.45,10,1279.31,3,Cancelled,UPI
O12028,C0329,P029,2025-10-05 0:00:00,3,6267.31,20,5013.85,1,DELIVERED,Card
O12029,C0337,P080,2024-03-01 0:00:00,2,7517.57,0,7517.57,11,Delivered,UPI
O12030,C0248,P078,2025-01-24 0:00:00,1,1882.52,10,1694.27,2,Returned,Card
O12031,C0290,P009,2023-08-21 0:00:00,3,9029.18,5,8577.72,10,Returned,COD
O12032,C0017,P064,2024-06-30 0:00:00,1,9248.6,5,8786.17,3,delivered,COD
O12033,C0208,P094,2025-12-15 0:00:00,4,3079.38,20,2463.5,9,DELIVERED,Card
O12034,C0302,P060,2024-04-27 0:00:00,3,4276.23,5,4062.42,10,Returned,Wallet
O12035,C0448,P001,2025-04-15 0:00:00,1,8563.41,10,7707.07,6,DELIVERED,Wallet
O12036,C0065,P100,2024-08-15 0:00:00,5,4101.07,0,4101.07,1,Cancelled,Card
O12037,C0230,P055,2026-03-22 0:00:00,2,8648.91,5,8216.46,8,delivered,Wallet
O12038,C0110,P019,2025-01-14 0:00:00,5,5401.29,15,4591.1,2,DELIVERED,UPI
O12039,C0112,P009,2025-03-06 0:00:00,4,548.18,0,548.18,11,DELIVERED,Wallet
O12040,C0013,P061,2023-04-17 0:00:00,2,7382.26,20,5905.81,6,Delivered,Wallet
O12041,C0475,P019,2023-07-12 0:00:00,5,7223.17,0,7223.17,3,Returned,Wallet
O12042,C0006,P022,2023-09-06 0:00:00,5,2346.81,20,1877.45,11,Delivered,Card
O12043,C0460,P030,2025-09-02 0:00:00,3,1339.89,10,1205.9,12,Returned,UPI
O12044,C0236,P067,2024-07-10 0:00:00,5,8216.18,20,6572.94,7,delivered,Wallet
O12045,C0431,P020,2024-12-01 0:00:00,2,1265.02,15,1075.27,9,Delivered,Wallet
O12046,C0394,P090,2025-12-28 0:00:00,3,9354.41,5,8886.69,10,Delivered,COD
O12047,C0061,P085,2024-02-09 0:00:00,5,2608.93,15,2217.59,1,delivered,COD
O12048,C0464,P048,2023-11-23 0:00:00,4,3181.96,15,2704.67,7,Delivered,COD
O12049,C0172,P065,2023-01-26 0:00:00,2,5918.93,10,5327.04,11,DELIVERED,Wallet
O12050,C0108,P007,2024-10-12 0:00:00,1,5958.94,20,4767.15,10,Returned,Wallet
O12051,C0034,P017,2023-06-05 0:00:00,4,3919.25,20,3135.4,11,delivered,Wallet
O12052,C0407,P094,2023-03-23 0:00:00,4,8314.87,20,6651.9,3,delivered,COD
O12053,C0012,P064,2025-10-25 0:00:00,3,2036.65,0,2036.65,6,Delivered,UPI
O12054,C0337,P090,2023-09-01 0:00:00,3,4276.63,15,3635.14,5,delivered,UPI
O12055,C0076,P016,2024-08-05 0:00:00,5,3112.45,0,3112.45,9,delivered,Wallet
O12056,C0468,P055,2026-01-10 0:00:00,4,9774.27,0,9774.27,5,DELIVERED,Card
O12057,C0052,P003,2026-01-26 0:00:00,3,1528.41,15,1299.15,12,DELIVERED,Wallet
O12058,C0099,P023,2024-09-26 0:00:00,3,4130.67,10,3717.6,3,DELIVERED,COD
O12059,C0042,P027,2024-11-24 0:00:00,3,8614.67,0,8614.67,10,DELIVERED,COD
O12060,C0281,P032,2023-10-19 0:00:00,3,2250.79,15,1913.17,2,Returned,COD
O12061,C0290,P075,2025-10-27 0:00:00,5,5878.67,5,5584.74,6,DELIVERED,UPI
O12062,C0143,P056,2025-07-06 0:00:00,1,7739.26,15,6578.37,2,delivered,Wallet
O12063,C0091,P092,2023-08-02 0:00:00,3,9329.59,15,7930.15,8,Returned,Wallet
O12064,C0005,P065,2024-07-20 0:00:00,4,6693.83,10,6024.45,11,Returned,Card
O12065,C0059,P062,2024-09-19 0:00:00,4,3237.48,15,2751.86,1,Delivered,Wallet
O12066,C0138,P054,2023-09-17 0:00:00,4,8345.32,15,7093.52,4,Returned,Wallet
O12067,C0099,P004,2023-06-03 0:00:00,5,1575.87,0,1575.87,5,Cancelled,Wallet
O12068,C0004,P079,2024-03-02 0:00:00,5,9382.33,15,7974.98,1,Returned,UPI
O12069,C0054,P005,2025-05-04 0:00:00,4,1666.01,20,1332.81,7,DELIVERED,Wallet
O12070,C0416,P026,2025-12-07 0:00:00,3,3387.89,0,3387.89,3,Delivered,Card
O12071,C0051,P037,2023-04-26 0:00:00,5,9996.54,0,9996.54,12,Returned,UPI
O12072,C0488,P028,2025-05-21 0:00:00,1,4867.44,20,3893.95,9,Delivered,Card
O12073,C0147,P081,2025-12-02 0:00:00,5,9856.17,5,9363.36,11,Delivered,Wallet
O12074,C0364,P029,2025-09-08 0:00:00,2,7561.33,0,7561.33,7,DELIVERED,Wallet
O12075,C0004,P048,2024-06-18 0:00:00,3,2354.63,5,2236.9,7,Delivered,UPI
O12076,C0129,P089,2024-01-25 0:00:00,3,703.79,10,633.41,10,delivered,Wallet
O12077,C0486,P053,2024-03-16 0:00:00,3,1628.93,20,1303.14,6,Cancelled,Wallet
O12078,C0471,P080,2026-02-23 0:00:00,1,4862.43,10,4376.19,11,Cancelled,COD
O12079,C0289,P070,2025-01-12 0:00:00,4,2696.74,0,2696.74,10,Delivered,COD
O12080,C0199,P052,2024-11-28 0:00:00,4,4524.95,0,4524.95,9,Delivered,Wallet
O12081,C0308,P090,2024-01-30 0:00:00,1,4414.48,0,4414.48,11,Delivered,Wallet
O12082,C0065,P009,2023-01-17 0:00:00,2,4212.6,5,4001.97,9,delivered,Card
O12083,C0307,P012,2025-12-25 0:00:00,4,8278.92,20,6623.14,10,Returned,Card
O12084,C0304,P002,2025-02-22 0:00:00,4,8298.68,15,7053.88,8,Delivered,Card
O12085,C0415,P021,2023-06-12 0:00:00,2,667.83,20,534.26,6,DELIVERED,Wallet
O12086,C0300,P019,2024-04-27 0:00:00,3,4072.52,15,3461.64,11,Returned,COD
O12087,C0093,P065,2025-02-20 0:00:00,3,8878.4,5,8434.48,3,DELIVERED,COD
O12088,C0498,P095,2024-06-24 0:00:00,1,2981.66,0,2981.66,10,Cancelled,Wallet
O12089,C0277,P040,2024-04-05 0:00:00,5,3687.44,0,3687.44,2,Cancelled,UPI
O12090,C0100,P017,2025-06-17 0:00:00,4,7689.28,5,7304.82,10,DELIVERED,Card
O12091,C0447,P098,2024-04-10 0:00:00,3,736.27,5,699.46,1,Delivered,Wallet
O12092,C0026,P078,2026-01-14 0:00:00,2,593.15,0,593.15,12,Returned,COD
O12093,C0136,P098,2024-09-06 0:00:00,4,1774.43,20,1419.54,5,DELIVERED,COD
O12094,C0351,P080,2026-01-03 0:00:00,2,1379.23,0,1379.23,10,Delivered,Wallet
O12095,C0150,P072,2025-02-02 0:00:00,5,3885.92,10,3497.33,12,Returned,UPI
O12096,C0467,P074,2024-12-18 0:00:00,1,4915.87,15,4178.49,5,Returned,UPI
O12097,C0158,P013,2023-05-30 0:00:00,4,6004.15,0,6004.15,9,Delivered,COD
O12098,C0016,P043,2023-12-22 0:00:00,3,6723.33,0,6723.33,5,delivered,COD
O12099,C0123,P003,2023-01-22 0:00:00,4,8799.23,10,7919.31,12,Delivered,Card
O12100,C0171,P068,2023-10-31 0:00:00,4,3656.31,20,2925.05,6,Cancelled,COD
O12101,C0379,P082,2025-07-27 0:00:00,2,1887.74,15,1604.58,4,Delivered,Card
O12102,C0299,P080,2024-05-02 0:00:00,4,7356.47,0,7356.47,12,Cancelled,Wallet
O12103,C0400,P027,2024-10-10 0:00:00,3,5297.95,10,4768.15,7,Returned,Wallet
O12104,C0039,P045,2023-06-12 0:00:00,4,8378.75,10,7540.88,7,Delivered,Wallet
O12105,C0132,P072,2025-06-21 0:00:00,1,1137.35,5,1080.48,9,Returned,Card
O12106,C0245,P086,2025-07-18 0:00:00,1,9243.11,10,8318.8,4,Cancelled,Wallet
O12107,C0245,P012,2025-07-13 0:00:00,1,800.77,5,760.73,5,delivered,COD
O12108,C0266,P093,2026-02-05 0:00:00,4,3582.22,15,3044.89,1,delivered,Card
O12109,C0303,P021,2025-01-02 0:00:00,2,3686.5,0,3686.5,1,Cancelled,Wallet
O12110,C0478,P012,2025-03-26 0:00:00,2,3395.05,10,3055.55,10,Delivered,Wallet
O12111,C0114,P027,2024-10-06 0:00:00,4,2041.93,15,1735.64,9,delivered,Wallet
O12112,C0225,P034,2025-07-07 0:00:00,1,5916.06,15,5028.65,2,Delivered,Wallet
O12113,C0054,P020,2024-05-30 0:00:00,3,2167.54,15,1842.41,7,delivered,Card
O12114,C0029,P013,2025-02-11 0:00:00,1,2378.53,20,1902.82,2,Delivered,COD
O12115,C0242,P052,2026-03-02 0:00:00,5,9874.84,0,9874.84,2,DELIVERED,COD
O12116,C0191,P006,2023-03-14 0:00:00,2,5201.49,5,4941.42,7,DELIVERED,UPI
O12117,C0410,P058,2025-07-13 0:00:00,1,1308.89,10,1178,2,Returned,Card
O12118,C0044,P020,2024-02-21 0:00:00,2,6082.42,0,6082.42,7,Delivered,COD
O12119,C0467,P003,2024-05-04 0:00:00,2,2955.65,0,2955.65,4,Returned,Wallet
O12120,C0013,P008,2025-07-15 0:00:00,4,4720.21,0,4720.21,6,DELIVERED,COD
O12121,C0168,P045,2024-11-13 0:00:00,1,4467.87,5,4244.48,3,Delivered,UPI
O12122,C0342,P023,2025-06-25 0:00:00,5,4915.23,15,4177.95,8,delivered,UPI
O12123,C0320,P038,2026-04-03 0:00:00,4,8663.7,10,7797.33,12,Cancelled,Card
O12124,C0082,P056,2023-07-12 0:00:00,5,4386.18,15,3728.25,1,delivered,Wallet
O12125,C0093,P085,2026-01-23 0:00:00,4,5026.75,5,4775.41,6,delivered,UPI
O12126,C0191,P008,2024-02-05 0:00:00,5,4720.79,0,4720.79,5,Cancelled,COD
O12127,C0100,P096,2024-09-09 0:00:00,1,2667.96,10,2401.16,4,Cancelled,COD
O12128,C0035,P056,2025-04-18 0:00:00,5,6769.57,20,5415.66,4,DELIVERED,UPI
O12129,C0080,P064,2023-04-29 0:00:00,2,5808.98,5,5518.53,6,Delivered,UPI
O12130,C0458,P053,2024-07-19 0:00:00,5,4278.39,15,3636.63,4,Returned,Wallet
O12131,C0055,P088,2023-06-08 0:00:00,2,3477.59,10,3129.83,10,Delivered,Wallet
O12132,C0022,P087,2024-11-06 0:00:00,5,8808.24,20,7046.59,2,Returned,Card
O12133,C0357,P004,2023-08-11 0:00:00,1,8329.01,15,7079.66,4,Cancelled,Card
O12134,C0141,P039,2026-01-03 0:00:00,5,5359.66,10,4823.69,8,delivered,UPI
O12135,C0159,P085,2025-10-25 0:00:00,4,3850.95,10,3465.86,12,DELIVERED,Wallet
O12136,C0010,P034,2024-01-09 0:00:00,2,7423.99,0,7423.99,8,DELIVERED,UPI
O12137,C0267,P057,2023-09-26 0:00:00,3,5605.93,0,5605.93,8,delivered,Card
O12138,C0318,P021,2025-04-13 0:00:00,3,5310.92,0,5310.92,1,DELIVERED,UPI
O12139,C0185,P028,2023-07-08 0:00:00,1,7199.99,5,6839.99,5,DELIVERED,Wallet
O12140,C0356,P003,2023-04-19 0:00:00,1,2306.78,5,2191.44,10,DELIVERED,Wallet
O12141,C0394,P064,2024-12-24 0:00:00,3,3693.81,15,3139.74,10,DELIVERED,Wallet
O12142,C0494,P091,2023-12-26 0:00:00,3,608.87,0,608.87,8,Cancelled,Wallet
O12143,C0299,P069,2024-09-19 0:00:00,4,2564.14,15,2179.52,10,delivered,Card
O12144,C0305,P006,2025-12-22 0:00:00,1,4450.59,20,3560.47,8,DELIVERED,UPI
O12145,C0107,P059,2024-09-28 0:00:00,3,5588.11,15,4749.89,8,DELIVERED,Wallet
O12146,C0473,P016,2024-07-23 0:00:00,1,2162.77,5,2054.63,10,Returned,UPI
O12147,C0321,P096,2025-06-26 0:00:00,4,7285.53,20,5828.42,6,DELIVERED,Wallet
O12148,C0280,P034,2024-06-12 0:00:00,2,1916.92,0,1916.92,8,Delivered,Wallet
O12149,C0453,P034,2025-02-19 0:00:00,5,7103.89,15,6038.31,8,Cancelled,Wallet
O12150,C0144,P066,2025-09-04 0:00:00,2,8450.68,0,8450.68,6,delivered,Wallet
O12151,C0116,P093,2025-07-12 0:00:00,5,9113.37,10,8202.03,8,DELIVERED,Wallet
O12152,C0491,P090,2024-11-10 0:00:00,4,6173.29,20,4938.63,8,Delivered,Wallet
O12153,C0057,P056,2024-11-14 0:00:00,5,1777.35,10,1599.62,3,Cancelled,UPI
O12154,C0499,P096,2024-04-13 0:00:00,1,6503.03,5,6177.88,9,delivered,Wallet
O12155,C0176,P098,2023-08-19 0:00:00,2,2271.77,0,2271.77,6,delivered,COD
O12156,C0227,P085,2025-06-08 0:00:00,5,2126.03,15,1807.13,12,Returned,Wallet
O12157,C0431,P007,2025-05-25 0:00:00,3,9140.99,15,7769.84,8,delivered,Wallet
O12158,C0346,P073,2024-05-10 0:00:00,4,4437.13,0,4437.13,3,Cancelled,Wallet
O12159,C0319,P048,2023-04-01 0:00:00,4,8693.76,5,8259.07,1,delivered,Wallet
O12160,C0227,P024,2024-03-24 0:00:00,3,9447.7,0,9447.7,9,Returned,Wallet
O12161,C0210,P010,2024-12-07 0:00:00,4,7125.56,15,6056.73,9,Returned,Card
O12162,C0407,P016,2026-02-14 0:00:00,1,4426.61,10,3983.95,3,Delivered,Wallet
O12163,C0411,P069,2023-03-01 0:00:00,1,6648.61,0,6648.61,7,Returned,Wallet
O12164,C0470,P031,2024-03-21 0:00:00,3,8344.51,20,6675.61,12,delivered,Card
O12165,C0451,P074,2023-01-27 0:00:00,2,3370.98,15,2865.33,8,Returned,Card
O12166,C0005,P037,2024-01-10 0:00:00,3,6942.68,15,5901.28,9,Returned,Wallet
O12167,C0437,P034,2024-05-26 0:00:00,4,9381.77,5,8912.68,4,DELIVERED,Card
O12168,C0197,P065,2023-10-16 0:00:00,2,7466.6,5,7093.27,12,Delivered,UPI
O12169,C0408,P031,2026-01-21 0:00:00,1,8995.31,5,8545.54,1,Delivered,Wallet
O12170,C0300,P016,2024-04-12 0:00:00,4,6232.92,20,4986.34,5,delivered,Wallet
O12171,C0081,P044,2025-09-19 0:00:00,3,946.94,5,899.59,9,Returned,UPI
O12172,C0121,P012,2023-09-17 0:00:00,1,951.23,5,903.67,12,Cancelled,Wallet
O12173,C0272,P088,2025-06-19 0:00:00,3,6569.01,5,6240.56,5,Returned,COD
O12174,C0227,P038,2026-04-10 0:00:00,5,3965.46,0,3965.46,9,Returned,UPI
O12175,C0163,P046,2024-06-13 0:00:00,4,8700.18,0,8700.18,4,delivered,UPI
O12176,C0065,P012,2024-07-25 0:00:00,1,1577.39,5,1498.52,10,Cancelled,UPI
O12177,C0293,P015,2024-03-20 0:00:00,1,6040.54,20,4832.43,4,DELIVERED,Card
O12178,C0002,P068,2024-07-02 0:00:00,2,1619.62,5,1538.64,2,delivered,Card
O12179,C0081,P007,2023-06-11 0:00:00,2,7555.86,0,7555.86,11,DELIVERED,Wallet
O12180,C0073,P048,2025-07-09 0:00:00,4,7778.64,10,7000.78,7,DELIVERED,UPI
O12181,C0152,P090,2024-03-11 0:00:00,1,7073.27,0,7073.27,2,DELIVERED,Wallet
O12182,C0421,P036,2023-02-09 0:00:00,2,5261.08,10,4734.97,6,Returned,Card
O12183,C0323,P082,2024-12-15 0:00:00,3,4617.14,0,4617.14,5,Delivered,Wallet
O12184,C0213,P059,2024-06-28 0:00:00,3,9792.32,20,7833.86,8,Cancelled,Wallet
O12185,C0440,P099,2023-09-26 0:00:00,3,4814.66,20,3851.73,7,DELIVERED,UPI
O12186,C0320,P010,2025-11-08 0:00:00,3,3939.29,5,3742.33,1,DELIVERED,Wallet
O12187,C0012,P064,2023-03-12 0:00:00,5,2017.41,5,1916.54,12,delivered,Wallet
O12188,C0199,P026,2024-04-06 0:00:00,5,2735.44,0,2735.44,6,Cancelled,COD
O12189,C0461,P003,2026-02-28 0:00:00,3,9348.13,10,8413.32,6,delivered,COD
O12190,C0133,P043,2023-06-26 0:00:00,2,1462.69,20,1170.15,7,Cancelled,Card
O12191,C0240,P061,2024-09-25 0:00:00,3,1127.25,10,1014.52,3,Delivered,COD
O12192,C0349,P008,2025-11-10 0:00:00,3,511.78,5,486.19,2,Delivered,UPI
O12193,C0002,P002,2023-08-22 0:00:00,1,6051.52,0,6051.52,1,Returned,Wallet
O12194,C0376,P068,2024-02-12 0:00:00,3,7723.79,20,6179.03,7,DELIVERED,COD
O12195,C0093,P062,2025-06-20 0:00:00,4,5380.91,20,4304.73,2,Cancelled,Wallet
O12196,C0264,P065,2024-11-30 0:00:00,2,5032.04,0,5032.04,8,delivered,Wallet
O12197,C0270,P065,2024-09-29 0:00:00,4,5687.71,15,4834.55,7,Cancelled,Card
O12198,C0481,P061,2025-08-06 0:00:00,2,913.83,15,776.76,12,DELIVERED,COD
O12199,C0464,P061,2023-12-30 0:00:00,3,7600.81,0,7600.81,11,delivered,Wallet
O12200,C0240,P069,2025-04-09 0:00:00,3,5264.6,15,4474.91,7,Returned,UPI
O12201,C0075,P039,2023-07-18 0:00:00,2,2984.17,20,2387.34,3,Delivered,Wallet
O12202,C0446,P093,2023-03-18 0:00:00,1,1799.25,0,1799.25,7,Delivered,COD
O12203,C0460,P072,2025-01-31 0:00:00,4,5318.85,20,4255.08,11,Delivered,Card
O12204,C0154,P002,2026-01-13 0:00:00,4,3375.31,0,3375.31,11,Cancelled,Card
O12205,C0410,P074,2023-02-07 0:00:00,1,3439.39,15,2923.48,6,Returned,Wallet
O12206,C0395,P077,2025-05-27 0:00:00,5,2199.5,0,2199.5,1,DELIVERED,Wallet
O12207,C0105,P090,2025-10-09 0:00:00,4,5650.1,5,5367.6,1,Returned,COD
O12208,C0422,P043,2025-01-16 0:00:00,1,8225.37,15,6991.56,5,delivered,Wallet
O12209,C0145,P030,2024-03-20 0:00:00,2,7048.15,10,6343.34,2,Cancelled,COD
O12210,C0272,P014,2023-12-26 0:00:00,1,8842.36,10,7958.12,3,delivered,Wallet
O12211,C0463,P057,2025-02-10 0:00:00,3,4878.89,15,4147.06,9,delivered,Card
O12212,C0251,P039,2024-05-09 0:00:00,5,2975.35,5,2826.58,5,Returned,Wallet
O12213,C0488,P001,2023-08-16 0:00:00,2,4880.14,20,3904.11,2,delivered,Card
O12214,C0132,P080,2024-12-18 0:00:00,3,2519.22,10,2267.3,3,DELIVERED,Wallet
O12215,C0304,P034,2025-05-13 0:00:00,2,4337.79,20,3470.23,7,Returned,Card
O12216,C0466,P014,2023-05-10 0:00:00,2,7955.93,15,6762.54,4,Cancelled,Wallet
O12217,C0211,P045,2026-01-11 0:00:00,1,2869.06,20,2295.25,7,Delivered,Wallet
O12218,C0025,P100,2025-11-23 0:00:00,3,4837.04,0,4837.04,2,DELIVERED,COD
O12219,C0344,P060,2024-07-11 0:00:00,3,8472.42,0,8472.42,12,delivered,COD
O12220,C0317,P051,2024-05-25 0:00:00,5,4536.91,20,3629.53,4,DELIVERED,UPI
O12221,C0080,P050,2025-10-16 0:00:00,4,1925.42,15,1636.61,3,Returned,Wallet
O12222,C0425,P054,2023-06-27 0:00:00,1,9331.83,0,9331.83,7,Returned,Wallet
O12223,C0141,P014,2023-02-19 0:00:00,5,2734.51,0,2734.51,11,DELIVERED,Card
O12224,C0209,P023,2023-11-09 0:00:00,2,7885.67,5,7491.39,9,Cancelled,Wallet
O12225,C0063,P092,2023-03-18 0:00:00,5,5494.15,15,4670.03,-2,Returned,UPI
O12226,C0018,P003,2025-01-18 0:00:00,4,7853.3,5,7460.64,7,delivered,COD
O12227,C0318,P001,2024-02-29 0:00:00,5,8836.7,20,7069.36,1,Returned,Card
O12228,C0344,P043,2023-07-28 0:00:00,1,8937.95,20,7150.36,3,Delivered,UPI
O12229,C0489,P026,2023-09-22 0:00:00,2,2093.79,10,1884.41,11,Cancelled,Wallet
O12230,C0049,P036,2024-11-06 0:00:00,1,7100.38,15,6035.32,8,Returned,Card
O12231,C0014,P077,2025-01-15 0:00:00,2,2482.4,15,2110.04,10,Delivered,Wallet
O12232,C0438,P088,2023-01-24 0:00:00,1,9005.76,15,7654.9,2,Delivered,COD
O12233,C0393,P042,2026-03-05 0:00:00,5,3646.1,20,2916.88,9,Cancelled,UPI
O12234,C0140,P002,2025-11-29 0:00:00,2,4949.02,0,4949.02,12,delivered,Wallet
O12235,C0200,P098,2024-07-30 0:00:00,3,6765.15,10,6088.64,1,Delivered,Wallet
O12236,C0083,P009,2025-01-09 0:00:00,2,8867.97,15,7537.77,6,DELIVERED,UPI
O12237,C0474,P079,2025-09-08 0:00:00,2,4681.63,15,3979.39,7,Delivered,Wallet
O12238,C0048,P029,2023-03-06 0:00:00,5,3082.66,10,2774.39,5,Cancelled,Card
O12239,C0327,P080,2024-02-07 0:00:00,2,4339.11,20,3471.29,4,Returned,Wallet
O12240,C0034,P048,2025-02-01 0:00:00,2,7779.62,10,7001.66,7,Cancelled,Card
O12241,C0082,P042,2024-05-26 0:00:00,4,7405.93,5,7035.63,1,Returned,UPI
O12242,C0488,P067,2024-07-21 0:00:00,3,2014.55,20,1611.64,2,Cancelled,COD
O12243,C0174,P004,2024-02-17 0:00:00,4,1260.92,5,1197.87,1,Cancelled,UPI
O12244,C0430,P010,2025-09-25 0:00:00,5,2310.89,0,2310.89,1,Cancelled,COD
O12245,C0409,P082,2025-07-29 0:00:00,1,1675.9,5,1592.11,1,Cancelled,Card
O12246,C0223,P036,2023-11-06 0:00:00,1,1982.27,5,1883.16,8,DELIVERED,UPI
O12247,C0292,P003,2024-06-02 0:00:00,2,3436.2,15,2920.77,4,Delivered,Card
O12248,C0148,P093,2025-04-06 0:00:00,1,2180.32,10,1962.29,8,Returned,Wallet
O12249,C0170,P055,2026-04-14 0:00:00,4,1369.72,15,1164.26,12,Cancelled,Wallet
O12250,C0085,P067,2025-12-29 0:00:00,1,9109.62,10,8198.66,3,DELIVERED,UPI
O12251,C0311,P096,2023-11-16 0:00:00,3,9025.39,0,9025.39,3,Cancelled,COD
O12252,C0419,P078,2024-12-21 0:00:00,4,4027.97,0,4027.97,10,Returned,Wallet
O12253,C0327,P008,2025-03-31 0:00:00,5,949.54,5,902.06,6,Cancelled,Wallet
O12254,C0316,P010,2024-02-17 0:00:00,4,3118.8,5,2962.86,6,DELIVERED,Wallet
O12255,C0066,P060,2025-09-24 0:00:00,4,5742.82,15,4881.4,5,delivered,UPI
O12256,C0307,P087,2025-03-07 0:00:00,4,1118.66,15,950.86,7,Returned,Card
O12257,C0445,P004,2024-10-06 0:00:00,3,3355.62,5,3187.84,2,Delivered,Card
O12258,C0177,P015,2025-02-24 0:00:00,5,1282.73,0,1282.73,12,delivered,COD
O12259,C0103,P099,2024-08-14 0:00:00,1,6485.78,10,5837.2,3,delivered,Card
O12260,C0307,P022,2023-08-30 0:00:00,5,8020.08,15,6817.07,9,Cancelled,COD
O12261,C0003,P058,2024-06-17 0:00:00,1,8571.63,15,7285.89,6,Delivered,COD
O12262,C0455,P084,2024-11-23 0:00:00,1,4879.03,5,4635.08,11,DELIVERED,Card
O12263,C0498,P032,2023-02-09 0:00:00,5,4695.65,20,3756.52,12,DELIVERED,Card
O12264,C0476,P035,2023-11-11 0:00:00,1,5229.85,0,5229.85,2,Delivered,UPI
O12265,C0040,P042,2024-11-04 0:00:00,4,3795.03,20,3036.02,10,Returned,Wallet
O12266,C0251,P085,2023-03-19 0:00:00,1,6570.69,20,5256.55,6,DELIVERED,COD
O12267,C0384,P046,2023-06-02 0:00:00,5,9983.62,20,7986.9,4,Cancelled,Wallet
O12268,C0466,P053,2023-06-21 0:00:00,3,679.13,10,611.22,6,Cancelled,Wallet
O12269,C0112,P018,2024-08-30 0:00:00,3,5774.85,5,5486.11,12,Returned,Card
O12270,C0377,P077,2023-12-05 0:00:00,2,9591.78,20,7673.42,11,DELIVERED,UPI
O12271,C0210,P089,2025-08-14 0:00:00,1,7127.38,0,7127.38,4,Delivered,COD
O12272,C0204,P030,2023-11-24 0:00:00,3,8649.39,15,7351.98,10,Delivered,Wallet
O12273,C0214,P092,2023-10-06 0:00:00,4,5049.96,10,4544.96,2,Cancelled,Wallet
O12274,C0097,P079,2025-11-20 0:00:00,2,9113.55,5,8657.87,6,delivered,UPI
O12275,C0242,P091,2025-02-23 0:00:00,3,575.42,0,575.42,11,delivered,UPI
O12276,C0179,P059,2024-04-29 0:00:00,2,749.75,5,712.26,9,Cancelled,COD
O12277,C0070,P046,2023-06-21 0:00:00,4,5363.11,10,4826.8,7,delivered,UPI
O12278,C0161,P084,2023-06-07 0:00:00,5,6622.84,0,6622.84,1,Cancelled,Card
O12279,C0305,P048,2024-02-05 0:00:00,3,8860.03,5,8417.03,2,delivered,Wallet
O12280,C0027,P020,2025-11-03 0:00:00,1,5939.93,10,5345.94,12,Cancelled,Wallet
O12281,C0451,P048,2023-07-17 0:00:00,1,1886.33,0,1886.33,10,Cancelled,Wallet
O12282,C0368,P004,2023-09-14 0:00:00,3,9576.06,15,8139.65,8,delivered,UPI
O12283,C0274,P085,2024-04-12 0:00:00,4,1995.75,5,1895.96,10,Delivered,Card
O12284,C0070,P099,2023-04-10 0:00:00,2,3706.82,20,2965.46,6,Returned,UPI
O12285,C0012,P063,2024-10-15 0:00:00,1,6139.87,20,4911.9,6,Returned,UPI
O12286,C0188,P072,2025-12-02 0:00:00,5,3993.32,20,3194.66,4,delivered,COD
O12287,C0303,P083,2025-10-27 0:00:00,3,6625.25,15,5631.46,3,Delivered,Card
O12288,C0093,P017,2024-10-23 0:00:00,5,3057.27,10,2751.54,8,Cancelled,COD
O12289,C0413,P092,2025-11-03 0:00:00,2,2398.54,15,2038.76,12,Delivered,COD
O12290,C0378,P091,2023-07-16 0:00:00,3,8885.65,0,8885.65,5,Returned,Wallet
O12291,C0007,P015,2023-06-02 0:00:00,5,7751.02,10,6975.92,7,Delivered,Wallet
O12292,C0406,P037,2025-02-27 0:00:00,3,1926.37,20,1541.1,12,DELIVERED,Wallet
O12293,C0195,P010,2024-07-18 0:00:00,3,553.2,5,525.54,12,delivered,Wallet
O12294,C0198,P076,2025-01-23 0:00:00,1,9422.8,0,9422.8,6,delivered,COD
O12295,C0404,P051,2025-10-06 0:00:00,5,4547.01,0,4547.01,2,DELIVERED,UPI
O12296,C0430,P065,2023-06-22 0:00:00,3,5429.62,5,5158.14,8,DELIVERED,Card
O12297,C0018,P006,2024-04-03 0:00:00,4,1061.12,15,901.95,10,Returned,Wallet
O12298,C0134,P049,2025-07-03 0:00:00,1,898.37,20,718.7,5,Returned,COD
O12299,C0473,P081,2025-08-14 0:00:00,5,4642.92,0,4642.92,8,Returned,UPI
O12300,C0128,P032,2023-01-20 0:00:00,3,8552.23,20,6841.78,3,DELIVERED,Card
O12301,C0478,P093,2023-11-11 0:00:00,1,5086.23,10,4577.61,4,delivered,UPI
O12302,C0147,P098,2025-11-18 0:00:00,4,6573.59,15,5587.55,12,delivered,UPI
O12303,C0445,P046,2026-02-18 0:00:00,2,4057.35,0,4057.35,7,Delivered,UPI
O12304,C0463,P057,2025-12-11 0:00:00,4,3445.6,20,2756.48,9,DELIVERED,Card
O12305,C0069,P033,2026-01-10 0:00:00,5,9884.52,0,9884.52,10,Delivered,Wallet
O12306,C0469,P019,2024-05-05 0:00:00,4,4400.27,10,3960.24,10,Returned,UPI
O12307,C0319,P061,2025-01-02 0:00:00,2,2115.9,10,1904.31,1,DELIVERED,Wallet
O12308,C0382,P006,2025-04-04 0:00:00,4,6138.01,15,5217.31,9,Delivered,Wallet
O12309,C0264,P086,2024-02-05 0:00:00,2,2445.53,20,1956.42,10,delivered,Card
O12310,C0075,P029,2025-06-09 0:00:00,3,7398.38,20,5918.7,11,Returned,Wallet
O12311,C0373,P087,2026-04-10 0:00:00,2,1153.76,20,923.01,11,Returned,Card
O12312,C0265,P027,2024-09-04 0:00:00,2,617.07,10,555.36,1,DELIVERED,Wallet
O12313,C0217,P071,2024-04-06 0:00:00,3,2933.98,15,2493.88,11,Returned,Card
O12314,C0062,P091,2024-01-30 0:00:00,5,7931.56,15,6741.83,8,DELIVERED,Wallet
O12315,C0364,P100,2024-08-29 0:00:00,5,1472.38,10,1325.14,9,DELIVERED,Card
O12316,C0111,P069,2024-02-18 0:00:00,2,3007.14,5,2856.78,12,Cancelled,Wallet
O12317,C0130,P092,2023-12-13 0:00:00,1,8165.56,5,7757.28,1,Cancelled,UPI
O12318,C0405,P053,2025-10-24 0:00:00,3,854.26,15,726.12,2,DELIVERED,COD
O12319,C0451,P054,2026-02-15 0:00:00,4,6750.24,0,6750.24,5,delivered,COD
O12320,C0125,P023,2023-03-05 0:00:00,4,7909.07,0,7909.07,7,Delivered,Card
O12321,C0352,P080,2023-07-25 0:00:00,4,3286.11,10,2957.5,1,DELIVERED,Wallet
O12322,C0390,P081,2024-03-19 0:00:00,5,7873.28,20,6298.62,9,Returned,Card
O12323,C0369,P059,2023-06-16 0:00:00,1,9830.62,5,9339.09,12,Cancelled,Card
O12324,C0376,P032,2025-01-25 0:00:00,3,2924.83,5,2778.59,11,Returned,Card
O12325,C0466,P028,2024-01-26 0:00:00,4,5941.75,15,5050.49,6,Delivered,UPI
O12326,C0093,P025,2025-12-18 0:00:00,3,3764.28,15,3199.64,1,DELIVERED,UPI
O12327,C0001,P090,2024-11-12 0:00:00,5,6036.97,20,4829.58,2,Returned,Wallet
O12328,C0448,P023,2026-03-11 0:00:00,4,5586.08,0,5586.08,6,Delivered,Wallet
O12329,C0411,P007,2024-03-19 0:00:00,4,7122.82,5,6766.68,3,Cancelled,Wallet
O12330,C0439,P002,2025-08-28 0:00:00,1,2865.15,20,2292.12,8,Cancelled,Wallet
O12331,C0160,P068,2024-05-08 0:00:00,4,3830.75,10,3447.68,1,delivered,UPI
O12332,C0128,P057,2024-05-13 0:00:00,3,6504.98,5,6179.73,12,Returned,UPI
O12333,C0199,P082,2023-03-23 0:00:00,2,7400.06,15,6290.05,3,Cancelled,Card
O12334,C0217,P065,2023-09-12 0:00:00,4,7885.23,0,7885.23,11,DELIVERED,COD
O12335,C0340,P045,2023-10-20 0:00:00,3,6829.3,10,6146.37,5,delivered,Wallet
O12336,C0287,P076,2025-10-12 0:00:00,4,8961.74,15,7617.48,2,Delivered,Card
O12337,C0411,P055,2024-12-14 0:00:00,3,8135.19,15,6914.91,6,delivered,COD
O12338,C0006,P016,2024-04-12 0:00:00,3,2995.35,0,2995.35,4,delivered,Wallet
O12339,C0019,P093,2023-04-04 0:00:00,1,5263.92,20,4211.14,4,Cancelled,UPI
O12340,C0234,P051,2023-07-20 0:00:00,3,1909.42,10,1718.48,11,Cancelled,Wallet
O12341,C0190,P080,2023-12-30 0:00:00,1,7335.94,10,6602.35,7,DELIVERED,COD
O12342,C0004,P035,2025-12-14 0:00:00,4,1012.65,15,860.75,4,delivered,UPI
O12343,C0458,P062,2024-07-23 0:00:00,2,2438.43,15,2072.67,2,Returned,Card
O12344,C0372,P058,2024-07-18 0:00:00,3,5898.33,20,4718.66,5,Cancelled,COD
O12345,C0092,P080,2023-04-10 0:00:00,5,2141.33,15,1820.13,4,Returned,Wallet
O12346,C0245,P010,2025-11-19 0:00:00,5,7397.92,0,7397.92,6,delivered,COD
O12347,C0282,P068,2026-01-16 0:00:00,2,3397.1,0,3397.1,6,Returned,Card
O12348,C0010,P053,2024-12-09 0:00:00,5,8482.53,15,7210.15,9,Cancelled,Wallet
O12349,C0014,P073,2024-03-24 0:00:00,4,8396.5,20,6717.2,11,Returned,UPI
O12350,C0384,P015,2025-10-31 0:00:00,1,6938.8,5,6591.86,1,delivered,COD
O12351,C0036,P037,2025-01-15 0:00:00,3,1061.91,5,1008.81,6,Delivered,Card
O12352,C0122,P015,2023-01-30 0:00:00,1,6204.35,10,5583.92,5,Cancelled,UPI
O12353,C0260,P004,2026-03-18 0:00:00,1,2998.9,0,2998.9,8,Cancelled,Card
O12354,C0475,P024,2023-01-05 0:00:00,5,1453.37,20,1162.7,7,delivered,Card
O12355,C0125,P055,2023-11-03 0:00:00,4,2506.32,15,2130.37,5,Returned,Wallet
O12356,C0050,P085,2023-06-24 0:00:00,1,9807.81,20,7846.25,2,delivered,Wallet
O12357,C0067,P006,2024-11-23 0:00:00,4,8560.72,10,7704.65,5,Delivered,COD
O12358,C0163,P037,2023-06-26 0:00:00,5,3994.88,5,3795.14,11,Returned,COD
O12359,C0409,P011,2024-02-08 0:00:00,3,4377.94,20,3502.35,9,Delivered,UPI
O12360,C0496,P054,2026-01-13 0:00:00,1,927.75,20,742.2,9,Returned,Wallet
O12361,C0015,P028,2025-04-23 0:00:00,1,8911.9,15,7575.11,8,Delivered,Wallet
O12362,C0409,P051,2023-11-16 0:00:00,2,1845.32,10,1660.79,7,Returned,Card
O12363,C0326,P069,2023-02-11 0:00:00,5,9204.69,20,7363.75,1,delivered,UPI
O12364,C0436,P055,2025-12-17 0:00:00,5,8627.44,5,8196.07,6,DELIVERED,Wallet
O12365,C0238,P092,2025-11-23 0:00:00,5,9871.04,0,9871.04,3,Delivered,Card
O12366,C0269,P089,2025-07-22 0:00:00,4,8146.4,10,7331.76,10,DELIVERED,Wallet
O12367,C0157,P018,2023-06-14 0:00:00,2,7879.65,10,7091.68,4,DELIVERED,Card
O12368,C0225,P014,2023-05-30 0:00:00,4,5031.35,10,4528.22,11,Delivered,COD
O12369,C0329,P047,2026-01-27 0:00:00,4,4689.32,0,4689.32,9,delivered,COD
O12370,C0488,P011,2025-11-24 0:00:00,2,932.51,10,839.26,9,Cancelled,Card
O12371,C0479,P073,2025-09-10 0:00:00,5,1732.34,10,1559.11,6,DELIVERED,UPI
O12372,C0087,P017,2025-03-04 0:00:00,1,5033.18,15,4278.2,10,Returned,COD
O12373,C0046,P030,2025-05-26 0:00:00,2,748.65,5,711.22,11,Delivered,COD
O12374,C0246,P007,2023-09-27 0:00:00,4,6848.72,15,5821.41,3,delivered,Wallet
O12375,C0399,P090,2023-11-26 0:00:00,2,6431.81,5,6110.22,4,delivered,UPI
O12376,C0143,P048,2025-07-20 0:00:00,3,4942.25,15,4200.91,5,delivered,Wallet
O12377,C0243,P075,2025-04-07 0:00:00,2,4186.5,0,4186.5,7,Cancelled,Wallet
O12378,C0146,P078,2026-02-03 0:00:00,2,5165.4,10,4648.86,9,Cancelled,UPI
O12379,C0423,P047,2025-06-09 0:00:00,1,5248.67,10,4723.8,12,delivered,Card
O12380,C0135,P084,2023-09-04 0:00:00,1,7160.95,0,7160.95,8,Returned,Wallet
O12381,C0308,P016,2024-07-19 0:00:00,1,3478.77,10,3130.89,9,Cancelled,Card
O12382,C0246,P073,2024-12-16 0:00:00,1,6723.77,20,5379.02,2,Cancelled,COD
O12383,C0220,P078,2023-02-12 0:00:00,5,1344.5,0,1344.5,4,Cancelled,Wallet
O12384,C0498,P015,2025-07-30 0:00:00,4,6600.39,20,5280.31,7,delivered,Card
O12385,C0109,P073,2023-06-20 0:00:00,4,1462,10,1315.8,12,Returned,Wallet
O12386,C0459,P037,2025-05-04 0:00:00,2,1942.07,10,1747.86,6,Delivered,Wallet
O12387,C0313,P004,2024-03-29 0:00:00,1,9438.93,15,8023.09,11,Cancelled,Wallet
O12388,C0254,P005,2025-07-28 0:00:00,1,5414.45,10,4873.01,10,Delivered,COD
O12389,C0063,P031,2024-10-30 0:00:00,3,9175.14,10,8257.63,3,DELIVERED,Wallet
O12390,C0422,P025,2025-02-01 0:00:00,4,7913.55,10,7122.2,10,delivered,Wallet
O12391,C0395,P082,2024-12-04 0:00:00,3,5851.01,15,4973.36,3,DELIVERED,COD
O12392,C0205,P026,2023-09-29 0:00:00,5,8579.87,5,8150.88,5,Returned,Wallet
O12393,C0067,P042,2026-01-14 0:00:00,5,7103.53,0,7103.53,7,delivered,Wallet
O12394,C0081,P083,2024-02-14 0:00:00,1,2574.32,0,2574.32,4,delivered,Card
O12395,C0450,P014,2023-04-23 0:00:00,3,6118.43,15,5200.67,11,Cancelled,COD
O12396,C0398,P018,2023-01-22 0:00:00,4,3250.07,10,2925.06,10,Cancelled,UPI
O12397,C0356,P071,2025-04-10 0:00:00,1,9884.21,10,8895.79,11,DELIVERED,Wallet
O12398,C0246,P043,2024-10-30 0:00:00,5,2200.69,10,1980.62,8,Delivered,Wallet
O12399,C0332,P092,2023-03-22 0:00:00,1,5389.47,0,5389.47,6,Returned,COD
O12400,C0239,P021,2025-10-02 0:00:00,2,2054.88,10,1849.39,10,DELIVERED,COD
O12401,C0301,P011,2025-05-03 0:00:00,3,4582.35,0,4582.35,1,Delivered,Wallet
O12402,C0142,P056,2023-03-03 0:00:00,1,9318.03,20,7454.42,12,Returned,COD
O12403,C0298,P096,2024-09-30 0:00:00,3,4256.77,10,3831.09,11,Returned,Card
O12404,C0454,P074,2023-03-26 0:00:00,1,9143.87,5,8686.68,6,Cancelled,COD
O12405,C0397,P025,2023-11-12 0:00:00,3,9860.02,0,9860.02,9,DELIVERED,UPI
O12406,C0151,P002,2025-02-13 0:00:00,1,9329.24,5,8862.78,7,delivered,COD
O12407,C0475,P009,2023-03-25 0:00:00,5,5479.39,20,4383.51,5,delivered,COD
O12408,C0424,P011,2024-01-22 0:00:00,1,1448.69,0,1448.69,5,Cancelled,UPI
O12409,C0241,P024,2023-01-01 0:00:00,4,4947.4,15,4205.29,8,Cancelled,Wallet
O12410,C0182,P053,2023-08-21 0:00:00,2,6504,10,5853.6,4,Delivered,Wallet
O12411,C0482,P089,2023-07-05 0:00:00,1,4772.96,5,4534.31,8,Returned,UPI
O12412,C0282,P032,2024-01-20 0:00:00,5,9472.24,5,8998.63,8,delivered,Wallet
O12413,C0239,P031,2023-04-29 0:00:00,5,5015.24,15,4262.95,8,Cancelled,UPI
O12414,C0068,P067,2025-05-13 0:00:00,2,4265.42,0,4265.42,10,Delivered,COD
O12415,C0494,P091,2024-12-19 0:00:00,4,4931.48,5,4684.91,8,delivered,Wallet
O12416,C0318,P060,2024-09-19 0:00:00,5,1971.58,0,1971.58,1,Returned,Wallet
O12417,C0241,P008,2025-08-02 0:00:00,1,3635.78,0,3635.78,11,Returned,UPI
O12418,C0112,P033,2025-01-02 0:00:00,5,7757.67,10,6981.9,9,delivered,COD
O12419,C0445,P020,2023-07-09 0:00:00,3,3131.78,15,2662.01,6,Delivered,Wallet
O12420,C0110,P087,2026-01-24 0:00:00,2,8038.51,20,6430.81,5,Delivered,Card
O12421,C0406,P015,2023-07-16 0:00:00,1,9602.6,20,7682.08,8,Returned,UPI
O12422,C0199,P072,2026-03-23 0:00:00,4,971.15,20,776.92,3,Cancelled,COD
O12423,C0490,P062,2023-02-21 0:00:00,2,6028.02,10,5425.22,3,Returned,Wallet
O12424,C0366,P031,2025-04-27 0:00:00,3,5311.13,15,4514.46,4,Cancelled,Wallet
O12425,C0063,P074,2026-02-28 0:00:00,5,3960.72,0,3960.72,10,Returned,Wallet
O12426,C0325,P041,2025-10-05 0:00:00,3,6561.9,0,6561.9,2,Cancelled,Wallet
O12427,C0316,P059,2024-03-04 0:00:00,1,9397.69,10,8457.92,9,Cancelled,COD
O12428,C0089,P067,2023-08-21 0:00:00,1,4853.48,0,4853.48,9,Returned,Wallet
O12429,C0007,P033,2025-04-25 0:00:00,3,6211.97,5,5901.37,12,DELIVERED,Wallet
O12430,C0429,P040,2026-01-11 0:00:00,5,4585.79,20,3668.63,3,Cancelled,UPI
O12431,C0426,P068,2025-12-29 0:00:00,5,9701.69,5,9216.61,7,Delivered,COD
O12432,C0423,P014,2024-01-02 0:00:00,4,6203.23,20,4962.58,4,Cancelled,COD
O12433,C0490,P067,2025-11-17 0:00:00,4,8292.53,20,6634.02,7,Delivered,Wallet
O12434,C0002,P059,2026-03-03 0:00:00,1,1694.42,0,1694.42,11,Delivered,UPI
O12435,C0416,P084,2023-03-06 0:00:00,4,4704.74,10,4234.27,2,Delivered,Wallet
O12436,C0401,P085,2026-01-28 0:00:00,3,1519.29,15,1291.4,7,delivered,COD
O12437,C0417,P092,2023-01-06 0:00:00,2,8667.97,15,7367.77,12,delivered,COD
O12438,C0490,P012,2024-10-20 0:00:00,5,1302.69,0,1302.69,5,delivered,UPI
O12439,C0211,P043,2025-06-25 0:00:00,2,5357.71,5,5089.82,3,Delivered,Wallet
O12440,C0460,P008,2024-08-03 0:00:00,2,1238.31,0,1238.31,5,Returned,Wallet
O12441,C0400,P001,2024-10-20 0:00:00,4,9360.93,15,7956.79,2,Returned,Wallet
O12442,C0070,P064,2023-03-08 0:00:00,1,2146.23,15,1824.3,8,DELIVERED,Wallet
O12443,C0412,P020,2023-01-09 0:00:00,5,7474.07,10,6726.66,12,DELIVERED,COD
O12444,C0368,P087,2023-03-31 0:00:00,5,2560.33,10,2304.3,10,Cancelled,COD
O12445,C0001,P100,2024-08-08 0:00:00,4,7858.06,10,7072.25,10,DELIVERED,UPI
O12446,C0300,P019,2023-06-02 0:00:00,5,8195.09,5,7785.34,7,DELIVERED,Card
O12447,C0344,P013,2025-05-17 0:00:00,4,887.47,15,754.35,5,delivered,Card
O12448,C0118,P067,2024-11-23 0:00:00,1,2342.72,15,1991.31,5,DELIVERED,Wallet
O12449,C0135,P068,2023-03-05 0:00:00,4,7359.83,15,6255.86,1,DELIVERED,Wallet
O12450,C0136,P072,2023-09-11 0:00:00,2,3609.14,20,2887.31,6,delivered,COD
O12451,C0274,P017,2025-09-02 0:00:00,4,1395.02,10,1255.52,10,delivered,Wallet
O12452,C0062,P097,2026-01-29 0:00:00,1,5502.4,5,5227.28,4,Returned,UPI
O12453,C0011,P088,2024-04-03 0:00:00,2,3924.74,20,3139.79,2,Returned,UPI
O12454,C0403,P082,2025-01-05 0:00:00,5,5588.96,0,5588.96,3,DELIVERED,Card
O12455,C0131,P079,2024-08-27 0:00:00,5,4567.49,10,4110.74,5,Cancelled,Wallet
O12456,C0170,P063,2024-05-09 0:00:00,4,6734.07,10,6060.66,9,DELIVERED,Wallet
O12457,C0131,P010,2025-06-23 0:00:00,1,5975.54,10,5377.99,3,Returned,COD
O12458,C0024,P031,2023-05-06 0:00:00,2,8301.33,10,7471.2,3,Delivered,Wallet
O12459,C0001,P094,2023-10-28 0:00:00,3,2110.78,5,2005.24,6,DELIVERED,Wallet
O12460,C0126,P091,2025-03-01 0:00:00,1,3947.14,15,3355.07,7,Cancelled,Wallet
O12461,C0182,P006,2026-01-11 0:00:00,4,733.63,20,586.9,5,delivered,Wallet
O12462,C0216,P074,2025-01-16 0:00:00,3,8355.3,5,7937.53,8,delivered,Wallet
O12463,C0293,P088,2025-11-04 0:00:00,5,7981.96,5,7582.86,9,Cancelled,Wallet
O12464,C0023,P029,2025-04-11 0:00:00,2,7953.08,15,6760.12,8,Cancelled,COD
O12465,C0419,P071,2024-12-20 0:00:00,5,5481.14,5,5207.08,3,Returned,UPI
O12466,C0163,P073,2023-04-28 0:00:00,4,4466.49,20,3573.19,6,Delivered,Wallet
O12467,C0411,P062,2023-01-18 0:00:00,3,2535.83,20,2028.66,10,DELIVERED,Wallet
O12468,C0351,P075,2024-06-29 0:00:00,1,7291.65,10,6562.48,0,Delivered,Wallet
O12469,C0413,P080,2023-12-24 0:00:00,1,8158.74,10,7342.87,9,Returned,Wallet
O12470,C0017,P053,2026-02-25 0:00:00,1,6611.99,5,6281.39,12,Delivered,Wallet
O12471,C0081,P092,2023-09-06 0:00:00,4,7833.74,5,7442.05,7,delivered,UPI
O12472,C0183,P021,2023-05-25 0:00:00,2,882.78,0,882.78,10,DELIVERED,Wallet
O12473,C0242,P030,2024-11-10 0:00:00,1,8978.77,10,8080.89,9,delivered,Wallet
O12474,C0156,P065,2025-09-26 0:00:00,5,9852.83,20,7882.26,2,DELIVERED,COD
O12475,C0417,P098,2025-09-30 0:00:00,5,3135.48,0,3135.48,5,DELIVERED,Wallet
O12476,C0302,P030,2024-03-18 0:00:00,2,7248.76,5,6886.32,8,delivered,Card
O12477,C0387,P007,2025-07-20 0:00:00,3,4349.59,20,3479.67,12,Delivered,UPI
O12478,C0484,P024,2023-12-09 0:00:00,4,1937.5,15,1646.88,7,Delivered,Card
O12479,C0106,P060,2025-02-18 0:00:00,2,1279.02,15,1087.17,5,delivered,Wallet
O12480,C0265,P018,2025-07-29 0:00:00,1,2882.75,10,2594.47,8,Returned,Wallet
O12481,C0358,P071,2024-01-05 0:00:00,2,3561.63,20,2849.3,6,delivered,Wallet
O12482,C0067,P058,2025-07-20 0:00:00,2,8274.8,0,8274.8,7,Cancelled,Wallet
O12483,C0079,P077,2026-01-01 0:00:00,5,2225.42,5,2114.15,2,DELIVERED,Wallet
O12484,C0430,P077,2025-01-23 0:00:00,2,2774.64,0,2774.64,7,Delivered,Card
O12485,C0334,P076,2026-03-11 0:00:00,2,8324.81,15,7076.09,11,Delivered,Wallet
O12486,C0443,P052,2024-08-19 0:00:00,5,1185.18,15,1007.4,5,Returned,Wallet
O12487,C0121,P083,2026-01-19 0:00:00,1,1334.51,10,1201.06,8,Cancelled,Card
O12488,C0223,P044,2024-03-29 0:00:00,4,5102.17,5,4847.06,8,Returned,Wallet
O12489,C0480,P019,2024-06-24 0:00:00,2,1256.79,20,1005.43,10,Returned,UPI
O12490,C0420,P051,2025-05-01 0:00:00,4,7025.12,15,5971.35,3,Returned,UPI
O12491,C0182,P060,2025-04-11 0:00:00,5,1733.88,20,1387.1,5,DELIVERED,Wallet
O12492,C0445,P050,2025-06-26 0:00:00,2,6586.75,5,6257.41,1,Returned,Card
O12493,C0335,P097,2024-09-02 0:00:00,5,3992.49,5,3792.87,10,Delivered,COD
O12494,C0219,P099,2024-11-08 0:00:00,2,5846.53,20,4677.22,12,DELIVERED,COD
O12495,C0122,P072,2026-03-18 0:00:00,1,8724.14,15,7415.52,7,DELIVERED,COD
O12496,C0001,P023,2024-08-12 0:00:00,5,8065.35,10,7258.82,11,Returned,Card
O12497,C0286,P092,2025-12-15 0:00:00,4,7082.85,15,6020.42,11,delivered,Card
O12498,C0438,P053,2023-11-27 0:00:00,4,7935.17,5,7538.41,11,Cancelled,UPI
O12499,C0376,P094,2025-06-29 0:00:00,2,798.91,10,719.02,1,Cancelled,COD
O12500,C0477,P021,2024-09-17 0:00:00,4,4189.61,15,3561.17,11,DELIVERED,COD
O12501,C0157,P065,2024-04-04 0:00:00,5,3461.17,15,2941.99,9,Delivered,UPI
O12502,C0122,P034,2024-11-20 0:00:00,2,1893.06,10,1703.75,4,delivered,Wallet
O12503,C0121,P019,2024-06-27 0:00:00,3,628.91,0,628.91,1,DELIVERED,UPI
O12504,C0168,P061,2025-09-15 0:00:00,2,2682.06,5,2547.96,12,Returned,Card
O12505,C0274,P051,2024-02-10 0:00:00,2,9194.9,20,7355.92,1,Returned,Card
O12506,C0461,P037,2026-03-19 0:00:00,5,8431.04,20,6744.83,3,Cancelled,Wallet
O12507,C0001,P071,2023-08-04 0:00:00,2,1338.53,0,1338.53,3,DELIVERED,COD
O12508,C0410,P080,2025-05-30 0:00:00,2,4308.5,10,3877.65,2,Returned,COD
O12509,C0220,P012,2025-05-07 0:00:00,4,5633.8,15,4788.73,6,Returned,UPI
O12510,C0335,P045,2024-06-01 0:00:00,3,9355.87,5,8888.08,8,Cancelled,COD
O12511,C0349,P018,2024-11-23 0:00:00,1,9802.14,10,8821.93,11,DELIVERED,Card
O12512,C0451,P097,2023-12-22 0:00:00,2,4238.85,10,3814.97,1,Cancelled,Card
O12513,C0439,P007,2025-07-21 0:00:00,4,6121.82,5,5815.73,9,Cancelled,Wallet
O12514,C0269,P091,2024-06-01 0:00:00,2,757.09,5,719.24,2,delivered,Wallet
O12515,C0351,P057,2023-03-26 0:00:00,2,1925.92,15,1637.03,1,Returned,Wallet
O12516,C0003,P028,2024-06-04 0:00:00,1,3254.16,5,3091.45,7,Cancelled,UPI
O12517,C0368,P093,2024-12-18 0:00:00,1,5248.61,5,4986.18,4,DELIVERED,Wallet
O12518,C0314,P025,2023-02-24 0:00:00,2,1407.77,10,1266.99,11,DELIVERED,UPI
O12519,C0488,P083,2025-02-16 0:00:00,5,4148.4,0,4148.4,11,Cancelled,Card
O12520,C0410,P072,2024-04-14 0:00:00,5,1083.93,10,975.54,5,Cancelled,UPI
O12521,C0122,P016,2024-06-28 0:00:00,1,6950.79,20,5560.63,7,Cancelled,Wallet
O12522,C0378,P062,2025-10-13 0:00:00,1,3437.91,20,2750.33,6,DELIVERED,UPI
O12523,C0147,P039,2023-11-27 0:00:00,2,5440.38,5,5168.36,5,Returned,Card
O12524,C0084,P099,2025-04-30 0:00:00,3,8138.11,10,7324.3,7,Cancelled,COD
O12525,C0023,P078,2024-09-25 0:00:00,4,3507.44,0,3507.44,3,DELIVERED,UPI
O12526,C0309,P037,2023-10-09 0:00:00,2,956.24,0,956.24,6,Delivered,COD
O12527,C0132,P029,2024-01-28 0:00:00,1,600.85,15,510.72,10,delivered,UPI
O12528,C0458,P051,2024-11-01 0:00:00,2,1661.11,0,1661.11,12,delivered,Card
O12529,C0146,P095,2023-12-07 0:00:00,2,1118.66,5,1062.73,1,DELIVERED,COD
O12530,C0298,P024,2024-02-20 0:00:00,1,3147.62,0,3147.62,8,delivered,Wallet
O12531,C0103,P048,2026-01-29 0:00:00,2,6342.7,5,6025.56,6,Delivered,Wallet
O12532,C0215,P047,2026-02-16 0:00:00,1,8241,5,7828.95,4,DELIVERED,UPI
O12533,C0043,P094,2023-05-15 0:00:00,1,9190.26,10,8271.23,10,Cancelled,Card
O12534,C0113,P018,2023-12-03 0:00:00,4,1578.1,0,1578.1,11,delivered,Card
O12535,C0347,P016,2025-04-02 0:00:00,1,4547.96,20,3638.37,2,delivered,Card
O12536,C0425,P062,2025-04-14 0:00:00,4,1443.57,10,1299.21,3,DELIVERED,UPI
O12537,C0264,P097,2025-04-01 0:00:00,4,7858.9,5,7465.95,1,Returned,Wallet
O12538,C0098,P018,2023-03-06 0:00:00,3,3327.9,5,3161.51,6,delivered,Wallet
O12539,C0138,P003,2026-03-03 0:00:00,3,9814.35,5,9323.63,6,Cancelled,COD
O12540,C0260,P096,2023-01-30 0:00:00,2,3200.1,0,3200.1,9,Delivered,Wallet
O12541,C0036,P003,2025-07-13 0:00:00,1,8832.44,20,7065.95,3,Delivered,COD
O12542,C0471,P069,2025-04-28 0:00:00,5,1224.51,20,979.61,4,Delivered,COD
O12543,C0028,P003,2025-05-01 0:00:00,2,6967.57,0,6967.57,10,Returned,COD
O12544,C0195,P012,2025-06-07 0:00:00,3,5195.72,5,4935.93,1,DELIVERED,Wallet
O12545,C0235,P036,2024-04-06 0:00:00,1,8510.46,20,6808.37,12,Delivered,COD
O12546,C0072,P097,2023-06-19 0:00:00,4,4818.23,5,4577.32,6,delivered,Card
O12547,C0305,P039,2025-08-31 0:00:00,5,1162,15,987.7,10,DELIVERED,Wallet
O12548,C0178,P059,2024-01-26 0:00:00,2,7480.55,15,6358.47,8,Delivered,COD
O12549,C0386,P002,2024-06-03 0:00:00,5,4177.17,5,3968.31,12,Cancelled,Wallet
O12550,C0371,P030,2024-05-10 0:00:00,1,4574.5,15,3888.32,7,delivered,COD
O12551,C0268,P051,2026-01-12 0:00:00,5,2031.64,5,1930.06,6,delivered,UPI
O12552,C0180,P047,2023-03-11 0:00:00,5,1716.48,0,1716.48,6,Delivered,COD
O12553,C0107,P015,2024-01-28 0:00:00,3,9356.5,5,8888.67,6,DELIVERED,Wallet
O12554,C0342,P049,2025-04-10 0:00:00,4,6741.86,10,6067.67,8,delivered,COD
O12555,C0394,P069,2025-06-24 0:00:00,1,4709.1,0,4709.1,6,Returned,Card
O12556,C0231,P021,2025-03-19 0:00:00,1,632.62,20,506.1,9,DELIVERED,UPI
O12557,C0158,P028,2025-06-12 0:00:00,5,7623.37,0,7623.37,12,delivered,Wallet
O12558,C0053,P039,2025-02-03 0:00:00,1,7635.38,0,7635.38,8,Returned,UPI
O12559,C0161,P075,2024-08-06 0:00:00,5,2404.81,5,2284.57,9,Delivered,Wallet
O12560,C0363,P043,2025-04-20 0:00:00,4,8589.37,0,8589.37,2,Returned,UPI
O12561,C0317,P057,2025-05-16 0:00:00,1,6445.89,10,5801.3,2,Cancelled,COD
O12562,C0295,P054,2023-06-02 0:00:00,5,4320.19,0,4320.19,2,DELIVERED,UPI
O12563,C0173,P057,2024-09-02 0:00:00,1,3391.02,15,2882.37,2,delivered,Wallet
O12564,C0378,P027,2023-11-01 0:00:00,4,9733.72,0,9733.72,9,Cancelled,COD
O12565,C0457,P054,2024-09-02 0:00:00,2,4601.13,20,3680.9,7,Delivered,UPI
O12566,C0179,P056,2024-01-31 0:00:00,5,1167.08,0,1167.08,3,delivered,UPI
O12567,C0334,P036,2024-11-04 0:00:00,1,6077.4,0,6077.4,10,Returned,Wallet
O12568,C0208,P064,2023-08-07 0:00:00,4,4190.36,20,3352.29,7,DELIVERED,Wallet
O12569,C0170,P063,2024-08-05 0:00:00,4,2299.2,15,1954.32,5,Returned,COD
O12570,C0113,P002,2025-09-15 0:00:00,1,1759.28,10,1583.35,8,Delivered,Wallet
O12571,C0201,P032,2024-02-24 0:00:00,5,7075.47,10,6367.92,11,Delivered,Wallet
O12572,C0384,P097,2025-01-08 0:00:00,5,7215.17,0,7215.17,7,Delivered,UPI
O12573,C0162,P072,2024-10-25 0:00:00,5,859.89,20,687.91,11,Returned,Wallet
O12574,C0270,P058,2024-01-04 0:00:00,2,8179.12,10,7361.21,4,Delivered,COD
O12575,C0446,P065,2023-10-03 0:00:00,4,4776.06,0,4776.06,12,Returned,Wallet
O12576,C0210,P086,2025-05-28 0:00:00,2,6040.56,0,6040.56,1,DELIVERED,Wallet
O12577,C0251,P084,2025-08-08 0:00:00,3,4593.1,5,4363.44,3,Cancelled,COD
O12578,C0478,P088,2024-04-23 0:00:00,2,871.16,15,740.49,1,DELIVERED,COD
O12579,C0125,P100,2023-11-21 0:00:00,4,3109.72,15,2643.26,12,Delivered,Wallet
O12580,C0113,P026,2024-05-01 0:00:00,1,2188.32,10,1969.49,4,Cancelled,COD
O12581,C0470,P085,2024-12-04 0:00:00,4,4634.89,0,4634.89,1,Returned,Wallet
O12582,C0359,P018,2024-02-10 0:00:00,1,8175.94,0,8175.94,10,DELIVERED,UPI
O12583,C0140,P024,2024-06-08 0:00:00,5,4535.33,15,3855.03,8,DELIVERED,Wallet
O12584,C0162,P008,2025-01-09 0:00:00,1,3489.76,10,3140.78,11,Cancelled,UPI
O12585,C0091,P020,2024-11-06 0:00:00,3,2616.06,15,2223.65,4,DELIVERED,COD
O12586,C0156,P053,2025-02-16 0:00:00,2,5349.41,0,5349.41,7,Cancelled,Wallet
O12587,C0045,P097,2026-02-13 0:00:00,1,3356.54,10,3020.89,8,Returned,Wallet
O12588,C0478,P066,2024-11-19 0:00:00,4,5422.68,5,5151.55,6,Delivered,Wallet
O12589,C0095,P025,2025-02-28 0:00:00,2,8012.57,10,7211.31,1,Cancelled,UPI
O12590,C0417,P083,2025-06-11 0:00:00,5,1453.77,5,1381.08,9,Cancelled,Wallet
O12591,C0478,P087,2023-04-10 0:00:00,5,5599.89,15,4759.91,12,delivered,Card
O12592,C0376,P100,2023-06-27 0:00:00,4,9314.31,0,9314.31,11,delivered,Wallet
O12593,C0077,P030,2024-11-09 0:00:00,2,2402.44,10,2162.2,3,delivered,Card
O12594,C0269,P085,2025-12-28 0:00:00,5,2009.72,20,1607.78,3,delivered,COD
O12595,C0497,P008,2024-05-02 0:00:00,5,3552.07,5,3374.47,7,delivered,Wallet
O12596,C0076,P099,2024-07-24 0:00:00,5,1524.47,10,1372.02,1,delivered,Card
O12597,C0198,P074,2026-03-01 0:00:00,5,8507.88,5,8082.49,7,Returned,COD
O12598,C0417,P030,2024-04-12 0:00:00,3,5492.06,0,5492.06,5,Cancelled,COD
O12599,C0122,P022,2025-09-22 0:00:00,4,1208.84,15,1027.51,11,delivered,Card
O12600,C0338,P011,2026-01-14 0:00:00,1,4880.43,20,3904.34,12,delivered,Wallet
O12601,C0361,P014,2024-03-31 0:00:00,1,3334.15,20,2667.32,10,Delivered,Card
O12602,C0308,P053,2024-11-06 0:00:00,1,2521.87,20,2017.5,10,DELIVERED,Wallet
O12603,C0064,P006,2025-02-24 0:00:00,5,4803.59,15,4083.05,10,delivered,UPI
O12604,C0019,P100,2026-03-22 0:00:00,2,8718.79,10,7846.91,1,Returned,Wallet
O12605,C0209,P100,2024-07-06 0:00:00,4,4864.94,5,4621.69,6,DELIVERED,Wallet
O12606,C0315,P075,2025-01-28 0:00:00,3,6606.66,15,5615.66,9,Returned,Wallet
O12607,C0228,P080,2023-04-06 0:00:00,4,1034.25,20,827.4,11,Cancelled,COD
O12608,C0456,P002,2026-03-27 0:00:00,3,6701.49,10,6031.34,7,Cancelled,COD
O12609,C0062,P048,2025-04-16 0:00:00,5,8734.59,15,7424.4,6,Cancelled,UPI
O12610,C0236,P083,2024-05-20 0:00:00,1,6105.98,15,5190.08,4,Returned,Wallet
O12611,C0403,P059,2026-02-04 0:00:00,2,3868.52,0,3868.52,6,Cancelled,COD
O12612,C0342,P070,2025-04-16 0:00:00,5,1675.98,15,1424.58,8,delivered,Wallet
O12613,C0448,P059,2025-06-12 0:00:00,4,8846.84,0,8846.84,6,DELIVERED,Wallet
O12614,C0453,P097,2024-04-09 0:00:00,2,8591.99,10,7732.79,5,delivered,Wallet
O12615,C0045,P055,2025-07-01 0:00:00,4,4444.89,20,3555.91,10,delivered,Card
O12616,C0122,P077,2025-09-02 0:00:00,3,2316.19,15,1968.76,11,Returned,Card
O12617,C0486,P003,2023-10-02 0:00:00,1,9044.7,0,9044.7,6,delivered,Wallet
O12618,C0231,P047,2024-05-05 0:00:00,1,5379.92,10,4841.93,7,delivered,COD
O12619,C0087,P087,2026-02-23 0:00:00,1,3299.13,0,3299.13,2,DELIVERED,UPI
O12620,C0229,P054,2023-02-18 0:00:00,4,7736.9,15,6576.36,5,DELIVERED,Wallet
O12621,C0275,P091,2026-02-11 0:00:00,2,6804.55,10,6124.1,8,Delivered,COD
O12622,C0458,P071,2023-04-14 0:00:00,1,9804.83,5,9314.59,12,Delivered,COD
O12623,C0340,P043,2024-07-04 0:00:00,2,7297.49,10,6567.74,10,DELIVERED,COD
O12624,C0297,P069,2025-03-03 0:00:00,3,5912.77,10,5321.49,6,DELIVERED,Wallet
O12625,C0312,P017,2023-09-22 0:00:00,2,3143.49,20,2514.79,11,Returned,Card
O12626,C0282,P093,2025-06-28 0:00:00,4,3003.34,15,2552.84,5,DELIVERED,UPI
O12627,C0422,P034,2023-03-28 0:00:00,2,7271.02,10,6543.92,2,DELIVERED,Wallet
O12628,C0305,P051,2024-12-12 0:00:00,3,6338.54,20,5070.83,6,Delivered,Card
O12629,C0477,P092,2024-12-18 0:00:00,1,2134.96,20,1707.97,2,Delivered,UPI
O12630,C0022,P026,2026-01-16 0:00:00,3,2499.4,10,2249.46,7,DELIVERED,Wallet
O12631,C0063,P075,2023-12-27 0:00:00,4,3998.07,15,3398.36,11,DELIVERED,Wallet
O12632,C0040,P019,2023-10-20 0:00:00,3,6312.18,0,6312.18,9,delivered,Card
O12633,C0087,P021,2025-07-11 0:00:00,5,1084.83,10,976.35,1,Delivered,Wallet
O12634,C0319,P027,2024-02-04 0:00:00,4,7810.11,15,6638.59,1,Cancelled,Wallet
O12635,C0268,P081,2025-02-08 0:00:00,2,9403.25,20,7522.6,8,delivered,Wallet
O12636,C0168,P097,2025-02-03 0:00:00,4,7656.4,5,7273.58,1,DELIVERED,COD
O12637,C0242,P002,2024-01-12 0:00:00,2,2762.41,15,2348.05,10,Cancelled,Wallet
O12638,C0474,P015,2025-03-21 0:00:00,4,3070.66,0,3070.66,4,Delivered,COD
O12639,C0134,P063,2023-08-14 0:00:00,3,9438.34,20,7550.67,8,DELIVERED,COD
O12640,C0141,P007,2024-01-17 0:00:00,5,6344.46,20,5075.57,6,Cancelled,COD
O12641,C0136,P015,2024-08-02 0:00:00,2,4867.56,0,4867.56,7,DELIVERED,Card
O12642,C0026,P021,2023-03-12 0:00:00,4,9038.72,5,8586.78,7,DELIVERED,UPI
O12643,C0239,P090,2026-04-06 0:00:00,2,3831.9,5,3640.3,6,Cancelled,COD
O12644,C0053,P079,2024-06-16 0:00:00,5,5375.47,15,4569.15,10,Delivered,UPI
O12645,C0008,P056,2023-06-19 0:00:00,1,9660.12,0,9660.12,6,Cancelled,UPI
O12646,C0054,P078,2025-05-09 0:00:00,3,911.74,5,866.15,10,Delivered,Wallet
O12647,C0264,P018,2023-10-26 0:00:00,1,3060.99,10,2754.89,12,Delivered,Card
O12648,C0419,P005,2026-03-30 0:00:00,4,4874.02,10,4386.62,2,Returned,Card
O12649,C0446,P016,2025-04-08 0:00:00,3,5477.03,5,5203.18,5,DELIVERED,Wallet
O12650,C0366,P066,2023-05-19 0:00:00,1,9514.72,20,7611.78,3,Returned,COD
O12651,C0434,P010,2023-03-28 0:00:00,4,9112.14,0,9112.14,4,delivered,UPI
O12652,C0499,P084,2025-09-26 0:00:00,1,889.07,5,844.62,10,Delivered,Card
O12653,C0407,P044,2024-04-21 0:00:00,3,7730.32,10,6957.29,10,Cancelled,COD
O12654,C0034,P015,2024-10-08 0:00:00,2,8702.12,5,8267.01,10,Cancelled,Wallet
O12655,C0448,P072,2024-06-12 0:00:00,5,8785.93,0,8785.93,1,Delivered,Wallet
O12656,C0410,P014,2025-09-06 0:00:00,4,4483.46,20,3586.77,12,Returned,Card
O12657,C0374,P096,2023-01-05 0:00:00,4,3411.65,10,3070.49,9,delivered,Wallet
O12658,C0314,P014,2024-11-21 0:00:00,4,6615.58,5,6284.8,8,DELIVERED,Wallet
O12659,C0491,P087,2025-11-15 0:00:00,1,4399.23,0,4399.23,5,delivered,Wallet
O12660,C0240,P090,2025-10-21 0:00:00,2,2233.3,0,2233.3,10,Cancelled,Wallet
O12661,C0307,P007,2023-04-28 0:00:00,3,5549.93,20,4439.94,12,Returned,Wallet
O12662,C0235,P041,2024-08-04 0:00:00,3,4576.68,10,4119.01,1,delivered,UPI
O12663,C0292,P075,2025-12-19 0:00:00,1,7182.71,5,6823.57,7,Returned,COD
O12664,C0139,P016,2024-04-15 0:00:00,4,6533.8,5,6207.11,4,Returned,UPI
O12665,C0421,P036,2024-12-24 0:00:00,2,9788.65,0,9788.65,6,Cancelled,Wallet
O12666,C0025,P016,2026-01-17 0:00:00,1,2017.25,10,1815.53,5,Returned,Wallet
O12667,C0259,P019,2025-09-19 0:00:00,1,9679.67,5,9195.69,12,delivered,Card
O12668,C0429,P087,2025-10-07 0:00:00,4,1277.62,20,1022.1,8,Cancelled,Wallet
O12669,C0470,P087,2026-02-02 0:00:00,3,1391.39,10,1252.25,8,DELIVERED,Card
O12670,C0332,P099,2023-03-20 0:00:00,2,6751.27,20,5401.02,2,DELIVERED,UPI
O12671,C0007,P092,2025-03-12 0:00:00,5,2083.32,5,1979.15,6,DELIVERED,COD
O12672,C0232,P005,2023-12-13 0:00:00,2,2777.44,10,2499.7,9,Returned,UPI
O12673,C0346,P095,2023-03-15 0:00:00,1,4222.41,15,3589.05,11,delivered,Card
O12674,C0027,P060,2025-05-03 0:00:00,1,7734.86,20,6187.89,7,delivered,Wallet
O12675,C0378,P045,2025-02-10 0:00:00,2,8245.22,15,7008.44,3,Delivered,Card
O12676,C0060,P013,2024-05-12 0:00:00,5,3565.97,20,2852.78,4,delivered,UPI
O12677,C0367,P098,2025-01-26 0:00:00,1,5842.85,0,5842.85,12,Returned,UPI
O12678,C0278,P012,2024-05-23 0:00:00,1,6914.15,15,5877.03,4,Cancelled,UPI
O12679,C0052,P068,2024-10-24 0:00:00,2,6223.86,20,4979.09,7,Cancelled,Wallet
O12680,C0356,P043,2026-01-27 0:00:00,2,3378.95,5,3210,8,Delivered,Wallet
O12681,C0398,P038,2025-11-24 0:00:00,1,9994.66,20,7995.73,6,DELIVERED,UPI
O12682,C0225,P096,2025-07-03 0:00:00,1,9772.17,0,9772.17,3,delivered,UPI
O12683,C0168,P048,2025-02-08 0:00:00,4,3218.29,0,3218.29,8,delivered,COD
O12684,C0463,P077,2024-06-28 0:00:00,1,660.7,0,660.7,1,Returned,Wallet
O12685,C0327,P057,2024-04-07 0:00:00,3,3423.98,20,2739.18,5,Delivered,Wallet
O12686,C0108,P026,2026-03-01 0:00:00,4,5402.1,15,4591.78,6,DELIVERED,Wallet
O12687,C0405,P091,2025-09-09 0:00:00,5,2252.9,15,1914.96,11,DELIVERED,Wallet
O12688,C0078,P094,2023-06-26 0:00:00,4,2582.03,20,2065.62,11,Delivered,COD
O12689,C0376,P055,2025-03-11 0:00:00,1,2538.88,5,2411.94,5,DELIVERED,Wallet
O12690,C0215,P020,2025-11-16 0:00:00,5,5764.19,10,5187.77,6,Cancelled,COD
O12691,C0222,P094,2025-05-05 0:00:00,1,2993.43,10,2694.09,12,Delivered,Wallet
O12692,C0413,P080,2026-04-09 0:00:00,2,7164.39,0,7164.39,3,DELIVERED,Wallet
O12693,C0474,P026,2025-04-30 0:00:00,2,1901.08,5,1806.03,4,Delivered,COD
O12694,C0179,P064,2023-03-30 0:00:00,2,4266.75,20,3413.4,9,DELIVERED,Card
O12695,C0476,P039,2024-10-15 0:00:00,1,6664.65,5,6331.42,6,Delivered,COD
O12696,C0292,P018,2023-09-26 0:00:00,5,1121.73,0,1121.73,12,Delivered,Wallet
O12697,C0362,P007,2023-04-25 0:00:00,1,9347.45,0,9347.45,12,delivered,Wallet
O12698,C0041,P035,2023-05-18 0:00:00,4,2850.57,0,2850.57,2,delivered,COD
O12699,C0253,P036,2025-05-22 0:00:00,2,8201.2,20,6560.96,11,Returned,COD
O12700,C0185,P068,2023-10-08 0:00:00,5,4612.96,5,4382.31,6,delivered,UPI
O12701,C0115,P003,2023-11-07 0:00:00,3,2293.77,5,2179.08,9,DELIVERED,Card
O12702,C0473,P019,2025-06-22 0:00:00,5,875.6,5,831.82,11,delivered,COD
O12703,C0486,P023,2023-09-22 0:00:00,4,6344.65,0,6344.65,1,DELIVERED,Wallet
O12704,C0235,P089,2025-10-13 0:00:00,3,5968.73,5,5670.29,1,DELIVERED,COD
O12705,C0149,P035,2023-03-07 0:00:00,2,6831.55,0,6831.55,5,delivered,Wallet
O12706,C0468,P084,2024-11-26 0:00:00,1,1034.21,5,982.5,10,Cancelled,UPI
O12707,C0389,P047,2024-01-21 0:00:00,2,5625.75,0,5625.75,4,DELIVERED,COD
O12708,C0385,P043,2025-07-19 0:00:00,5,8562.23,0,8562.23,7,Returned,Card
O12709,C0482,P030,2026-03-08 0:00:00,4,967.2,0,967.2,5,DELIVERED,Wallet
O12710,C0085,P030,2025-09-22 0:00:00,3,1485.28,5,1411.02,12,DELIVERED,UPI
O12711,C0166,P061,2024-11-28 0:00:00,3,817.28,15,694.69,5,Cancelled,UPI
O12712,C0010,P098,2023-03-19 0:00:00,3,6645.1,15,5648.34,8,Cancelled,Wallet
O12713,C0092,P052,2026-01-22 0:00:00,2,3770.88,15,3205.25,2,delivered,UPI
O12714,C0348,P077,2026-02-26 0:00:00,5,6452.58,5,6129.95,4,DELIVERED,UPI
O12715,C0043,P072,2024-10-04 0:00:00,2,7263.85,5,6900.66,4,DELIVERED,Wallet
O12716,C0150,P058,2024-02-25 0:00:00,4,9764.11,0,9764.11,6,Returned,Card
O12717,C0270,P086,2023-03-12 0:00:00,3,7741.32,20,6193.06,6,Cancelled,Card
O12718,C0006,P033,2023-03-28 0:00:00,2,7921.2,0,7921.2,6,Delivered,Card
O12719,C0349,P082,2024-06-10 0:00:00,5,970.97,10,873.87,4,delivered,UPI
O12720,C0445,P023,2025-02-25 0:00:00,3,1124.36,15,955.71,6,delivered,Wallet
O12721,C0098,P064,2023-10-02 0:00:00,2,1078.83,5,1024.89,4,delivered,UPI
O12722,C0132,P011,2024-10-22 0:00:00,3,5248.7,0,5248.7,9,Delivered,Wallet
O12723,C0105,P063,2024-04-22 0:00:00,1,7578.26,15,6441.52,4,Returned,Wallet
O12724,C0390,P003,2024-08-31 0:00:00,2,516.43,15,438.97,5,delivered,UPI
O12725,C0105,P093,2023-09-22 0:00:00,3,2916.63,15,2479.14,3,delivered,Card
O12726,C0123,P015,2023-04-28 0:00:00,4,7175.16,0,7175.16,8,Returned,UPI
O12727,C0137,P072,2023-12-04 0:00:00,5,3196.72,10,2877.05,6,Returned,Wallet
O12728,C0357,P030,2025-06-26 0:00:00,3,4651.88,0,4651.88,11,DELIVERED,UPI
O12729,C0441,P091,2023-07-17 0:00:00,1,2689.72,0,2689.72,11,delivered,COD
O12730,C0325,P009,2025-01-31 0:00:00,5,6233.8,5,5922.11,8,Returned,COD
O12731,C0391,P095,2024-11-07 0:00:00,4,7210.17,20,5768.14,4,DELIVERED,UPI
O12732,C0217,P091,2023-11-21 0:00:00,2,4331.26,10,3898.13,10,delivered,UPI
O12733,C0141,P032,2023-08-08 0:00:00,2,8019.89,0,8019.89,12,Delivered,UPI
O12734,C0089,P092,2024-11-25 0:00:00,5,1787.26,5,1697.9,1,Returned,UPI
O12735,C0272,P035,2024-08-24 0:00:00,2,6008.13,15,5106.91,4,DELIVERED,UPI
O12736,C0260,P044,2025-05-23 0:00:00,3,6213.14,5,5902.48,9,Delivered,Wallet
O12737,C0405,P081,2023-12-28 0:00:00,5,9949.05,15,8456.69,11,DELIVERED,COD
O12738,C0145,P047,2026-01-25 0:00:00,3,2716.6,20,2173.28,6,delivered,Wallet
O12739,C0409,P088,2025-04-12 0:00:00,2,4902.94,10,4412.65,3,Delivered,UPI
O12740,C0031,P090,2024-04-08 0:00:00,5,3799.09,5,3609.14,8,Delivered,COD
O12741,C0009,P052,2024-08-11 0:00:00,3,2885.44,10,2596.9,5,DELIVERED,UPI
O12742,C0174,P034,2023-10-29 0:00:00,2,3598.3,0,3598.3,5,delivered,UPI
O12743,C0156,P001,2023-09-10 0:00:00,2,3206.5,0,3206.5,12,Delivered,Card
O12744,C0132,P045,2025-02-21 0:00:00,3,6232.45,15,5297.58,3,Returned,Wallet
O12745,C0013,P041,2024-08-04 0:00:00,5,7404.37,0,7404.37,12,Delivered,COD
O12746,C0092,P065,2024-01-21 0:00:00,4,5261.07,10,4734.96,10,Returned,Card
O12747,C0112,P064,2024-10-07 0:00:00,5,3625.39,5,3444.12,1,Delivered,Wallet
O12748,C0007,P072,2025-10-24 0:00:00,4,6599.32,15,5609.42,10,Delivered,UPI
O12749,C0352,P050,2024-05-07 0:00:00,5,1508.36,15,1282.11,3,Cancelled,Wallet
O12750,C0008,P078,2023-07-08 0:00:00,5,2243.78,0,2243.78,11,Returned,COD
O12751,C0371,P053,2025-10-23 0:00:00,1,6015.56,5,5714.78,12,DELIVERED,UPI
O12752,C0140,P077,2023-09-27 0:00:00,2,3169.63,20,2535.7,4,Returned,COD
O12753,C0304,P077,2024-07-11 0:00:00,3,9919.22,10,8927.3,12,DELIVERED,Wallet
O12754,C0417,P037,2026-01-24 0:00:00,5,8351.79,15,7099.02,1,Delivered,UPI
O12755,C0153,P049,2024-04-20 0:00:00,5,9051.41,10,8146.27,6,Cancelled,COD
O12756,C0326,P038,2025-02-01 0:00:00,1,8747.68,20,6998.14,7,DELIVERED,COD
O12757,C0246,P002,2023-09-10 0:00:00,2,4481.33,15,3809.13,8,Cancelled,Wallet
O12758,C0137,P088,2024-09-09 0:00:00,1,1252.65,0,1252.65,4,Cancelled,Wallet
O12759,C0280,P061,2023-06-18 0:00:00,3,5834.25,0,5834.25,11,Returned,Wallet
O12760,C0391,P067,2024-07-29 0:00:00,2,4811.25,20,3849,8,Delivered,Card
O12761,C0315,P089,2024-04-06 0:00:00,2,1567.44,10,1410.7,2,delivered,COD
O12762,C0472,P087,2023-03-25 0:00:00,5,3412.61,5,3241.98,1,DELIVERED,COD
O12763,C0440,P085,2023-01-31 0:00:00,4,3078.01,0,3078.01,9,Returned,UPI
O12764,C0422,P076,2023-12-12 0:00:00,3,9597.62,15,8157.98,4,Delivered,UPI
O12765,C0057,P099,2023-04-17 0:00:00,5,2244.73,5,2132.49,10,Cancelled,Wallet
O12766,C0104,P078,2023-01-02 0:00:00,4,2934.84,20,2347.87,1,Cancelled,COD
O12767,C0338,P090,2026-03-25 0:00:00,4,9136.97,0,9136.97,9,Delivered,COD
O12768,C0391,P076,2023-06-10 0:00:00,1,4392.44,15,3733.57,5,Cancelled,COD
O12769,C0307,P042,2025-06-21 0:00:00,3,3557.47,15,3023.85,6,Cancelled,Wallet
O12770,C0216,P088,2025-02-13 0:00:00,4,8953.42,5,8505.75,7,delivered,UPI
O12771,C0370,P013,2025-12-24 0:00:00,3,7437.61,15,6321.97,7,Delivered,Card
O12772,C0197,P040,2026-03-03 0:00:00,2,9280.81,10,8352.73,1,Delivered,Wallet
O12773,C0386,P039,2025-11-06 0:00:00,3,5302.91,15,4507.47,2,Delivered,UPI
O12774,C0479,P071,2025-12-29 0:00:00,5,2545.78,5,2418.49,5,Cancelled,Wallet
O12775,C0499,P074,2025-11-24 0:00:00,3,8504.12,0,8504.12,3,Returned,Card
O12776,C0227,P096,2023-05-01 0:00:00,2,2579.9,15,2192.91,7,Delivered,Wallet
O12777,C0424,P066,2023-02-24 0:00:00,1,9264.24,15,7874.6,6,delivered,UPI
O12778,C0487,P073,2023-03-11 0:00:00,5,8858.82,5,8415.88,11,delivered,Wallet
O12779,C0047,P078,2023-08-17 0:00:00,1,4368.71,10,3931.84,4,Delivered,Wallet
O12780,C0018,P029,2023-08-12 0:00:00,4,6207.33,5,5896.96,2,Delivered,UPI
O12781,C0162,P089,2025-08-06 0:00:00,2,8873.67,15,7542.62,4,Delivered,UPI
O12782,C0299,P061,2025-04-23 0:00:00,4,4622.56,5,4391.43,11,Delivered,Card
O12783,C0194,P003,2023-08-27 0:00:00,5,4231.96,20,3385.57,12,Cancelled,COD
O12784,C0048,P033,2024-10-22 0:00:00,2,6247.29,15,5310.2,9,Delivered,UPI
O12785,C0155,P075,2023-03-02 0:00:00,3,6057.44,5,5754.57,11,Returned,Wallet
O12786,C0281,P003,2023-08-03 0:00:00,5,923.22,10,830.9,5,DELIVERED,UPI
O12787,C0071,P086,2024-11-06 0:00:00,5,737.71,20,590.17,2,Delivered,Card
O12788,C0023,P086,2026-02-20 0:00:00,4,3655.87,10,3290.28,9,Delivered,UPI
O12789,C0129,P080,2023-04-08 0:00:00,3,4010.99,10,3609.89,2,delivered,COD
O12790,C0244,P059,2025-02-09 0:00:00,4,9115.85,20,7292.68,5,DELIVERED,Wallet
O12791,C0164,P100,2023-06-21 0:00:00,2,5200.47,5,4940.45,5,Cancelled,Wallet
O12792,C0122,P009,2024-11-20 0:00:00,4,2783.6,0,2783.6,10,delivered,UPI
O12793,C0057,P061,2024-03-13 0:00:00,1,2909.49,5,2764.02,4,Returned,Card
O12794,C0408,P042,2024-10-20 0:00:00,4,6450.09,5,6127.59,9,Delivered,COD
O12795,C0100,P093,2025-09-02 0:00:00,2,6716.36,0,6716.36,4,Cancelled,Card
O12796,C0488,P094,2023-11-10 0:00:00,1,5721.07,20,4576.86,4,Returned,UPI
O12797,C0288,P028,2025-05-19 0:00:00,2,5290.61,10,4761.55,4,DELIVERED,Card
O12798,C0006,P095,2025-12-10 0:00:00,3,6764.78,0,6764.78,10,Cancelled,COD
O12799,C0158,P050,2023-12-14 0:00:00,4,4883.11,15,4150.64,5,Delivered,Wallet
O12800,C0442,P008,2024-12-26 0:00:00,1,6644.27,0,6644.27,1,Returned,COD
O12801,C0104,P020,2023-10-16 0:00:00,1,5955.3,0,5955.3,11,Cancelled,Wallet
O12802,C0272,P098,2025-11-02 0:00:00,1,2481.97,20,1985.58,12,Delivered,UPI
O12803,C0246,P010,2023-12-25 0:00:00,3,4868.43,10,4381.59,6,Cancelled,Wallet
O12804,C0027,P007,2023-04-21 0:00:00,4,2113.84,0,2113.84,3,Delivered,COD
O12805,C0233,P070,2024-06-20 0:00:00,3,4610.09,20,3688.07,10,delivered,COD
O12806,C0043,P052,2026-01-29 0:00:00,3,2472.96,20,1978.37,2,DELIVERED,Wallet
O12807,C0451,P037,2024-11-24 0:00:00,5,906.88,0,906.88,3,Returned,Wallet
O12808,C0137,P043,2024-02-12 0:00:00,4,3359.48,0,3359.48,11,Cancelled,COD
O12809,C0195,P009,2023-03-23 0:00:00,4,2408.98,10,2168.08,7,Returned,Wallet
O12810,C0188,P087,2024-04-30 0:00:00,3,9676.29,5,9192.48,1,Returned,Wallet
O12811,C0452,P016,2025-09-08 0:00:00,1,6769.26,20,5415.41,8,DELIVERED,Wallet
O12812,C0472,P009,2023-06-03 0:00:00,5,7495.72,5,7120.93,8,DELIVERED,Wallet
O12813,C0201,P095,2025-04-25 0:00:00,5,2337.98,10,2104.18,4,DELIVERED,Wallet
O12814,C0334,P087,2025-07-07 0:00:00,3,2036.52,5,1934.69,2,Returned,Wallet
O12815,C0479,P036,2024-08-04 0:00:00,4,8573.18,0,8573.18,10,Cancelled,Wallet
O12816,C0013,P084,2025-09-21 0:00:00,3,3419.13,5,3248.17,8,DELIVERED,Card
O12817,C0387,P024,2023-02-10 0:00:00,2,1555.03,10,1399.53,4,Cancelled,COD
O12818,C0416,P052,2023-06-11 0:00:00,4,4829.71,5,4588.22,8,DELIVERED,Wallet
O12819,C0248,P078,2026-04-01 0:00:00,5,9770.2,0,9770.2,2,Returned,Wallet
O12820,C0326,P079,2023-04-24 0:00:00,1,8557,20,6845.6,11,Cancelled,Wallet
O12821,C0488,P022,2023-06-09 0:00:00,4,7875.6,5,7481.82,7,Returned,Wallet
O12822,C0023,P017,2023-04-04 0:00:00,4,6961.29,0,6961.29,2,Delivered,COD
O12823,C0386,P091,2024-07-18 0:00:00,3,6456.68,0,6456.68,2,Returned,Wallet
O12824,C0068,P011,2024-07-07 0:00:00,2,1732.02,20,1385.62,11,Delivered,COD
O12825,C0056,P087,2025-07-25 0:00:00,3,5320.59,0,5320.59,4,DELIVERED,Wallet
O12826,C0263,P090,2024-12-11 0:00:00,1,6846.5,20,5477.2,1,Cancelled,COD
O12827,C0188,P069,2024-07-14 0:00:00,1,4683.34,0,4683.34,7,Cancelled,COD
O12828,C0052,P023,2026-03-19 0:00:00,1,3401.65,5,3231.57,3,Returned,UPI
O12829,C0212,P047,2025-07-25 0:00:00,4,7191.47,15,6112.75,3,Cancelled,UPI
O12830,C0438,P094,2025-08-18 0:00:00,2,9425.98,5,8954.68,1,Delivered,UPI
O12831,C0327,P065,2023-10-01 0:00:00,2,8242.51,20,6594.01,6,delivered,Card
O12832,C0452,P015,2026-03-28 0:00:00,2,5337.54,0,5337.54,1,Delivered,Card
O12833,C0228,P050,2025-05-29 0:00:00,2,1790.16,15,1521.64,12,Cancelled,COD
O12834,C0017,P081,2025-07-09 0:00:00,1,9553.43,5,9075.76,4,Returned,UPI
O12835,C0139,P066,2026-01-12 0:00:00,1,9399.95,10,8459.96,12,Delivered,Wallet
O12836,C0216,P014,2024-01-01 0:00:00,4,2685.33,15,2282.53,11,Cancelled,Card
O12837,C0424,P092,2024-03-28 0:00:00,5,5521.41,5,5245.34,5,Cancelled,Wallet
O12838,C0276,P043,2025-08-25 0:00:00,4,4905.22,5,4659.96,10,delivered,Wallet
O12839,C0061,P072,2023-11-03 0:00:00,2,4382.88,10,3944.59,5,delivered,COD
O12840,C0210,P092,2023-12-03 0:00:00,1,6490.17,0,6490.17,11,Returned,Wallet
O12841,C0026,P067,2025-09-18 0:00:00,2,5538.91,10,4985.02,6,Cancelled,Card
O12842,C0017,P031,2024-03-28 0:00:00,5,4758.01,0,4758.01,2,Returned,Wallet
O12843,C0143,P016,2025-08-14 0:00:00,2,5619.57,0,5619.57,9,Delivered,UPI
O12844,C0171,P010,2026-03-31 0:00:00,2,8617.42,10,7755.68,12,Returned,UPI
O12845,C0296,P059,2024-06-21 0:00:00,4,2691.44,20,2153.15,7,Cancelled,Card
O12846,C0237,P086,2023-03-15 0:00:00,4,7499.6,20,5999.68,8,Returned,UPI
O12847,C0321,P005,2025-03-01 0:00:00,5,7403.13,10,6662.82,10,Cancelled,Wallet
O12848,C0442,P003,2023-07-08 0:00:00,3,2458.62,15,2089.83,4,Returned,Wallet
O12849,C0383,P060,2024-07-26 0:00:00,4,3925.04,5,3728.79,7,Cancelled,Wallet
O12850,C0335,P054,2023-05-18 0:00:00,5,3965.6,0,3965.6,3,DELIVERED,Wallet
O12851,C0026,P023,2023-12-29 0:00:00,1,3474.46,0,3474.46,9,DELIVERED,UPI
O12852,C0092,P018,2023-06-17 0:00:00,4,3890.09,0,3890.09,5,DELIVERED,UPI
O12853,C0497,P043,2024-11-03 0:00:00,3,8921.92,15,7583.63,5,Delivered,UPI
O12854,C0478,P009,2026-01-26 0:00:00,5,5685.13,0,5685.13,10,Returned,UPI
O12855,C0235,P059,2025-09-17 0:00:00,2,3480.39,10,3132.35,6,Returned,UPI
O12856,C0163,P041,2026-04-06 0:00:00,3,3575.98,20,2860.78,2,Returned,Wallet
O12857,C0286,P063,2024-06-21 0:00:00,2,5205.43,0,5205.43,9,delivered,Card
O12858,C0295,P038,2025-11-16 0:00:00,2,3957.87,15,3364.19,6,Returned,COD
O12859,C0050,P032,2024-01-17 0:00:00,4,3789.18,10,3410.26,5,Cancelled,UPI
O12860,C0079,P080,2023-10-31 0:00:00,3,8328.66,10,7495.79,6,delivered,UPI
O12861,C0250,P019,2025-09-23 0:00:00,3,4348.22,0,4348.22,3,Cancelled,Card
O12862,C0434,P033,2023-02-24 0:00:00,5,2145.26,0,2145.26,7,Cancelled,Wallet
O12863,C0119,P080,2025-12-16 0:00:00,3,9804.63,10,8824.17,1,DELIVERED,Wallet
O12864,C0004,P024,2024-02-22 0:00:00,4,2083.9,0,2083.9,1,DELIVERED,UPI
O12865,C0181,P081,2025-06-25 0:00:00,3,2452.46,5,2329.84,6,DELIVERED,COD
O12866,C0124,P070,2024-04-25 0:00:00,1,8993.74,5,8544.05,4,delivered,Wallet
O12867,C0360,P031,2025-04-29 0:00:00,5,627.52,10,564.77,10,Cancelled,COD
O12868,C0253,P056,2026-04-02 0:00:00,5,6951.95,10,6256.76,12,DELIVERED,UPI
O12869,C0056,P013,2023-06-20 0:00:00,3,5702.55,15,4847.17,6,Cancelled,UPI
O12870,C0260,P064,2023-05-21 0:00:00,1,5711.91,0,5711.91,10,Cancelled,Wallet
O12871,C0143,P069,2023-07-18 0:00:00,3,3920.53,10,3528.48,11,delivered,COD
O12872,C0341,P089,2023-02-14 0:00:00,3,2823.46,5,2682.29,12,Returned,Wallet
O12873,C0065,P075,2025-02-07 0:00:00,4,6861.21,10,6175.09,12,Returned,Card
O12874,C0403,P004,2025-12-21 0:00:00,3,4768.46,0,4768.46,6,DELIVERED,Card
O12875,C0307,P063,2024-03-01 0:00:00,1,2911.58,0,2911.58,1,DELIVERED,Card
O12876,C0125,P072,2026-01-12 0:00:00,1,850.68,15,723.08,4,Cancelled,UPI
O12877,C0386,P007,2023-06-21 0:00:00,1,8325.05,0,8325.05,10,delivered,UPI
O12878,C0144,P048,2023-10-13 0:00:00,5,8615.37,10,7753.83,1,Delivered,COD
O12879,C0479,P012,2026-01-20 0:00:00,4,1431.06,15,1216.4,5,DELIVERED,UPI
O12880,C0270,P034,2025-09-24 0:00:00,5,7288.56,10,6559.7,7,delivered,Card
O12881,C0430,P067,2025-09-07 0:00:00,4,8562.03,10,7705.83,10,Delivered,UPI
O12882,C0089,P095,2025-08-16 0:00:00,3,1807.01,20,1445.61,3,DELIVERED,Wallet
O12883,C0115,P040,2025-10-23 0:00:00,4,9257.06,5,8794.21,4,delivered,Wallet
O12884,C0274,P021,2025-09-20 0:00:00,5,6397.51,0,6397.51,11,Cancelled,Wallet
O12885,C0367,P054,2023-02-16 0:00:00,4,9682.38,5,9198.26,5,Delivered,Wallet
O12886,C0237,P090,2023-01-19 0:00:00,2,8290.62,20,6632.5,11,Returned,COD
O12887,C0416,P054,2023-08-23 0:00:00,3,1826.63,5,1735.3,4,DELIVERED,Wallet
O12888,C0371,P069,2026-02-04 0:00:00,4,8344.08,10,7509.67,4,Returned,Card
O12889,C0146,P060,2023-01-09 0:00:00,1,7811.82,10,7030.64,4,DELIVERED,Card
O12890,C0354,P075,2023-12-06 0:00:00,3,2604.86,10,2344.37,3,Cancelled,Wallet
O12891,C0424,P099,2025-11-17 0:00:00,4,8143.07,5,7735.92,2,DELIVERED,UPI
O12892,C0292,P071,2024-01-28 0:00:00,2,6619.04,20,5295.23,4,DELIVERED,Card
O12893,C0127,P062,2024-09-03 0:00:00,4,5408.19,10,4867.37,6,Returned,Card
O12894,C0362,P077,2025-04-22 0:00:00,3,7924.24,20,6339.39,6,Delivered,Wallet
O12895,C0380,P093,2024-04-28 0:00:00,3,7371.98,0,7371.98,8,Delivered,Wallet
O12896,C0311,P033,2025-01-22 0:00:00,2,1478.98,5,1405.03,9,Delivered,Wallet
O12897,C0461,P059,2025-05-26 0:00:00,4,4026.52,10,3623.87,6,Returned,COD
O12898,C0200,P061,2024-05-31 0:00:00,2,7795.54,10,7015.99,5,Returned,Wallet
O12899,C0439,P049,2023-11-30 0:00:00,1,1983.02,5,1883.87,10,DELIVERED,Wallet
O12900,C0199,P085,2023-10-18 0:00:00,1,3358.72,15,2854.91,9,DELIVERED,Wallet
O12901,C0299,P026,2026-03-18 0:00:00,5,2256.65,15,1918.15,4,delivered,UPI
O12902,C0139,P064,2023-08-22 0:00:00,1,2531.02,10,2277.92,7,Delivered,COD
O12903,C0131,P005,2023-05-03 0:00:00,2,3147.75,15,2675.59,11,Delivered,COD
O12904,C0151,P068,2025-06-21 0:00:00,4,1459.84,0,1459.84,7,Delivered,Wallet
O12905,C0272,P048,2023-11-23 0:00:00,1,4889.52,20,3911.62,1,delivered,Card
O12906,C0114,P034,2023-04-25 0:00:00,2,6315.08,15,5367.82,11,Returned,UPI
O12907,C0458,P067,2025-01-21 0:00:00,1,2984.25,5,2835.04,9,Delivered,Wallet
O12908,C0016,P050,2023-03-07 0:00:00,3,8771.33,20,7017.06,2,DELIVERED,Wallet
O12909,C0396,P040,2025-07-31 0:00:00,4,5862.37,10,5276.13,4,Returned,Wallet
O12910,C0476,P001,2024-06-22 0:00:00,3,9035.46,20,7228.37,1,Cancelled,Wallet
O12911,C0448,P051,2026-04-05 0:00:00,3,9698.13,20,7758.5,4,Cancelled,Wallet
O12912,C0097,P028,2023-08-07 0:00:00,2,4387.27,0,4387.27,11,Cancelled,Card
O12913,C0261,P064,2024-06-21 0:00:00,4,1659.97,5,1576.97,8,Cancelled,UPI
O12914,C0327,P034,2026-03-14 0:00:00,5,9424.51,15,8010.83,3,Cancelled,Wallet
O12915,C0404,P031,2025-12-07 0:00:00,3,9522.34,10,8570.11,11,delivered,Card
O12916,C0332,P042,2024-08-05 0:00:00,4,9921.56,10,8929.4,11,delivered,UPI
O12917,C0396,P096,2024-06-09 0:00:00,1,3497.93,5,3323.03,6,DELIVERED,UPI
O12918,C0231,P017,2024-08-22 0:00:00,2,8835.73,20,7068.58,8,Returned,Card
O12919,C0247,P041,2024-12-09 0:00:00,1,2458.74,15,2089.93,10,delivered,COD
O12920,C0466,P011,2024-06-16 0:00:00,1,1891.24,5,1796.68,10,Delivered,Card
O12921,C0201,P060,2023-06-05 0:00:00,4,2140.93,20,1712.74,5,DELIVERED,Wallet
O12922,C0144,P051,2024-05-16 0:00:00,3,5324.38,10,4791.94,4,delivered,Wallet
O12923,C0199,P065,2024-04-13 0:00:00,5,9290.32,5,8825.8,4,delivered,Wallet
O12924,C0249,P048,2024-08-21 0:00:00,3,1952.4,20,1561.92,2,Delivered,UPI
O12925,C0088,P060,2024-05-17 0:00:00,4,2205.22,5,2094.96,12,Delivered,UPI
O12926,C0205,P088,2023-11-16 0:00:00,2,4676.39,20,3741.11,7,DELIVERED,Card
O12927,C0292,P048,2026-04-02 0:00:00,2,7552.99,10,6797.69,10,Cancelled,Wallet
O12928,C0425,P012,2025-01-27 0:00:00,4,7467.76,15,6347.6,7,Delivered,Card
O12929,C0053,P075,2025-10-03 0:00:00,1,6762.69,10,6086.42,12,delivered,COD
O12930,C0195,P088,2026-02-21 0:00:00,3,9182.77,15,7805.35,1,Delivered,COD
O12931,C0237,P066,2023-02-06 0:00:00,1,7846.97,20,6277.58,2,Cancelled,UPI
O12932,C0355,P082,2024-07-20 0:00:00,5,7057.93,0,7057.93,5,DELIVERED,Wallet
O12933,C0321,P001,2025-12-06 0:00:00,3,4502.21,0,4502.21,9,Delivered,UPI
O12934,C0212,P079,2026-02-28 0:00:00,2,4592.34,5,4362.72,12,delivered,Wallet
O12935,C0393,P019,2023-01-29 0:00:00,3,745.56,5,708.28,9,Delivered,Card
O12936,C0123,P096,2023-09-25 0:00:00,5,3460.19,5,3287.18,11,Delivered,COD
O12937,C0091,P036,2024-04-14 0:00:00,4,6661.71,5,6328.62,12,Returned,Card
O12938,C0073,P058,2023-02-10 0:00:00,4,2771.02,10,2493.92,10,Cancelled,UPI
O12939,C0085,P003,2024-07-13 0:00:00,3,7544.97,10,6790.47,2,Cancelled,UPI
O12940,C0104,P029,2024-09-02 0:00:00,4,4514.77,20,3611.82,1,DELIVERED,COD
O12941,C0098,P075,2025-07-20 0:00:00,3,939.71,5,892.72,11,delivered,Wallet
O12942,C0478,P033,2023-11-14 0:00:00,2,1200.21,20,960.17,10,Returned,Wallet
O12943,C0285,P015,2025-01-30 0:00:00,4,8357.55,5,7939.67,4,delivered,Card
O12944,C0332,P079,2025-08-19 0:00:00,5,8123.05,5,7716.9,5,Cancelled,Wallet
O12945,C0132,P096,2025-05-06 0:00:00,2,5252.02,0,5252.02,9,DELIVERED,Wallet
O12946,C0235,P050,2024-06-09 0:00:00,3,1587.08,15,1349.02,3,Delivered,Wallet
O12947,C0277,P057,2025-12-06 0:00:00,5,1349.35,0,1349.35,1,Delivered,Card
O12948,C0245,P094,2024-04-15 0:00:00,4,8879.43,0,8879.43,10,Delivered,COD
O12949,C0436,P060,2025-11-14 0:00:00,1,1203.19,20,962.55,1,delivered,Wallet
O12950,C0458,P058,2025-10-22 0:00:00,1,8640.19,10,7776.17,10,delivered,UPI
O12951,C0078,P046,2025-07-19 0:00:00,3,8242.19,5,7830.08,10,Delivered,COD
O12952,C0492,P096,2023-03-21 0:00:00,5,7930.58,5,7534.05,6,DELIVERED,COD
O12953,C0477,P032,2024-10-01 0:00:00,3,7687.29,15,6534.2,8,Delivered,Wallet
O12954,C0073,P061,2023-07-10 0:00:00,4,5184.87,5,4925.63,8,Delivered,Wallet
O12955,C0284,P064,2023-09-10 0:00:00,4,6173.03,10,5555.73,8,delivered,COD
O12956,C0292,P014,2024-09-01 0:00:00,5,9150.05,0,9150.05,8,DELIVERED,Wallet
O12957,C0394,P031,2026-02-10 0:00:00,4,4714.26,15,4007.12,6,Delivered,UPI
O12958,C0081,P013,2023-04-03 0:00:00,3,6013.71,15,5111.65,8,Delivered,UPI
O12959,C0191,P002,2026-01-01 0:00:00,5,4569.02,0,4569.02,7,Cancelled,UPI
O12960,C0135,P079,2025-03-22 0:00:00,2,6857.88,20,5486.3,12,DELIVERED,UPI
O12961,C0199,P066,2024-08-26 0:00:00,3,3005.2,0,3005.2,1,Cancelled,COD
O12962,C0457,P056,2024-05-15 0:00:00,5,1306.67,15,1110.67,11,Delivered,Wallet
O12963,C0077,P080,2023-10-28 0:00:00,2,9320.97,15,7922.82,4,delivered,UPI
O12964,C0218,P034,2024-11-21 0:00:00,1,7609.61,10,6848.65,4,Delivered,Card
O12965,C0485,P033,2024-07-27 0:00:00,3,3367.52,15,2862.39,5,Returned,Wallet
O12966,C0018,P018,2023-01-21 0:00:00,1,1779.08,15,1512.22,4,Returned,Card
O12967,C0005,P011,2023-07-28 0:00:00,4,9766.28,10,8789.65,7,Delivered,COD
O12968,C0495,P094,2023-02-19 0:00:00,4,7749.47,10,6974.52,3,delivered,UPI
O12969,C0134,P073,2025-11-25 0:00:00,4,6148.05,10,5533.24,2,Cancelled,Card
O12970,C0360,P051,2024-10-19 0:00:00,2,8935.9,5,8489.1,2,delivered,UPI
O12971,C0309,P008,2025-07-21 0:00:00,1,7485.63,0,7485.63,12,Cancelled,Wallet
O12972,C0441,P007,2025-02-06 0:00:00,4,718.72,5,682.78,8,Cancelled,Wallet
O12973,C0081,P084,2023-07-25 0:00:00,1,4206.41,10,3785.77,1,Returned,Wallet
O12974,C0187,P050,2023-11-14 0:00:00,3,2167.64,15,1842.49,6,DELIVERED,COD
O12975,C0484,P004,2025-04-15 0:00:00,2,2027.93,10,1825.14,12,delivered,UPI
O12976,C0475,P084,2023-12-21 0:00:00,3,2903.96,15,2468.37,8,Returned,COD
O12977,C0329,P018,2024-11-06 0:00:00,5,9286.12,10,8357.51,6,Cancelled,UPI
O12978,C0492,P091,2025-04-10 0:00:00,1,8173.93,5,7765.23,2,delivered,Wallet
O12979,C0271,P056,2024-12-30 0:00:00,5,7737.72,15,6577.06,11,Delivered,Wallet
O12980,C0072,P027,2023-10-12 0:00:00,2,9836.08,20,7868.86,10,Returned,Wallet
O12981,C0322,P015,2023-01-03 0:00:00,3,7577.83,0,7577.83,10,Cancelled,Wallet
O12982,C0296,P050,2025-08-04 0:00:00,4,3016.6,15,2564.11,5,Cancelled,Card
O12983,C0078,P040,2023-03-07 0:00:00,1,3752.37,20,3001.9,4,Returned,Card
O12984,C0188,P015,2026-03-12 0:00:00,1,5752.03,5,5464.43,2,DELIVERED,Wallet
O12985,C0401,P016,2023-03-22 0:00:00,3,7418.44,5,7047.52,9,Delivered,Wallet
O12986,C0025,P012,2023-12-16 0:00:00,2,5999.25,20,4799.4,3,Cancelled,Wallet
O12987,C0351,P012,2024-12-06 0:00:00,4,7746.26,5,7358.95,4,Cancelled,COD
O12988,C0140,P027,2025-02-12 0:00:00,5,3110,0,3110,4,Delivered,Wallet
O12989,C0041,P033,2024-02-16 0:00:00,1,5122.22,0,5122.22,4,Cancelled,Wallet
O12990,C0380,P029,2024-03-31 0:00:00,2,9206.95,5,8746.6,7,Cancelled,Card
O12991,C0203,P055,2025-07-17 0:00:00,3,7439.64,20,5951.71,11,DELIVERED,UPI
O12992,C0006,P029,2023-03-06 0:00:00,2,8855.01,0,8855.01,2,Delivered,Wallet
O12993,C0433,P060,2024-02-02 0:00:00,4,4700.61,0,4700.61,1,delivered,Wallet
O12994,C0013,P027,2023-01-21 0:00:00,2,2750.18,10,2475.16,12,Returned,COD
O12995,C0340,P024,2025-09-17 0:00:00,1,1765.2,15,1500.42,2,DELIVERED,COD
O12996,C0302,P079,2026-04-08 0:00:00,2,4286.56,10,3857.9,7,Returned,COD
O12997,C0240,P032,2025-06-25 0:00:00,3,507.61,20,406.09,4,Cancelled,Wallet
O12998,C0011,P074,2024-01-05 0:00:00,5,5849.77,10,5264.79,7,DELIVERED,Wallet
O12999,C0093,P022,2023-01-04 0:00:00,3,8709.02,0,8709.02,5,delivered,UPI
O13000,C0129,P027,2024-11-09 0:00:00,3,5378.02,5,5109.12,5,Returned,Card
O13001,C0376,P054,2024-08-28 0:00:00,5,8915.63,10,8024.07,8,delivered,Card
O13002,C0133,P098,2024-01-28 0:00:00,2,8735.4,0,8735.4,8,Returned,Wallet
O13003,C0371,P096,2024-09-01 0:00:00,1,1617.7,15,1375.05,2,delivered,Card
O13004,C0437,P028,2024-08-06 0:00:00,5,2808.96,0,2808.96,11,delivered,Wallet
O13005,C0389,P038,2023-11-06 0:00:00,5,2545.9,20,2036.72,4,Cancelled,Card
O13006,C0139,P004,2026-03-18 0:00:00,1,1378.66,15,1171.86,10,Delivered,COD
O13007,C0406,P083,2025-07-30 0:00:00,5,9567.73,15,8132.57,4,Delivered,Card
O13008,C0128,P070,2024-09-18 0:00:00,5,8017.3,15,6814.7,9,Delivered,Card
O13009,C0220,P079,2025-09-09 0:00:00,2,4354.34,0,4354.34,4,Returned,Card
O13010,C0038,P079,2023-04-06 0:00:00,5,9300.26,0,9300.26,12,Delivered,COD
O13011,C0280,P096,2025-08-24 0:00:00,3,9025.97,10,8123.37,10,Cancelled,Wallet
O13012,C0130,P020,2023-06-03 0:00:00,3,7664.26,20,6131.41,5,delivered,UPI
O13013,C0198,P056,2024-09-10 0:00:00,4,986.15,20,788.92,4,DELIVERED,Wallet
O13014,C0191,P008,2024-01-20 0:00:00,4,4148.98,5,3941.53,1,Delivered,COD
O13015,C0417,P022,2024-10-14 0:00:00,1,1007.56,0,1007.56,12,delivered,Card
O13016,C0476,P088,2024-04-08 0:00:00,3,5600.41,5,5320.39,4,Delivered,Wallet
O13017,C0321,P059,2023-09-09 0:00:00,4,7651.2,5,7268.64,1,DELIVERED,Wallet
O13018,C0295,P002,2023-10-03 0:00:00,5,2362.04,20,1889.63,2,DELIVERED,COD
O13019,C0092,P092,2023-06-05 0:00:00,3,8531.22,20,6824.98,7,Cancelled,Card
O13020,C0456,P048,2023-05-16 0:00:00,5,7415.84,5,7045.05,7,Cancelled,Wallet
O13021,C0433,P096,2024-03-27 0:00:00,5,2183.12,0,2183.12,1,Returned,COD
O13022,C0133,P063,2026-03-28 0:00:00,5,4507.98,20,3606.38,8,Delivered,COD
O13023,C0128,P013,2026-03-13 0:00:00,3,2250.32,5,2137.8,11,delivered,COD
O13024,C0060,P069,2025-12-22 0:00:00,1,8232.34,5,7820.72,9,Delivered,UPI
O13025,C0407,P060,2024-08-22 0:00:00,4,4112.14,15,3495.32,11,DELIVERED,UPI
O13026,C0263,P083,2025-10-01 0:00:00,3,9474.65,0,9474.65,10,delivered,COD
O13027,C0119,P024,2025-06-16 0:00:00,3,9002.82,10,8102.54,11,DELIVERED,Card
O13028,C0090,P032,2023-09-21 0:00:00,3,2388.2,5,2268.79,11,Delivered,Wallet
O13029,C0029,P068,2024-11-26 0:00:00,5,984.59,20,787.67,1,Delivered,Wallet
O13030,C0472,P083,2023-10-13 0:00:00,1,8164.49,0,8164.49,7,Delivered,Card
O13031,C0066,P098,2025-11-23 0:00:00,5,3303.21,20,2642.57,5,Delivered,UPI
O13032,C0087,P061,2025-03-14 0:00:00,5,5563.86,5,5285.67,10,Cancelled,Card
O13033,C0373,P069,2024-01-22 0:00:00,4,3073.61,10,2766.25,9,Cancelled,Wallet
O13034,C0447,P036,2024-09-07 0:00:00,3,4154.42,5,3946.7,2,Delivered,UPI
O13035,C0188,P080,2024-05-06 0:00:00,5,9766.12,20,7812.9,7,Delivered,UPI
O13036,C0329,P034,2024-05-04 0:00:00,3,2175.58,5,2066.8,5,Returned,Wallet
O13037,C0057,P035,2023-06-29 0:00:00,4,2649.35,5,2516.88,9,Cancelled,Wallet
O13038,C0274,P055,2024-07-01 0:00:00,4,3197.39,0,3197.39,8,Delivered,Wallet
O13039,C0251,P016,2024-09-16 0:00:00,4,5170.72,15,4395.11,5,delivered,Card
O13040,C0064,P011,2026-02-16 0:00:00,4,6807.46,10,6126.71,10,delivered,Wallet
O13041,C0205,P046,2024-09-05 0:00:00,2,8191.37,0,8191.37,4,Cancelled,Wallet
O13042,C0346,P037,2023-04-23 0:00:00,3,5082.46,20,4065.97,6,Returned,Card
O13043,C0062,P034,2023-07-22 0:00:00,4,8585.03,0,8585.03,6,Cancelled,UPI
O13044,C0478,P040,2023-05-05 0:00:00,4,8786.4,0,8786.4,3,Cancelled,Wallet
O13045,C0137,P087,2023-12-09 0:00:00,1,5098.31,0,5098.31,3,DELIVERED,COD
O13046,C0336,P042,2023-02-16 0:00:00,5,5250.88,20,4200.7,9,Cancelled,Card
O13047,C0270,P045,2024-04-15 0:00:00,1,6929.38,20,5543.5,3,delivered,Card
O13048,C0205,P038,2024-06-28 0:00:00,2,8848.44,0,8848.44,2,Cancelled,Wallet
O13049,C0129,P006,2025-03-06 0:00:00,4,4239.36,20,3391.49,3,DELIVERED,COD
O13050,C0270,P041,2024-05-09 0:00:00,2,1577.51,5,1498.63,3,delivered,Card
O13051,C0307,P022,2024-06-25 0:00:00,5,9514.86,5,9039.12,11,DELIVERED,Card
O13052,C0297,P075,2025-09-15 0:00:00,3,3418.28,15,2905.54,10,Returned,Wallet
O13053,C0082,P094,2023-12-22 0:00:00,2,1551.13,15,1318.46,11,DELIVERED,COD
O13054,C0168,P095,2025-09-30 0:00:00,5,7367.81,0,7367.81,9,Cancelled,Wallet
O13055,C0486,P044,2023-08-27 0:00:00,3,8728.22,20,6982.58,4,Delivered,UPI
O13056,C0307,P067,2025-01-11 0:00:00,5,6517.07,5,6191.22,6,Cancelled,Wallet
O13057,C0018,P075,2023-02-05 0:00:00,5,8298.87,5,7883.93,12,Returned,Wallet
O13058,C0473,P001,2025-09-01 0:00:00,4,540.37,0,540.37,5,DELIVERED,Wallet
O13059,C0335,P013,2023-08-21 0:00:00,4,7499.01,15,6374.16,7,delivered,Wallet
O13060,C0256,P038,2023-10-27 0:00:00,4,6080.81,5,5776.77,1,Returned,Card
O13061,C0382,P088,2025-09-04 0:00:00,3,5110.54,20,4088.43,3,Cancelled,Wallet
O13062,C0459,P006,2025-05-19 0:00:00,4,8183.62,15,6956.08,5,Returned,UPI
O13063,C0496,P095,2024-11-19 0:00:00,4,2880.03,15,2448.03,6,delivered,COD
O13064,C0052,P098,2023-05-18 0:00:00,3,8701.17,10,7831.05,5,Cancelled,Wallet
O13065,C0418,P094,2025-05-07 0:00:00,1,8992.79,20,7194.23,4,Delivered,Wallet
O13066,C0275,P053,2023-07-23 0:00:00,3,4137.44,5,3930.57,2,Delivered,COD
O13067,C0441,P049,2023-10-09 0:00:00,3,1611.62,15,1369.88,3,Cancelled,COD
O13068,C0092,P029,2023-10-29 0:00:00,5,4063.88,15,3454.3,1,delivered,UPI
O13069,C0021,P083,2023-05-20 0:00:00,3,1999.58,5,1899.6,9,DELIVERED,Wallet
O13070,C0239,P067,2024-12-31 0:00:00,4,859.73,0,859.73,5,delivered,Wallet
O13071,C0034,P093,2023-06-07 0:00:00,1,7653.27,15,6505.28,5,delivered,Card
O13072,C0057,P001,2026-04-03 0:00:00,2,9386.66,5,8917.33,5,delivered,Wallet
O13073,C0458,P003,2023-09-07 0:00:00,1,5600.84,10,5040.76,3,Returned,COD
O13074,C0082,P055,2023-11-14 0:00:00,4,3752.81,10,3377.53,5,DELIVERED,Wallet
O13075,C0480,P049,2023-11-11 0:00:00,1,7563.31,5,7185.14,5,Returned,Card
O13076,C0039,P095,2023-09-30 0:00:00,3,3291.09,15,2797.43,4,Delivered,UPI
O13077,C0140,P088,2023-10-25 0:00:00,2,9402.67,20,7522.14,2,Cancelled,Wallet
O13078,C0448,P099,2024-05-20 0:00:00,2,6893.14,20,5514.51,6,DELIVERED,Card
O13079,C0405,P018,2025-06-02 0:00:00,1,2435.71,20,1948.57,8,Cancelled,Wallet
O13080,C0351,P044,2024-05-11 0:00:00,2,3221.5,15,2738.28,5,Delivered,UPI
O13081,C0394,P088,2025-04-10 0:00:00,1,1961.04,20,1568.83,4,Delivered,Wallet
O13082,C0114,P067,2024-01-05 0:00:00,3,8593.8,0,8593.8,4,delivered,COD
O13083,C0479,P040,2024-01-03 0:00:00,3,6178.1,5,5869.19,5,DELIVERED,Wallet
O13084,C0500,P056,2024-05-21 0:00:00,1,5876.02,10,5288.42,4,Cancelled,COD
O13085,C0057,P032,2025-04-23 0:00:00,4,2045.01,15,1738.26,3,delivered,UPI
O13086,C0152,P082,2024-03-21 0:00:00,1,9465.87,15,8045.99,7,DELIVERED,COD
O13087,C0239,P087,2026-03-12 0:00:00,4,7526.61,5,7150.28,11,DELIVERED,Card
O13088,C0101,P091,2025-06-17 0:00:00,2,5753.27,5,5465.61,7,Returned,Card
O13089,C0224,P070,2026-01-20 0:00:00,2,9297.49,0,9297.49,8,DELIVERED,Wallet
O13090,C0073,P026,2025-03-22 0:00:00,2,1946.13,5,1848.82,5,DELIVERED,COD
O13091,C0339,P010,2023-06-13 0:00:00,4,9898.38,0,9898.38,12,delivered,Card
O13092,C0111,P045,2023-07-21 0:00:00,2,3590.54,0,3590.54,2,delivered,COD
O13093,C0397,P078,2023-04-17 0:00:00,5,6846.88,10,6162.19,10,delivered,Wallet
O13094,C0412,P004,2026-01-02 0:00:00,2,6794.83,15,5775.61,8,Cancelled,Wallet
O13095,C0071,P083,2025-11-14 0:00:00,3,2183.6,15,1856.06,1,delivered,Wallet
O13096,C0490,P094,2023-07-07 0:00:00,4,1367.95,10,1231.15,4,Cancelled,COD
O13097,C0393,P023,2023-06-26 0:00:00,2,6391.46,5,6071.89,2,Cancelled,Wallet
O13098,C0353,P046,2024-02-08 0:00:00,1,2548.29,20,2038.63,11,delivered,UPI
O13099,C0317,P037,2025-10-07 0:00:00,5,5431.7,10,4888.53,8,Delivered,Wallet
O13100,C0283,P051,2023-12-24 0:00:00,4,545.71,10,491.14,4,Cancelled,Card
O13101,C0460,P076,2023-04-14 0:00:00,4,3634.47,5,3452.75,9,Cancelled,COD
O13102,C0290,P082,2025-09-09 0:00:00,1,2793.61,15,2374.57,11,DELIVERED,COD
O13103,C0020,P079,2025-02-18 0:00:00,1,8722.26,5,8286.15,5,Cancelled,Wallet
O13104,C0207,P066,2023-10-16 0:00:00,3,6233.39,10,5610.05,4,DELIVERED,Card
O13105,C0092,P010,2024-01-31 0:00:00,3,8542.24,5,8115.13,1,Delivered,Wallet
O13106,C0198,P091,2024-05-06 0:00:00,2,3546.81,15,3014.79,11,Delivered,Wallet
O13107,C0024,P062,2024-02-26 0:00:00,3,2945.25,20,2356.2,7,Delivered,Card
O13108,C0393,P047,2023-08-25 0:00:00,1,9084.33,15,7721.68,10,Delivered,Wallet
O13109,C0279,P025,2024-03-05 0:00:00,5,5877.93,15,4996.24,5,delivered,Wallet
O13110,C0023,P007,2025-06-14 0:00:00,5,2430.89,0,2430.89,4,Cancelled,COD
O13111,C0081,P038,2024-03-18 0:00:00,2,2588.59,15,2200.3,3,Returned,Card
O13112,C0028,P074,2023-09-04 0:00:00,5,5342.14,20,4273.71,5,Delivered,UPI
O13113,C0467,P027,2023-01-26 0:00:00,4,647.68,0,647.68,6,Returned,Wallet
O13114,C0164,P030,2023-03-24 0:00:00,4,3824.07,5,3632.87,8,DELIVERED,Wallet
O13115,C0435,P093,2023-04-10 0:00:00,4,4136.33,20,3309.06,1,Delivered,Wallet
O13116,C0156,P007,2023-08-25 0:00:00,2,3889.14,20,3111.31,8,delivered,Card
O13117,C0436,P097,2026-04-05 0:00:00,4,4146.38,15,3524.42,5,delivered,Wallet
O13118,C0125,P050,2025-05-06 0:00:00,3,8327.47,20,6661.98,7,Delivered,Wallet
O13119,C0178,P022,2026-03-24 0:00:00,1,5316.01,20,4252.81,7,Returned,UPI
O13120,C0285,P093,2023-10-06 0:00:00,3,8763.25,5,8325.09,8,Delivered,Wallet
O13121,C0293,P068,2025-08-09 0:00:00,1,4782.44,10,4304.2,11,Returned,Wallet
O13122,C0061,P025,2024-01-22 0:00:00,2,4311.44,0,4311.44,5,DELIVERED,COD
O13123,C0242,P043,2024-10-17 0:00:00,3,2408.73,15,2047.42,8,Cancelled,Card
O13124,C0497,P084,2023-12-17 0:00:00,2,8703.54,5,8268.36,6,Cancelled,Wallet
O13125,C0004,P056,2024-07-30 0:00:00,5,4724.94,10,4252.45,8,DELIVERED,Wallet
O13126,C0431,P018,2024-03-26 0:00:00,1,7566.75,5,7188.41,11,Cancelled,COD
O13127,C0235,P050,2023-01-28 0:00:00,3,8517.48,15,7239.86,12,Delivered,Wallet
O13128,C0037,P073,2025-10-22 0:00:00,2,6455.27,0,6455.27,3,delivered,Wallet
O13129,C0459,P092,2025-10-19 0:00:00,4,8013.56,0,8013.56,6,Cancelled,Wallet
O13130,C0339,P095,2024-03-06 0:00:00,5,6401.44,20,5121.15,12,delivered,Wallet
O13131,C0270,P023,2023-06-14 0:00:00,3,4752.05,15,4039.24,2,Delivered,COD
O13132,C0424,P066,2023-12-12 0:00:00,5,9821.33,20,7857.06,4,DELIVERED,COD
O13133,C0325,P056,2024-10-29 0:00:00,2,9637.03,15,8191.48,2,Delivered,UPI
O13134,C0455,P003,2024-09-19 0:00:00,3,2886.14,0,2886.14,3,DELIVERED,Wallet
O13135,C0453,P050,2024-05-04 0:00:00,5,3141.42,10,2827.28,2,Cancelled,UPI
O13136,C0038,P057,2026-01-23 0:00:00,4,1936.64,20,1549.31,8,DELIVERED,COD
O13137,C0156,P037,2024-09-24 0:00:00,3,6217.78,20,4974.22,12,Cancelled,Wallet
O13138,C0265,P037,2024-07-03 0:00:00,2,2946.5,5,2799.17,5,delivered,Card
O13139,C0291,P065,2024-12-21 0:00:00,5,739.26,5,702.3,8,delivered,Wallet
O13140,C0281,P020,2024-08-17 0:00:00,4,9590.43,5,9110.91,10,delivered,Wallet
O13141,C0413,P005,2024-03-25 0:00:00,5,6410.2,15,5448.67,5,delivered,COD
O13142,C0484,P066,2024-06-05 0:00:00,5,5238.37,20,4190.7,10,delivered,Wallet
O13143,C0193,P020,2023-03-18 0:00:00,3,4023.54,0,4023.54,10,delivered,Wallet
O13144,C0221,P075,2025-03-05 0:00:00,5,1879.79,20,1503.83,5,DELIVERED,Wallet
O13145,C0348,P081,2024-01-16 0:00:00,5,4040.33,5,3838.31,1,Cancelled,Card
O13146,C0097,P007,2024-10-19 0:00:00,5,4132.37,5,3925.75,8,DELIVERED,Wallet
O13147,C0217,P012,2023-04-12 0:00:00,2,6198.65,20,4958.92,2,DELIVERED,Wallet
O13148,C0299,P063,2024-06-30 0:00:00,1,1684.23,5,1600.02,12,delivered,UPI
O13149,C0356,P078,2023-05-09 0:00:00,1,9768.52,10,8791.67,9,delivered,UPI
O13150,C0326,P070,2024-04-02 0:00:00,1,7737.62,0,7737.62,9,Cancelled,COD
O13151,C0102,P045,2024-03-10 0:00:00,5,9110.75,0,9110.75,7,Cancelled,UPI
O13152,C0462,P075,2025-05-20 0:00:00,4,4927,0,4927,4,delivered,Wallet
O13153,C0168,P007,2025-06-19 0:00:00,4,1714.42,10,1542.98,7,delivered,Wallet
O13154,C0165,P020,2024-06-01 0:00:00,2,4483.14,10,4034.83,0,Delivered,Wallet
O13155,C0165,P013,2024-12-04 0:00:00,2,8829.02,0,8829.02,10,delivered,COD
O13156,C0247,P040,2023-08-17 0:00:00,2,2613.21,20,2090.57,5,delivered,Wallet
O13157,C0460,P072,2024-07-18 0:00:00,3,1351.86,15,1149.08,2,delivered,Wallet
O13158,C0089,P037,2025-12-17 0:00:00,4,8305.27,15,7059.48,9,Cancelled,Wallet
O13159,C0006,P057,2023-08-15 0:00:00,3,2448.04,5,2325.64,1,Returned,Wallet
O13160,C0275,P081,2025-01-19 0:00:00,5,1351.65,10,1216.49,11,Delivered,Wallet
O13161,C0164,P007,2025-05-12 0:00:00,4,2304.63,20,1843.7,11,delivered,Wallet
O13162,C0011,P043,2024-06-01 0:00:00,2,4930.85,15,4191.22,5,DELIVERED,COD
O13163,C0102,P081,2023-09-27 0:00:00,3,3928.67,15,3339.37,4,delivered,Wallet
O13164,C0377,P063,2025-04-23 0:00:00,5,2966.71,5,2818.37,12,DELIVERED,Card
O13165,C0360,P059,2023-03-05 0:00:00,3,3466.15,10,3119.54,5,Returned,Card
O13166,C0365,P023,2025-09-18 0:00:00,1,7024.95,15,5971.21,3,Delivered,COD
O13167,C0415,P062,2025-09-20 0:00:00,5,1150.25,0,1150.25,3,Delivered,UPI
O13168,C0148,P049,2023-12-30 0:00:00,4,1060.39,10,954.35,2,Returned,UPI
O13169,C0344,P073,2025-03-23 0:00:00,1,8859.82,0,8859.82,11,Delivered,Wallet
O13170,C0085,P081,2025-04-17 0:00:00,2,542.16,10,487.94,1,DELIVERED,Card
O13171,C0179,P100,2023-04-12 0:00:00,5,1643.75,15,1397.19,12,Returned,Wallet
O13172,C0258,P041,2024-08-31 0:00:00,1,4824.2,15,4100.57,11,DELIVERED,UPI
O13173,C0463,P074,2024-03-04 0:00:00,1,4835.35,15,4110.05,6,DELIVERED,Wallet
O13174,C0229,P057,2025-04-11 0:00:00,3,8712.06,15,7405.25,3,DELIVERED,COD
O13175,C0017,P059,2024-04-14 0:00:00,3,9866.5,0,9866.5,4,Cancelled,COD
O13176,C0293,P096,2024-06-12 0:00:00,1,8615.97,5,8185.17,11,Returned,COD
O13177,C0182,P056,2024-03-02 0:00:00,3,3266.78,5,3103.44,6,DELIVERED,Wallet
O13178,C0185,P023,2023-02-01 0:00:00,3,3884.97,5,3690.72,1,Returned,Wallet
O13179,C0268,P067,2025-02-28 0:00:00,4,2813.74,15,2391.68,4,delivered,UPI
O13180,C0048,P044,2024-02-22 0:00:00,1,1171.21,10,1054.09,10,DELIVERED,COD
O13181,C0386,P031,2024-02-13 0:00:00,3,7825.61,10,7043.05,12,Cancelled,Card
O13182,C0123,P039,2026-02-10 0:00:00,1,3579.66,5,3400.68,3,Delivered,Card
O13183,C0285,P098,2024-01-04 0:00:00,3,739.5,10,665.55,12,Cancelled,Card
O13184,C0007,P051,2025-08-13 0:00:00,2,9697.34,5,9212.47,8,delivered,UPI
O13185,C0061,P011,2023-02-26 0:00:00,1,677.85,20,542.28,11,Returned,COD
O13186,C0161,P021,2023-08-20 0:00:00,5,2570.49,0,2570.49,10,delivered,Card
O13187,C0142,P050,2024-10-29 0:00:00,1,8737.52,20,6990.02,2,DELIVERED,Wallet
O13188,C0479,P058,2023-02-06 0:00:00,2,4456.49,5,4233.67,5,delivered,UPI
O13189,C0326,P028,2023-09-25 0:00:00,2,1893.04,20,1514.43,3,DELIVERED,UPI
O13190,C0490,P033,2024-05-03 0:00:00,5,7878.74,20,6302.99,2,Delivered,Wallet
O13191,C0150,P036,2023-01-28 0:00:00,3,8545.67,0,8545.67,12,DELIVERED,Wallet
O13192,C0302,P095,2026-02-10 0:00:00,4,2372.66,0,2372.66,7,Cancelled,Wallet
O13193,C0288,P007,2026-02-20 0:00:00,4,4613.38,10,4152.04,3,DELIVERED,Wallet
O13194,C0266,P064,2023-05-20 0:00:00,3,1391.69,5,1322.11,7,delivered,Wallet
O13195,C0412,P063,2025-02-24 0:00:00,1,4015,0,4015,12,delivered,Wallet
O13196,C0077,P059,2023-12-09 0:00:00,3,4067.45,15,3457.33,8,delivered,Wallet
O13197,C0451,P050,2025-11-29 0:00:00,2,4414.19,10,3972.77,9,delivered,UPI
O13198,C0079,P083,2023-03-19 0:00:00,5,3774.02,0,3774.02,8,Returned,UPI
O13199,C0235,P038,2024-01-26 0:00:00,1,1287.4,0,1287.4,4,Returned,Wallet
O13200,C0095,P094,2023-07-23 0:00:00,2,7428.04,20,5942.43,1,Delivered,Wallet
O13201,C0275,P081,2025-02-05 0:00:00,4,5400.05,0,5400.05,12,DELIVERED,Wallet
O13202,C0273,P063,2024-07-11 0:00:00,4,6826.64,5,6485.31,4,Cancelled,Wallet
O13203,C0048,P048,2025-11-30 0:00:00,5,1632.7,20,1306.16,4,DELIVERED,Card
O13204,C0114,P071,2024-04-20 0:00:00,3,4412.91,10,3971.62,10,Delivered,UPI
O13205,C0387,P012,2024-10-26 0:00:00,3,9908.83,5,9413.39,1,Returned,Wallet
O13206,C0454,P083,2024-09-07 0:00:00,1,7160.03,15,6086.03,6,Cancelled,Wallet
O13207,C0253,P018,2025-08-27 0:00:00,5,3451.66,0,3451.66,8,Delivered,Card
O13208,C0216,P060,2026-03-07 0:00:00,1,7436.32,15,6320.87,7,Returned,UPI
O13209,C0307,P070,2026-01-13 0:00:00,2,9257.92,15,7869.23,10,delivered,Card
O13210,C0379,P007,2025-12-10 0:00:00,5,4985.24,0,4985.24,11,Cancelled,Wallet
O13211,C0345,P086,2024-10-01 0:00:00,4,9891.3,15,8407.6,6,Returned,Wallet
O13212,C0264,P013,2024-11-06 0:00:00,4,1905.72,20,1524.58,2,Returned,Card
O13213,C0467,P089,2024-04-10 0:00:00,4,8352.98,5,7935.33,10,DELIVERED,Wallet
O13214,C0269,P027,2025-08-30 0:00:00,3,1312.11,20,1049.69,1,Cancelled,Wallet
O13215,C0500,P030,2026-03-05 0:00:00,3,3569.79,15,3034.32,11,Cancelled,Wallet
O13216,C0304,P025,2024-03-30 0:00:00,2,8027.61,0,8027.61,12,DELIVERED,Card
O13217,C0488,P073,2023-06-16 0:00:00,2,5940.33,15,5049.28,1,Cancelled,COD
O13218,C0367,P075,2026-04-07 0:00:00,2,2470.29,15,2099.75,9,delivered,UPI
O13219,C0033,P024,2025-10-14 0:00:00,5,2162.59,15,1838.2,12,Cancelled,Wallet
O13220,C0091,P008,2026-03-06 0:00:00,1,7087.29,15,6024.2,10,Returned,COD
O13221,C0091,P026,2023-09-18 0:00:00,2,9132.28,5,8675.67,1,Returned,Wallet
O13222,C0209,P059,2023-02-23 0:00:00,1,1846.35,0,1846.35,2,Returned,Wallet
O13223,C0334,P072,2025-08-03 0:00:00,1,7521.28,20,6017.02,8,Cancelled,UPI
O13224,C0439,P097,2025-05-24 0:00:00,5,9152.76,20,7322.21,9,Cancelled,UPI
O13225,C0491,P041,2024-10-27 0:00:00,3,8859.56,10,7973.6,1,DELIVERED,UPI
O13226,C0353,P038,2025-03-03 0:00:00,1,9657.76,15,8209.1,9,Returned,Wallet
O13227,C0262,P063,2023-12-10 0:00:00,4,6065.75,5,5762.46,7,Returned,Wallet
O13228,C0196,P038,2024-05-21 0:00:00,5,8724.98,20,6979.98,5,Delivered,Wallet
O13229,C0222,P062,2025-04-15 0:00:00,1,7468.77,20,5975.02,6,DELIVERED,Wallet
O13230,C0161,P009,2024-04-14 0:00:00,4,8408.21,20,6726.57,2,delivered,COD
O13231,C0343,P022,2025-01-01 0:00:00,5,8474.68,15,7203.48,7,DELIVERED,Card
O13232,C0346,P067,2025-10-18 0:00:00,5,8927.02,15,7587.97,3,Returned,Wallet
O13233,C0135,P026,2024-12-30 0:00:00,3,8630.52,5,8198.99,7,delivered,COD
O13234,C0047,P083,2024-10-19 0:00:00,4,1305.18,5,1239.92,10,Delivered,UPI
O13235,C0049,P033,2025-10-05 0:00:00,2,3421.56,5,3250.48,4,Delivered,COD
O13236,C0043,P062,2026-01-03 0:00:00,2,6628.55,20,5302.84,4,Delivered,UPI
O13237,C0040,P004,2025-05-19 0:00:00,1,2578.63,20,2062.9,10,Cancelled,Wallet
O13238,C0314,P009,2025-07-03 0:00:00,3,3230.56,20,2584.45,8,delivered,UPI
O13239,C0345,P046,2026-04-01 0:00:00,2,6100.57,15,5185.48,11,Cancelled,UPI
O13240,C0259,P078,2024-12-29 0:00:00,2,3218.27,10,2896.44,11,delivered,UPI
O13241,C0143,P030,2024-02-15 0:00:00,4,7401.63,0,7401.63,12,DELIVERED,Wallet
O13242,C0373,P060,2026-03-16 0:00:00,1,3584.84,20,2867.87,6,delivered,Card
O13243,C0485,P024,2023-02-17 0:00:00,1,7552.56,5,7174.93,12,Cancelled,UPI
O13244,C0219,P081,2024-09-05 0:00:00,3,8126.75,0,8126.75,1,Delivered,Wallet
O13245,C0349,P029,2024-03-14 0:00:00,3,7060.39,0,7060.39,12,delivered,UPI
O13246,C0003,P015,2024-08-20 0:00:00,2,2399.33,20,1919.46,4,delivered,UPI
O13247,C0356,P069,2025-10-31 0:00:00,1,9376.16,15,7969.74,5,DELIVERED,Wallet
O13248,C0053,P044,2023-12-11 0:00:00,3,3084.55,20,2467.64,8,DELIVERED,UPI
O13249,C0329,P035,2024-08-23 0:00:00,1,9996.1,0,9996.1,8,Delivered,UPI
O13250,C0008,P053,2025-11-11 0:00:00,4,7094.13,0,7094.13,3,Cancelled,UPI
O13251,C0323,P050,2023-10-05 0:00:00,4,4040.6,15,3434.51,11,Delivered,UPI
O13252,C0277,P085,2023-04-21 0:00:00,5,811.03,0,811.03,7,delivered,Wallet
O13253,C0437,P010,2025-12-08 0:00:00,3,6577.61,15,5590.97,10,Cancelled,Wallet
O13254,C0050,P091,2026-02-24 0:00:00,2,4900.15,10,4410.14,7,delivered,Wallet
O13255,C0195,P070,2025-12-25 0:00:00,3,8959.64,15,7615.69,7,Cancelled,Card
O13256,C0331,P038,2025-07-24 0:00:00,5,1633.17,5,1551.51,11,Cancelled,COD
O13257,C0373,P059,2023-04-16 0:00:00,2,6736.21,10,6062.59,5,delivered,Card
O13258,C0371,P067,2025-10-13 0:00:00,3,1702.11,10,1531.9,5,Cancelled,Wallet
O13259,C0203,P018,2025-05-08 0:00:00,4,3148.07,15,2675.86,4,DELIVERED,UPI
O13260,C0194,P087,2024-11-29 0:00:00,3,9794.99,5,9305.24,8,delivered,COD
O13261,C0008,P091,2023-11-05 0:00:00,5,6086.57,20,4869.26,10,DELIVERED,COD
O13262,C0357,P074,2024-09-29 0:00:00,1,3164.62,5,3006.39,9,delivered,UPI
O13263,C0344,P026,2025-04-06 0:00:00,4,4287.66,10,3858.89,9,delivered,Wallet
O13264,C0395,P088,2024-02-05 0:00:00,4,3053.69,10,2748.32,6,Cancelled,Card
O13265,C0444,P045,2025-12-22 0:00:00,1,5294.68,10,4765.21,3,Delivered,COD
O13266,C0384,P097,2024-03-26 0:00:00,3,1885.02,0,1885.02,4,Returned,Wallet
O13267,C0313,P005,2025-04-06 0:00:00,2,9851.66,10,8866.49,11,Delivered,Wallet
O13268,C0433,P060,2024-04-11 0:00:00,5,8826.15,5,8384.84,3,DELIVERED,UPI
O13269,C0442,P048,2023-04-28 0:00:00,1,9280.35,20,7424.28,2,Returned,UPI
O13270,C0007,P068,2023-06-08 0:00:00,2,8574.62,0,8574.62,3,delivered,Wallet
O13271,C0143,P019,2024-01-04 0:00:00,1,3634.83,10,3271.35,6,Cancelled,Wallet
O13272,C0246,P043,2026-03-08 0:00:00,3,4910.6,15,4174.01,6,Cancelled,COD
O13273,C0172,P100,2024-05-23 0:00:00,5,3500.19,0,3500.19,9,Returned,Wallet
O13274,C0254,P042,2025-11-15 0:00:00,2,5079.08,15,4317.22,10,Cancelled,Card
O13275,C0368,P063,2023-03-01 0:00:00,3,2029.34,20,1623.47,10,Returned,UPI
O13276,C0189,P038,2024-02-09 0:00:00,5,2541.2,5,2414.14,8,DELIVERED,COD
O13277,C0369,P073,2025-01-07 0:00:00,2,6267.21,5,5953.85,10,Returned,Wallet
O13278,C0201,P012,2026-03-24 0:00:00,2,2792.75,15,2373.84,3,DELIVERED,Wallet
O13279,C0412,P099,2024-08-27 0:00:00,5,8464.49,15,7194.82,2,Cancelled,Card
O13280,C0434,P009,2025-01-25 0:00:00,4,9428.52,15,8014.24,4,Delivered,Wallet
O13281,C0474,P008,2025-12-26 0:00:00,1,9815.88,5,9325.09,10,Returned,Card
O13282,C0493,P071,2023-06-19 0:00:00,3,7985.52,15,6787.69,8,Delivered,Wallet
O13283,C0350,P024,2024-03-24 0:00:00,2,8065.35,15,6855.55,12,Returned,Card
O13284,C0140,P052,2023-07-26 0:00:00,5,1481.11,20,1184.89,-2,Returned,Wallet
O13285,C0414,P094,2025-06-08 0:00:00,1,3627.5,0,3627.5,4,Cancelled,COD
O13286,C0083,P010,2024-12-13 0:00:00,2,4706.69,15,4000.69,11,delivered,Card
O13287,C0026,P011,2025-11-14 0:00:00,5,6102.33,15,5186.98,7,Delivered,Card
O13288,C0380,P065,2023-10-23 0:00:00,1,1506.26,0,1506.26,5,delivered,Wallet
O13289,C0129,P019,2024-12-11 0:00:00,2,950.45,0,950.45,7,Returned,Wallet
O13290,C0244,P042,2025-02-20 0:00:00,2,8119.86,20,6495.89,8,delivered,Wallet
O13291,C0215,P032,2024-06-08 0:00:00,3,3269.89,15,2779.41,5,DELIVERED,COD
O13292,C0074,P078,2025-11-09 0:00:00,3,4423.47,0,4423.47,9,Returned,Wallet
O13293,C0104,P093,2024-07-08 0:00:00,3,9411.89,20,7529.51,4,DELIVERED,UPI
O13294,C0289,P095,2026-04-09 0:00:00,2,3748.7,15,3186.39,2,delivered,Wallet
O13295,C0030,P023,2024-11-14 0:00:00,1,5604.94,15,4764.2,11,Returned,Wallet
O13296,C0273,P042,2026-02-26 0:00:00,4,8510.42,15,7233.86,1,Returned,COD
O13297,C0165,P017,2025-10-19 0:00:00,5,3445.47,20,2756.38,12,delivered,UPI
O13298,C0327,P036,2024-12-31 0:00:00,5,2251.49,10,2026.34,4,DELIVERED,Card
O13299,C0050,P088,2025-05-02 0:00:00,1,1285.61,10,1157.05,9,delivered,Wallet
O13300,C0176,P059,2025-11-26 0:00:00,2,2594.91,0,2594.91,7,DELIVERED,Card
O13301,C0002,P013,2023-07-07 0:00:00,3,2394.5,0,2394.5,5,Delivered,Wallet
O13302,C0077,P057,2025-06-11 0:00:00,1,8540.02,20,6832.02,10,Delivered,Wallet
O13303,C0259,P066,2025-04-09 0:00:00,5,2724.94,15,2316.2,10,DELIVERED,Card
O13304,C0295,P025,2025-04-23 0:00:00,2,2802.95,5,2662.8,10,Cancelled,COD
O13305,C0103,P014,2025-03-05 0:00:00,4,6860.13,20,5488.1,8,delivered,Wallet
O13306,C0496,P057,2025-10-31 0:00:00,5,1512.29,0,1512.29,3,DELIVERED,UPI
O13307,C0316,P043,2025-01-20 0:00:00,1,7242.81,15,6156.39,11,Cancelled,Card
O13308,C0118,P018,2024-04-21 0:00:00,1,8493.17,10,7643.85,2,Cancelled,COD
O13309,C0146,P006,2025-04-03 0:00:00,2,7931.23,15,6741.55,3,DELIVERED,Wallet
O13310,C0117,P082,2023-08-30 0:00:00,4,4340.75,10,3906.68,8,Delivered,Wallet
O13311,C0268,P015,2023-08-09 0:00:00,1,8977.85,10,8080.07,11,Returned,Wallet
O13312,C0489,P070,2023-08-09 0:00:00,5,5342.18,20,4273.74,7,Returned,Wallet
O13313,C0261,P084,2025-07-13 0:00:00,2,7384.58,10,6646.12,4,delivered,UPI
O13314,C0358,P001,2023-11-16 0:00:00,4,4997.47,0,4997.47,1,Delivered,UPI
O13315,C0107,P079,2024-07-29 0:00:00,1,9682.52,20,7746.02,9,DELIVERED,Card
O13316,C0055,P033,2023-10-20 0:00:00,2,6946.25,20,5557,8,DELIVERED,COD
O13317,C0197,P008,2026-02-24 0:00:00,4,992.14,20,793.71,8,Returned,Wallet
O13318,C0426,P100,2023-02-14 0:00:00,5,752.65,0,752.65,2,Cancelled,Card
O13319,C0420,P009,2023-11-18 0:00:00,4,7559.94,20,6047.95,10,DELIVERED,COD
O13320,C0088,P099,2025-12-16 0:00:00,5,4352.62,20,3482.1,9,Cancelled,Card
O13321,C0395,P017,2024-05-11 0:00:00,5,4882.14,20,3905.71,4,Returned,Wallet
O13322,C0339,P015,2024-08-21 0:00:00,1,3761.7,20,3009.36,2,Returned,Card
O13323,C0047,P011,2026-02-28 0:00:00,2,3126.66,20,2501.33,9,DELIVERED,COD
O13324,C0086,P001,2025-05-17 0:00:00,1,2107.17,20,1685.74,8,delivered,UPI
O13325,C0149,P035,2024-07-04 0:00:00,3,6782.75,10,6104.48,8,Cancelled,Card
O13326,C0379,P040,2024-11-05 0:00:00,4,5435.68,20,4348.54,5,delivered,Wallet
O13327,C0174,P029,2025-12-05 0:00:00,4,5313.33,20,4250.66,6,delivered,Card
O13328,C0444,P035,2023-05-20 0:00:00,3,2225.53,10,2002.98,1,Cancelled,Wallet
O13329,C0094,P039,2026-03-26 0:00:00,5,9930.62,0,9930.62,12,Delivered,COD
O13330,C0308,P073,2026-01-05 0:00:00,2,9448.43,20,7558.74,8,delivered,Wallet
O13331,C0180,P063,2025-10-21 0:00:00,5,4124.53,20,3299.62,5,Cancelled,COD
O13332,C0057,P088,2024-06-11 0:00:00,2,7778.42,20,6222.74,1,Returned,UPI
O13333,C0290,P006,2023-03-22 0:00:00,2,5014.6,20,4011.68,3,Cancelled,Card
O13334,C0017,P086,2024-01-28 0:00:00,1,2442.88,20,1954.3,8,Delivered,Card
O13335,C0425,P064,2024-04-06 0:00:00,5,7499.68,20,5999.74,7,DELIVERED,Card
O13336,C0378,P038,2024-07-10 0:00:00,3,7195.79,0,7195.79,1,Returned,Wallet
O13337,C0349,P041,2023-12-02 0:00:00,3,1677.53,20,1342.02,7,Delivered,Wallet
O13338,C0068,P024,2025-03-24 0:00:00,2,3705.09,0,3705.09,3,Returned,Wallet
O13339,C0424,P044,2025-02-15 0:00:00,1,5439.17,10,4895.25,1,Delivered,Wallet
O13340,C0262,P093,2023-10-30 0:00:00,5,4157.42,5,3949.55,11,delivered,Card
O13341,C0147,P034,2024-02-08 0:00:00,3,5427.24,15,4613.15,7,Delivered,COD
O13342,C0281,P077,2025-06-05 0:00:00,1,9771.57,0,9771.57,12,Cancelled,Wallet
O13343,C0210,P061,2025-09-30 0:00:00,4,4319.5,15,3671.57,4,delivered,Wallet
O13344,C0251,P017,2024-07-10 0:00:00,5,9496.2,20,7596.96,4,Delivered,Wallet
O13345,C0252,P017,2025-07-05 0:00:00,3,9438.92,10,8495.03,12,Cancelled,Wallet
O13346,C0135,P023,2026-02-14 0:00:00,1,6138.58,5,5831.65,6,Delivered,Wallet
O13347,C0267,P095,2024-11-24 0:00:00,5,5415.78,5,5144.99,8,DELIVERED,COD
O13348,C0018,P082,2025-02-13 0:00:00,3,690.61,5,656.08,4,delivered,Wallet
O13349,C0297,P082,2023-12-07 0:00:00,1,3364.94,10,3028.45,5,Delivered,UPI
O13350,C0083,P082,2024-11-17 0:00:00,3,2677.86,10,2410.07,10,delivered,Wallet
O13351,C0096,P071,2026-01-10 0:00:00,2,6106.89,5,5801.55,7,DELIVERED,Wallet
O13352,C0395,P036,2023-06-30 0:00:00,3,2616.93,20,2093.54,9,delivered,COD
O13353,C0146,P049,2025-08-07 0:00:00,2,6071.92,15,5161.13,2,DELIVERED,UPI
O13354,C0206,P015,2024-11-01 0:00:00,1,5666.08,10,5099.47,9,delivered,COD
O13355,C0124,P078,2025-06-28 0:00:00,3,6721.15,0,6721.15,5,delivered,Wallet
O13356,C0492,P036,2023-03-29 0:00:00,2,8972.99,15,7627.04,9,delivered,Wallet
O13357,C0256,P025,2024-06-17 0:00:00,1,3067.3,15,2607.2,1,Returned,Wallet
O13358,C0492,P064,2023-03-30 0:00:00,2,2618.98,20,2095.18,12,DELIVERED,UPI
O13359,C0466,P070,2024-01-03 0:00:00,4,1127.14,5,1070.78,12,Delivered,Wallet
O13360,C0468,P036,2024-06-01 0:00:00,4,5084.52,15,4321.84,7,Cancelled,Wallet
O13361,C0120,P048,2025-02-26 0:00:00,2,8341.21,15,7090.03,7,Cancelled,UPI
O13362,C0408,P045,2024-03-17 0:00:00,4,6684.44,0,6684.44,2,Cancelled,COD
O13363,C0317,P085,2023-08-09 0:00:00,5,739.53,20,591.62,8,DELIVERED,COD
O13364,C0453,P077,2025-06-17 0:00:00,2,3601.52,0,3601.52,12,Delivered,COD
O13365,C0304,P079,2025-02-18 0:00:00,5,4699.97,15,3994.97,3,Delivered,Card
O13366,C0419,P016,2023-05-01 0:00:00,1,2768.98,0,2768.98,10,Cancelled,COD
O13367,C0178,P005,2023-12-01 0:00:00,4,9162.46,5,8704.34,8,DELIVERED,Wallet
O13368,C0271,P081,2023-09-26 0:00:00,5,5076.41,5,4822.59,3,Cancelled,Wallet
O13369,C0224,P040,2023-06-17 0:00:00,2,3040.71,10,2736.64,11,delivered,Card
O13370,C0025,P080,2024-11-16 0:00:00,1,4353.45,5,4135.78,4,Cancelled,Wallet
O13371,C0242,P005,2024-03-04 0:00:00,3,2933,0,2933,9,Delivered,COD
O13372,C0375,P092,2026-03-29 0:00:00,2,9935.41,5,9438.64,9,Delivered,Card
O13373,C0006,P031,2023-09-17 0:00:00,1,8419.46,0,8419.46,5,DELIVERED,Wallet
O13374,C0096,P086,2024-12-10 0:00:00,5,6909.77,0,6909.77,12,Cancelled,UPI
O13375,C0090,P089,2023-05-15 0:00:00,2,715.08,20,572.06,4,Cancelled,COD
O13376,C0227,P044,2025-05-05 0:00:00,1,9292.37,15,7898.51,6,Delivered,Wallet
O13377,C0448,P094,2023-07-19 0:00:00,4,9765.63,5,9277.35,8,DELIVERED,COD
O13378,C0325,P002,2023-10-14 0:00:00,5,3424.73,0,3424.73,12,delivered,Card
O13379,C0351,P064,2026-02-16 0:00:00,2,6261.64,20,5009.31,3,Returned,UPI
O13380,C0076,P045,2023-04-18 0:00:00,5,1434.59,10,1291.13,10,Returned,Wallet
O13381,C0168,P013,2025-07-03 0:00:00,1,5151.96,10,4636.76,10,delivered,COD
O13382,C0381,P028,2023-08-02 0:00:00,5,2146.81,5,2039.47,12,Delivered,UPI
O13383,C0355,P037,2023-02-15 0:00:00,5,3537.01,0,3537.01,12,delivered,Wallet
O13384,C0218,P020,2025-05-29 0:00:00,1,6163.72,10,5547.35,4,Delivered,Wallet
O13385,C0448,P097,2023-08-22 0:00:00,1,6578.68,5,6249.75,6,Cancelled,Wallet
O13386,C0106,P054,2025-08-22 0:00:00,3,707.77,10,636.99,4,Returned,Wallet
O13387,C0434,P011,2024-04-22 0:00:00,2,6882.33,10,6194.1,2,Delivered,Wallet
O13388,C0433,P036,2024-04-29 0:00:00,1,7160.99,5,6802.94,1,Cancelled,Card
O13389,C0474,P057,2023-04-19 0:00:00,5,1406.98,20,1125.58,3,DELIVERED,COD
O13390,C0139,P080,2024-03-01 0:00:00,4,1846.26,0,1846.26,2,Returned,UPI
O13391,C0419,P053,2023-01-02 0:00:00,1,5777.29,0,5777.29,7,Cancelled,COD
O13392,C0056,P089,2024-01-31 0:00:00,4,6983.16,20,5586.53,5,Cancelled,UPI
O13393,C0077,P035,2023-03-22 0:00:00,1,3878.02,0,3878.02,1,Delivered,Wallet
O13394,C0143,P053,2025-08-20 0:00:00,3,1659.47,20,1327.58,10,Returned,Wallet
O13395,C0303,P045,2023-11-22 0:00:00,3,1087.89,5,1033.5,9,DELIVERED,Card
O13396,C0410,P003,2025-03-16 0:00:00,4,4181.44,15,3554.22,2,DELIVERED,COD
O13397,C0448,P043,2023-02-27 0:00:00,2,4645.42,10,4180.88,5,DELIVERED,UPI
O13398,C0400,P018,2024-04-07 0:00:00,1,2727.47,20,2181.98,5,delivered,COD
O13399,C0284,P062,2024-04-23 0:00:00,3,6862.07,0,6862.07,7,DELIVERED,UPI
O13400,C0185,P026,2024-11-12 0:00:00,2,3490.67,20,2792.54,6,DELIVERED,COD
O13401,C0151,P080,2025-07-17 0:00:00,5,4731.66,0,4731.66,5,Returned,Wallet
O13402,C0496,P048,2025-01-10 0:00:00,3,9243.74,5,8781.55,11,delivered,Card
O13403,C0469,P049,2025-02-26 0:00:00,5,982.12,20,785.7,11,Returned,UPI
O13404,C0006,P042,2025-01-02 0:00:00,1,2033.12,20,1626.5,7,DELIVERED,COD
O13405,C0471,P069,2026-01-05 0:00:00,4,3071.48,10,2764.33,12,Cancelled,Wallet
O13406,C0293,P025,2024-07-03 0:00:00,5,4905.35,15,4169.55,6,Returned,Card
O13407,C0365,P008,2024-09-12 0:00:00,1,6336.8,20,5069.44,10,delivered,COD
O13408,C0006,P074,2025-05-23 0:00:00,5,2474.06,0,2474.06,9,DELIVERED,UPI
O13409,C0225,P057,2026-03-20 0:00:00,5,4477.46,5,4253.59,4,delivered,COD
O13410,C0471,P079,2023-01-19 0:00:00,3,5671.36,5,5387.79,1,Delivered,COD
O13411,C0269,P007,2024-07-08 0:00:00,5,1605.43,10,1444.89,11,Returned,Wallet
O13412,C0202,P076,2025-08-02 0:00:00,3,8917.43,20,7133.94,2,Returned,Card
O13413,C0175,P065,2023-10-04 0:00:00,2,2845.56,15,2418.73,7,delivered,Wallet
O13414,C0012,P040,2024-01-28 0:00:00,1,4549.3,10,4094.37,3,delivered,Wallet
O13415,C0148,P005,2025-06-06 0:00:00,2,1832.24,10,1649.02,12,Returned,Wallet
O13416,C0351,P060,2026-01-22 0:00:00,5,8904,10,8013.6,1,Cancelled,Wallet
O13417,C0116,P022,2023-07-15 0:00:00,4,8279.85,5,7865.86,1,DELIVERED,Card
O13418,C0070,P017,2023-05-09 0:00:00,3,6476.17,10,5828.55,9,Cancelled,Wallet
O13419,C0402,P042,2023-04-28 0:00:00,2,4350.62,5,4133.09,3,delivered,Card
O13420,C0038,P068,2023-03-12 0:00:00,3,740.39,5,703.37,8,Returned,Wallet
O13421,C0458,P088,2025-10-03 0:00:00,3,8451.05,15,7183.39,10,Returned,Card
O13422,C0441,P006,2023-12-08 0:00:00,5,5603.37,5,5323.2,12,DELIVERED,Wallet
O13423,C0204,P021,2026-03-26 0:00:00,2,8479.23,5,8055.27,8,Cancelled,COD
O13424,C0477,P035,2024-06-17 0:00:00,3,5479.26,15,4657.37,3,Delivered,Wallet
O13425,C0140,P096,2025-09-30 0:00:00,3,9812.22,15,8340.39,5,Returned,Card
O13426,C0033,P040,2024-05-31 0:00:00,2,4344.02,5,4126.82,10,delivered,UPI
O13427,C0114,P100,2025-03-29 0:00:00,1,3417.21,5,3246.35,7,DELIVERED,Wallet
O13428,C0170,P063,2024-10-01 0:00:00,4,3426.44,5,3255.12,1,DELIVERED,COD
O13429,C0117,P056,2024-05-30 0:00:00,5,8462.7,5,8039.57,4,Delivered,Wallet
O13430,C0177,P002,2023-06-20 0:00:00,1,6267.54,15,5327.41,-2,Delivered,Wallet
O13431,C0171,P013,2025-02-10 0:00:00,1,1432.67,20,1146.14,10,Returned,Wallet
O13432,C0239,P018,2023-04-05 0:00:00,5,7361.53,15,6257.3,5,Returned,UPI
O13433,C0048,P047,2025-02-13 0:00:00,4,9478.94,5,9004.99,4,Returned,Wallet
O13434,C0268,P025,2023-08-02 0:00:00,3,1700.39,5,1615.37,3,Returned,COD
O13435,C0415,P037,2023-10-21 0:00:00,3,3492.44,15,2968.57,10,DELIVERED,Wallet
O13436,C0438,P089,2023-06-02 0:00:00,2,1692.05,15,1438.24,8,Delivered,Wallet
O13437,C0386,P066,2023-08-03 0:00:00,1,3332.57,0,3332.57,2,DELIVERED,Card
O13438,C0284,P009,2025-11-17 0:00:00,1,7149.38,20,5719.5,12,DELIVERED,Wallet
O13439,C0107,P046,2024-02-14 0:00:00,5,4541.55,0,4541.55,1,Delivered,Wallet
O13440,C0108,P056,2024-12-02 0:00:00,5,2160.74,15,1836.63,4,Returned,Wallet
O13441,C0078,P015,2023-03-04 0:00:00,5,6755.2,15,5741.92,12,Delivered,UPI
O13442,C0315,P079,2025-06-14 0:00:00,3,2029.19,10,1826.27,10,delivered,Wallet
O13443,C0355,P098,2023-09-27 0:00:00,4,7284.12,5,6919.91,4,Returned,Card
O13444,C0251,P033,2024-07-25 0:00:00,5,6436.39,0,6436.39,6,delivered,UPI
O13445,C0404,P008,2025-11-16 0:00:00,3,5956.05,10,5360.45,7,Cancelled,Card
O13446,C0136,P033,2023-06-20 0:00:00,3,5109.63,10,4598.67,1,Delivered,COD
O13447,C0235,P068,2024-08-27 0:00:00,3,2152.01,10,1936.81,3,Returned,UPI
O13448,C0424,P043,2024-04-10 0:00:00,5,2089.69,10,1880.72,5,DELIVERED,Wallet
O13449,C0490,P076,2025-01-09 0:00:00,5,4749.36,20,3799.49,8,DELIVERED,Card
O13450,C0183,P060,2023-11-28 0:00:00,1,1864.42,20,1491.54,6,delivered,Card
O13451,C0174,P027,2023-11-09 0:00:00,3,3896.58,0,3896.58,8,DELIVERED,Card
O13452,C0073,P098,2023-01-05 0:00:00,3,8049.66,20,6439.73,12,Returned,Wallet
O13453,C0127,P043,2023-11-30 0:00:00,2,3593.01,15,3054.06,12,DELIVERED,UPI
O13454,C0300,P072,2025-04-02 0:00:00,2,6724.1,0,6724.1,6,Cancelled,Wallet
O13455,C0474,P051,2024-02-08 0:00:00,4,2891.71,20,2313.37,7,Cancelled,Card
O13456,C0181,P065,2024-09-18 0:00:00,2,5354.67,20,4283.74,3,delivered,UPI
O13457,C0071,P021,2026-03-29 0:00:00,2,2300.14,5,2185.13,5,Returned,UPI
O13458,C0456,P093,2025-10-18 0:00:00,4,1689.77,10,1520.79,5,delivered,Card
O13459,C0323,P002,2024-09-29 0:00:00,2,9757.52,10,8781.77,4,DELIVERED,Wallet
O13460,C0031,P098,2024-08-26 0:00:00,5,7718.05,20,6174.44,6,Returned,Wallet
O13461,C0037,P070,2024-11-18 0:00:00,5,1404.11,10,1263.7,11,Cancelled,Card
O13462,C0287,P041,2025-08-02 0:00:00,3,5466.01,15,4646.11,10,Returned,COD
O13463,C0060,P047,2026-04-15 0:00:00,2,8048.95,0,8048.95,4,Returned,UPI
O13464,C0276,P012,2025-03-20 0:00:00,1,9647.12,15,8200.05,11,Cancelled,COD
O13465,C0242,P066,2024-08-08 0:00:00,2,5690.68,20,4552.54,8,DELIVERED,UPI
O13466,C0199,P099,2024-07-05 0:00:00,1,1076.38,10,968.74,2,Cancelled,UPI
O13467,C0158,P059,2026-03-20 0:00:00,2,3203.7,0,3203.7,12,Returned,Card
O13468,C0244,P063,2024-11-05 0:00:00,5,7754.06,15,6590.95,7,DELIVERED,Wallet
O13469,C0294,P003,2023-07-17 0:00:00,3,6069.42,20,4855.54,12,DELIVERED,Card
O13470,C0242,P002,2023-12-05 0:00:00,2,1404.09,15,1193.48,6,delivered,Wallet
O13471,C0098,P039,2025-07-07 0:00:00,4,5279.19,5,5015.23,5,Delivered,Wallet
O13472,C0313,P044,2025-06-03 0:00:00,4,2875.82,15,2444.45,7,Returned,Wallet
O13473,C0482,P063,2025-10-14 0:00:00,1,1409.76,15,1198.3,1,DELIVERED,Card
O13474,C0282,P048,2023-11-04 0:00:00,1,3640.75,15,3094.64,10,Cancelled,UPI
O13475,C0155,P094,2025-02-27 0:00:00,5,2090.89,0,2090.89,8,delivered,Wallet
O13476,C0157,P017,2024-06-13 0:00:00,2,4104.63,0,4104.63,2,delivered,UPI
O13477,C0496,P071,2023-10-25 0:00:00,3,4346.01,10,3911.41,9,delivered,Card
O13478,C0217,P076,2025-04-08 0:00:00,2,4534.2,10,4080.78,8,Delivered,COD
O13479,C0176,P034,2023-08-04 0:00:00,5,9514.44,10,8563,3,Cancelled,UPI
O13480,C0133,P026,2023-10-23 0:00:00,5,7897.09,10,7107.38,9,delivered,Wallet
O13481,C0101,P014,2023-12-26 0:00:00,3,2273.56,5,2159.88,6,Delivered,UPI
O13482,C0174,P065,2023-06-03 0:00:00,4,5838.09,5,5546.19,7,Cancelled,UPI
O13483,C0358,P028,2023-04-03 0:00:00,5,5054.86,20,4043.89,6,DELIVERED,Card
O13484,C0292,P082,2024-11-01 0:00:00,1,9923.82,10,8931.44,2,Cancelled,Wallet
O13485,C0213,P058,2024-07-10 0:00:00,3,9517.59,0,9517.59,3,Returned,Wallet
O13486,C0388,P049,2025-06-05 0:00:00,4,968.19,10,871.37,12,Cancelled,Card
O13487,C0356,P005,2023-08-29 0:00:00,1,1231.57,0,1231.57,7,Cancelled,Card
O13488,C0262,P045,2025-04-25 0:00:00,3,9793.89,0,9793.89,12,delivered,UPI
O13489,C0411,P043,2025-11-29 0:00:00,4,1455.39,10,1309.85,3,Delivered,UPI
O13490,C0359,P089,2025-03-02 0:00:00,5,6565.09,10,5908.58,7,Cancelled,Wallet
O13491,C0013,P017,2023-03-08 0:00:00,2,900.77,20,720.62,9,Cancelled,Wallet
O13492,C0445,P061,2025-02-15 0:00:00,1,3482.17,15,2959.84,2,DELIVERED,COD
O13493,C0480,P083,2024-01-24 0:00:00,4,2480.38,0,2480.38,9,Returned,COD
O13494,C0385,P089,2024-12-04 0:00:00,4,9001.13,0,9001.13,11,DELIVERED,Wallet
O13495,C0284,P013,2024-11-12 0:00:00,5,712.3,20,569.84,11,DELIVERED,Wallet
O13496,C0077,P068,2023-03-02 0:00:00,5,1056.86,0,1056.86,5,DELIVERED,Wallet
O13497,C0012,P078,2024-06-13 0:00:00,3,7163.21,15,6088.73,12,Delivered,COD
O13498,C0094,P069,2025-11-27 0:00:00,2,2268,5,2154.6,12,Cancelled,Card
O13499,C0409,P097,2024-09-28 0:00:00,3,2170.73,15,1845.12,4,Returned,UPI
O13500,C0416,P063,2024-08-31 0:00:00,5,9975.98,15,8479.58,4,delivered,Wallet
O13501,C0403,P058,2023-08-11 0:00:00,4,993.95,0,993.95,10,Returned,UPI
O13502,C0483,P036,2023-04-06 0:00:00,4,1409.53,15,1198.1,2,Returned,COD
O13503,C0364,P028,2023-11-22 0:00:00,2,4201.47,10,3781.32,8,Returned,Wallet
O13504,C0110,P016,2023-09-23 0:00:00,1,5293.32,10,4763.99,8,Cancelled,COD
O13505,C0467,P093,2023-04-09 0:00:00,2,5947.92,20,4758.34,1,DELIVERED,UPI
O13506,C0035,P013,2024-07-01 0:00:00,3,810.25,15,688.71,1,Returned,Wallet
O13507,C0024,P010,2024-02-14 0:00:00,3,7632.71,10,6869.44,10,Delivered,Card
O13508,C0155,P012,2023-12-19 0:00:00,5,2287.91,10,2059.12,4,Delivered,Wallet
O13509,C0493,P017,2025-12-01 0:00:00,3,1578.81,0,1578.81,11,DELIVERED,Card
O13510,C0429,P001,2026-04-14 0:00:00,5,6934.82,15,5894.6,1,DELIVERED,Card
O13511,C0298,P018,2025-08-20 0:00:00,5,4136.1,5,3929.3,7,DELIVERED,Card
O13512,C0006,P038,2025-11-11 0:00:00,3,5776.38,5,5487.56,12,DELIVERED,COD
O13513,C0376,P096,2025-08-15 0:00:00,3,3818.24,0,3818.24,6,Delivered,Wallet
O13514,C0193,P019,2023-05-16 0:00:00,4,7476.19,0,7476.19,5,DELIVERED,COD
O13515,C0172,P096,2026-03-20 0:00:00,3,4063.16,20,3250.53,2,Delivered,COD
O13516,C0205,P082,2025-08-13 0:00:00,1,3369.49,5,3201.02,9,Returned,COD
O13517,C0070,P046,2024-04-17 0:00:00,1,1076.9,5,1023.06,6,Delivered,Card
O13518,C0202,P033,2024-02-12 0:00:00,1,5644.87,0,5644.87,11,delivered,Wallet
O13519,C0194,P076,2023-05-05 0:00:00,5,5715.2,0,5715.2,2,DELIVERED,COD
O13520,C0268,P066,2023-09-02 0:00:00,3,9054.15,20,7243.32,1,Returned,COD
O13521,C0290,P072,2024-10-07 0:00:00,4,7081.84,15,6019.56,5,Returned,Wallet
O13522,C0209,P006,2025-12-06 0:00:00,3,1675.92,15,1424.53,9,Returned,Wallet
O13523,C0224,P055,2024-04-09 0:00:00,5,1047.48,15,890.36,11,delivered,UPI
O13524,C0306,P098,2023-01-24 0:00:00,4,4182.38,20,3345.9,7,Cancelled,COD
O13525,C0194,P099,2024-05-08 0:00:00,2,5065.73,10,4559.16,4,DELIVERED,COD
O13526,C0200,P097,2026-03-22 0:00:00,5,6359.51,20,5087.61,9,Cancelled,Wallet
O13527,C0013,P012,2025-08-17 0:00:00,2,4073.66,0,4073.66,1,Delivered,Card
O13528,C0249,P017,2025-10-25 0:00:00,3,584.54,15,496.86,1,Cancelled,COD
O13529,C0350,P082,2023-02-17 0:00:00,4,3839.16,10,3455.24,4,DELIVERED,COD
O13530,C0343,P041,2023-06-03 0:00:00,2,6146.31,10,5531.68,2,DELIVERED,Card
O13531,C0490,P077,2024-05-17 0:00:00,3,8727.35,5,8290.98,1,DELIVERED,COD
O13532,C0385,P033,2024-06-16 0:00:00,2,7854.15,15,6676.03,8,delivered,Wallet
O13533,C0491,P032,2023-06-25 0:00:00,5,2142.93,15,1821.49,2,Cancelled,COD
O13534,C0376,P002,2023-01-27 0:00:00,1,6548.92,0,6548.92,9,Cancelled,UPI
O13535,C0222,P080,2024-05-27 0:00:00,1,3664.83,0,3664.83,12,delivered,Card
O13536,C0456,P044,2025-07-17 0:00:00,1,2300.82,5,2185.78,6,Delivered,Wallet
O13537,C0439,P086,2023-01-14 0:00:00,3,8330.15,20,6664.12,5,Returned,COD
O13538,C0336,P085,2025-03-22 0:00:00,5,6288.33,10,5659.5,3,DELIVERED,COD
O13539,C0026,P025,2024-03-30 0:00:00,5,6892.8,20,5514.24,4,Cancelled,UPI
O13540,C0249,P041,2025-03-28 0:00:00,5,2151.35,0,2151.35,2,DELIVERED,Card
O13541,C0091,P027,2025-12-16 0:00:00,1,7757.45,5,7369.58,9,delivered,COD
O13542,C0315,P017,2024-08-04 0:00:00,2,761.38,20,609.1,4,Cancelled,COD
O13543,C0160,P077,2023-11-24 0:00:00,5,2538.87,5,2411.93,4,DELIVERED,Wallet
O13544,C0454,P060,2024-05-02 0:00:00,5,4856.36,0,4856.36,1,Returned,Wallet
O13545,C0439,P057,2023-06-01 0:00:00,5,6707.85,0,6707.85,12,delivered,UPI
O13546,C0158,P067,2025-03-06 0:00:00,4,8307.94,15,7061.75,2,Returned,Wallet
O13547,C0212,P013,2025-06-30 0:00:00,4,825.77,15,701.9,5,delivered,Card
O13548,C0212,P085,2024-06-14 0:00:00,4,6378.02,20,5102.42,7,Returned,UPI
O13549,C0126,P024,2024-12-05 0:00:00,2,4127.74,0,4127.74,5,Cancelled,Wallet
O13550,C0264,P070,2025-08-04 0:00:00,3,3285.47,15,2792.65,3,DELIVERED,Wallet
O13551,C0334,P060,2025-05-27 0:00:00,1,983.28,10,884.95,12,delivered,Card
O13552,C0197,P046,2023-02-03 0:00:00,2,5582.26,20,4465.81,10,Returned,COD
O13553,C0277,P098,2024-09-05 0:00:00,5,1052.98,0,1052.98,6,DELIVERED,Wallet
O13554,C0200,P019,2023-11-19 0:00:00,1,6280.68,5,5966.65,10,Returned,COD
O13555,C0425,P050,2024-03-11 0:00:00,3,734.8,15,624.58,3,Cancelled,Card
O13556,C0146,P026,2024-03-28 0:00:00,3,9743.94,5,9256.74,11,DELIVERED,Wallet
O13557,C0391,P094,2024-05-15 0:00:00,2,4012.22,15,3410.39,1,Delivered,Card
O13558,C0487,P018,2025-12-12 0:00:00,1,5548.26,10,4993.43,1,DELIVERED,Card
O13559,C0151,P037,2023-06-06 0:00:00,3,5161.2,0,5161.2,5,delivered,Wallet
O13560,C0370,P012,2025-12-13 0:00:00,3,800.95,0,800.95,7,Returned,UPI
O13561,C0064,P046,2025-02-26 0:00:00,3,4930.68,15,4191.08,7,delivered,COD
O13562,C0393,P056,2023-04-12 0:00:00,3,1960.17,10,1764.15,1,DELIVERED,Card
O13563,C0415,P058,2023-07-01 0:00:00,4,5574.82,5,5296.08,2,Cancelled,Card
O13564,C0457,P002,2025-04-09 0:00:00,1,6125.94,0,6125.94,10,Cancelled,COD
O13565,C0449,P051,2025-06-06 0:00:00,5,6865.69,5,6522.41,12,Cancelled,Card
O13566,C0490,P003,2024-07-22 0:00:00,3,8665.29,0,8665.29,1,Cancelled,Wallet
O13567,C0358,P050,2025-09-13 0:00:00,5,3257.69,0,3257.69,10,Cancelled,Wallet
O13568,C0311,P090,2025-07-13 0:00:00,5,1644.11,15,1397.49,5,Cancelled,Wallet
O13569,C0360,P025,2025-03-17 0:00:00,5,4996.64,20,3997.31,5,Cancelled,Card
O13570,C0040,P070,2026-02-26 0:00:00,4,2830.76,5,2689.22,5,delivered,UPI
O13571,C0309,P050,2025-02-03 0:00:00,5,1196.17,10,1076.55,11,Returned,Wallet
O13572,C0001,P003,2023-09-15 0:00:00,4,1581.36,20,1265.09,1,Cancelled,COD
O13573,C0018,P069,2024-11-13 0:00:00,3,1441.6,20,1153.28,4,DELIVERED,Wallet
O13574,C0086,P067,2025-02-28 0:00:00,3,9375.94,15,7969.55,6,DELIVERED,UPI
O13575,C0161,P043,2023-05-14 0:00:00,3,5840.45,0,5840.45,10,DELIVERED,UPI
O13576,C0166,P031,2023-04-08 0:00:00,4,9537.98,0,9537.98,4,Returned,UPI
O13577,C0426,P073,2024-07-29 0:00:00,4,9876.94,5,9383.09,1,Cancelled,Wallet
O13578,C0011,P016,2023-09-29 0:00:00,2,4349.43,20,3479.54,3,Delivered,Card
O13579,C0349,P082,2023-01-05 0:00:00,5,8250.96,10,7425.86,6,DELIVERED,COD
O13580,C0433,P061,2024-08-26 0:00:00,5,6341.49,15,5390.27,4,delivered,UPI
O13581,C0073,P087,2025-07-27 0:00:00,4,4811.78,5,4571.19,2,Cancelled,UPI
O13582,C0336,P015,2024-08-22 0:00:00,2,5293.92,5,5029.22,7,Delivered,COD
O13583,C0464,P022,2026-03-05 0:00:00,3,4395.45,10,3955.9,12,Cancelled,Card
O13584,C0186,P048,2024-11-14 0:00:00,5,9065.03,5,8611.78,6,delivered,COD
O13585,C0462,P087,2025-07-18 0:00:00,3,2389.4,15,2030.99,10,Cancelled,Card
O13586,C0344,P010,2025-11-15 0:00:00,2,2076.41,15,1764.95,9,delivered,COD
O13587,C0065,P042,2024-02-04 0:00:00,4,8119.46,0,8119.46,1,Returned,COD
O13588,C0293,P100,2025-05-13 0:00:00,4,5765.54,20,4612.43,11,Delivered,Wallet
O13589,C0226,P057,2023-12-14 0:00:00,5,8847.15,10,7962.43,9,delivered,COD
O13590,C0357,P039,2023-03-01 0:00:00,2,9804.82,20,7843.86,11,Cancelled,UPI
O13591,C0500,P062,2025-03-04 0:00:00,5,9687.92,0,9687.92,9,Delivered,COD
O13592,C0484,P064,2025-09-07 0:00:00,1,4711.13,10,4240.02,10,DELIVERED,UPI
O13593,C0142,P084,2025-08-03 0:00:00,3,7245.26,20,5796.21,9,Delivered,Card
O13594,C0315,P085,2023-08-04 0:00:00,1,1347.51,0,1347.51,1,Returned,COD
O13595,C0300,P009,2023-12-06 0:00:00,3,1168.04,5,1109.64,12,Returned,Wallet
O13596,C0439,P085,2023-09-03 0:00:00,5,2068.4,20,1654.72,7,DELIVERED,COD
O13597,C0343,P043,2023-04-23 0:00:00,2,3688.74,0,3688.74,11,DELIVERED,Card
O13598,C0350,P067,2023-11-25 0:00:00,3,8847.59,15,7520.45,9,Cancelled,Wallet
O13599,C0203,P029,2025-05-23 0:00:00,4,861.12,15,731.95,8,Cancelled,Wallet
O13600,C0384,P067,2024-07-16 0:00:00,2,8529.57,5,8103.09,8,delivered,Card
O13601,C0490,P047,2025-11-12 0:00:00,4,1847.17,15,1570.09,2,Returned,UPI
O13602,C0427,P043,2024-08-30 0:00:00,2,555.94,0,555.94,7,Returned,Wallet
O13603,C0175,P074,2025-04-16 0:00:00,2,6652.51,10,5987.26,11,delivered,UPI
O13604,C0034,P028,2025-01-17 0:00:00,5,6056.8,15,5148.28,8,Delivered,COD
O13605,C0481,P003,2023-02-16 0:00:00,3,8487.6,0,8487.6,4,DELIVERED,COD
O13606,C0027,P089,2024-11-10 0:00:00,5,7870.71,0,7870.71,12,delivered,Card
O13607,C0123,P025,2025-04-04 0:00:00,2,4149.06,10,3734.15,5,Cancelled,UPI
O13608,C0352,P011,2024-08-28 0:00:00,1,8829.15,20,7063.32,6,Delivered,Wallet
O13609,C0121,P098,2023-06-11 0:00:00,3,5462.11,0,5462.11,5,delivered,Wallet
O13610,C0225,P089,2026-04-09 0:00:00,3,7370.38,15,6264.82,12,delivered,Wallet
O13611,C0203,P056,2023-07-26 0:00:00,4,9152.24,0,9152.24,11,delivered,Wallet
O13612,C0370,P093,2026-03-07 0:00:00,5,7331.86,20,5865.49,8,Returned,COD
O13613,C0295,P089,2024-10-28 0:00:00,2,2571.8,10,2314.62,6,DELIVERED,Wallet
O13614,C0361,P092,2025-06-12 0:00:00,5,4538.04,0,4538.04,5,Returned,UPI
O13615,C0189,P060,2025-10-15 0:00:00,1,601.84,15,511.56,5,Delivered,Wallet
O13616,C0491,P009,2025-12-25 0:00:00,1,6681.7,5,6347.61,4,delivered,COD
O13617,C0119,P082,2025-12-09 0:00:00,5,5552.07,20,4441.66,7,Returned,Wallet
O13618,C0171,P094,2026-01-28 0:00:00,1,3531.21,5,3354.65,9,DELIVERED,Wallet
O13619,C0109,P013,2023-04-19 0:00:00,2,7635.88,10,6872.29,5,DELIVERED,Wallet
O13620,C0073,P060,2024-06-26 0:00:00,4,4402.39,10,3962.15,3,Delivered,Wallet
O13621,C0289,P091,2023-11-30 0:00:00,4,7055.48,0,7055.48,2,Delivered,COD
O13622,C0067,P037,2023-12-26 0:00:00,4,5354.62,10,4819.16,3,DELIVERED,UPI
O13623,C0245,P053,2024-03-11 0:00:00,1,8144.94,5,7737.69,9,delivered,Card
O13624,C0458,P015,2024-05-11 0:00:00,5,4103.3,10,3692.97,5,Returned,Wallet
O13625,C0005,P042,2023-08-29 0:00:00,4,6009.26,10,5408.33,11,Delivered,COD
O13626,C0439,P048,2024-09-12 0:00:00,1,6108.41,20,4886.73,3,Delivered,Card
O13627,C0124,P067,2023-12-16 0:00:00,5,8919.1,20,7135.28,10,delivered,Card
O13628,C0312,P013,2023-02-14 0:00:00,1,3213.86,0,3213.86,6,delivered,Wallet
O13629,C0418,P040,2024-03-04 0:00:00,3,5618.23,20,4494.58,3,Cancelled,UPI
O13630,C0450,P004,2025-04-14 0:00:00,4,6322.91,15,5374.47,10,Returned,Wallet
O13631,C0338,P075,2026-03-22 0:00:00,5,8584.91,0,8584.91,1,Returned,Wallet
O13632,C0229,P089,2023-09-23 0:00:00,5,9621.79,15,8178.52,12,delivered,UPI
O13633,C0091,P028,2025-08-24 0:00:00,2,794.58,0,794.58,8,delivered,Wallet
O13634,C0374,P022,2023-05-06 0:00:00,3,2668.54,10,2401.69,2,Cancelled,Card
O13635,C0054,P100,2026-01-29 0:00:00,3,8583.26,10,7724.93,1,delivered,Card
O13636,C0012,P099,2024-10-09 0:00:00,4,1272.5,0,1272.5,12,DELIVERED,COD
O13637,C0097,P090,2025-08-29 0:00:00,3,6839.89,20,5471.91,2,Returned,Wallet
O13638,C0169,P029,2024-03-27 0:00:00,2,4848.04,5,4605.64,2,DELIVERED,Card
O13639,C0401,P056,2023-02-04 0:00:00,1,2542.31,10,2288.08,7,Returned,Wallet
O13640,C0222,P009,2025-11-20 0:00:00,3,4299.25,5,4084.29,6,Delivered,Card
O13641,C0137,P041,2023-11-13 0:00:00,1,3571.59,5,3393.01,1,Cancelled,Wallet
O13642,C0433,P002,2023-12-16 0:00:00,5,2854.93,20,2283.94,7,DELIVERED,COD
O13643,C0209,P091,2025-09-29 0:00:00,5,5111.53,0,5111.53,2,Returned,Wallet
O13644,C0359,P024,2025-02-08 0:00:00,3,2097.8,10,1888.02,4,DELIVERED,COD
O13645,C0441,P011,2024-03-12 0:00:00,2,3247.46,15,2760.34,1,DELIVERED,Card
O13646,C0055,P024,2023-12-17 0:00:00,5,8055.39,5,7652.62,3,Cancelled,UPI
O13647,C0484,P054,2023-02-28 0:00:00,1,1757.4,20,1405.92,8,Delivered,Card
O13648,C0107,P042,2023-12-23 0:00:00,4,2911.67,20,2329.34,5,delivered,COD
O13649,C0250,P025,2024-07-21 0:00:00,5,4282.09,20,3425.67,8,Cancelled,COD
O13650,C0213,P027,2025-05-28 0:00:00,5,7631.47,20,6105.18,1,Delivered,Wallet
O13651,C0170,P028,2024-01-08 0:00:00,5,8781.65,20,7025.32,1,delivered,Wallet
O13652,C0492,P002,2025-08-24 0:00:00,3,8986.22,15,7638.29,7,Returned,Wallet
O13653,C0440,P026,2024-09-11 0:00:00,3,7858.89,15,6680.06,4,Returned,Card
O13654,C0415,P039,2023-06-09 0:00:00,5,1414.19,5,1343.48,10,Returned,Wallet
O13655,C0354,P055,2025-10-23 0:00:00,3,1955.33,20,1564.26,3,Cancelled,COD
O13656,C0149,P090,2023-05-11 0:00:00,3,5163.64,20,4130.91,8,Returned,Wallet
O13657,C0021,P032,2025-11-29 0:00:00,1,3250.95,0,3250.95,6,Cancelled,Card
O13658,C0405,P023,2023-02-27 0:00:00,3,4829.28,10,4346.35,10,Cancelled,UPI
O13659,C0151,P007,2025-07-13 0:00:00,2,8354.86,10,7519.37,3,DELIVERED,Card
O13660,C0188,P055,2024-09-22 0:00:00,4,1302.36,10,1172.12,5,Cancelled,Card
O13661,C0197,P092,2025-06-19 0:00:00,4,8551.73,0,8551.73,3,Returned,Wallet
O13662,C0406,P008,2025-10-03 0:00:00,4,8540.64,15,7259.54,8,Delivered,Card
O13663,C0382,P091,2025-07-23 0:00:00,5,2707.59,15,2301.45,3,DELIVERED,Wallet
O13664,C0331,P015,2023-02-17 0:00:00,4,5448.25,15,4631.01,2,delivered,UPI
O13665,C0122,P027,2024-05-17 0:00:00,5,4146.12,5,3938.81,9,Returned,COD
O13666,C0031,P025,2024-04-20 0:00:00,4,6798.78,5,6458.84,4,Cancelled,Card
O13667,C0074,P051,2024-04-04 0:00:00,3,5137.28,10,4623.55,1,Returned,UPI
O13668,C0287,P006,2025-10-01 0:00:00,1,1653.76,0,1653.76,1,Returned,Wallet
O13669,C0059,P038,2023-11-06 0:00:00,1,5953.57,0,5953.57,1,DELIVERED,Card
O13670,C0461,P096,2023-08-27 0:00:00,1,4498.96,10,4049.06,10,Returned,Wallet
O13671,C0322,P036,2024-09-19 0:00:00,3,3576.46,0,3576.46,8,Returned,Card
O13672,C0258,P034,2023-06-14 0:00:00,1,2891.82,10,2602.64,12,delivered,Card
O13673,C0477,P007,2024-10-02 0:00:00,5,661.12,5,628.06,3,Delivered,Wallet
O13674,C0469,P014,2025-02-10 0:00:00,1,6537.73,5,6210.84,7,delivered,Wallet
O13675,C0216,P085,2026-03-25 0:00:00,3,7945.73,10,7151.16,4,delivered,Card
O13676,C0436,P083,2023-03-23 0:00:00,1,1453.53,10,1308.18,3,Returned,Card
O13677,C0143,P038,2024-03-25 0:00:00,4,9403.82,20,7523.06,1,Delivered,Wallet
O13678,C0402,P076,2025-11-03 0:00:00,3,5022.64,10,4520.38,2,DELIVERED,COD
O13679,C0440,P061,2024-10-03 0:00:00,2,3647.17,20,2917.74,3,Returned,UPI
O13680,C0163,P075,2026-04-11 0:00:00,3,6207.69,0,6207.69,2,delivered,Wallet
O13681,C0442,P051,2024-04-29 0:00:00,5,5276.61,10,4748.95,7,Cancelled,Wallet
O13682,C0154,P006,2023-11-06 0:00:00,2,7998.97,20,6399.18,11,Delivered,Wallet
O13683,C0477,P043,2023-01-19 0:00:00,4,8794.88,5,8355.14,4,delivered,Card
O13684,C0147,P045,2024-03-01 0:00:00,4,1193.55,20,954.84,8,delivered,UPI
O13685,C0184,P069,2023-03-25 0:00:00,3,3887.08,5,3692.73,2,Returned,UPI
O13686,C0488,P074,2025-02-17 0:00:00,3,5674.72,5,5390.98,3,Returned,Wallet
O13687,C0202,P021,2023-01-09 0:00:00,5,3445.7,15,2928.84,1,Delivered,Card
O13688,C0168,P008,2023-07-06 0:00:00,2,7064.35,10,6357.92,8,Cancelled,COD
O13689,C0372,P094,2023-12-28 0:00:00,5,2838.09,15,2412.38,10,Cancelled,Wallet
O13690,C0346,P008,2023-01-29 0:00:00,3,9978.15,5,9479.24,4,Returned,Wallet
O13691,C0076,P062,2023-06-28 0:00:00,2,1226.22,5,1164.91,8,Cancelled,Wallet
O13692,C0240,P009,2025-05-28 0:00:00,2,3870.21,5,3676.7,10,Cancelled,UPI
O13693,C0408,P084,2025-01-07 0:00:00,3,7211.59,10,6490.43,6,Delivered,COD
O13694,C0413,P081,2025-05-08 0:00:00,4,9989.74,15,8491.28,11,DELIVERED,UPI
O13695,C0500,P059,2023-03-10 0:00:00,4,8790.76,5,8351.22,7,Delivered,Wallet
O13696,C0028,P013,2024-05-22 0:00:00,2,4486.03,5,4261.73,7,Delivered,Wallet
O13697,C0263,P061,2024-08-22 0:00:00,4,3354.88,15,2851.65,11,delivered,Card
O13698,C0131,P066,2025-03-13 0:00:00,3,2102.55,5,1997.42,4,Cancelled,Wallet
O13699,C0028,P070,2023-08-25 0:00:00,4,5730.77,0,5730.77,6,Cancelled,Wallet
O13700,C0049,P025,2024-02-03 0:00:00,4,8080.67,20,6464.54,6,delivered,COD
O13701,C0104,P028,2023-12-01 0:00:00,3,9384.52,20,7507.62,6,Delivered,Card
O13702,C0277,P081,2023-07-06 0:00:00,5,7443.23,20,5954.58,10,delivered,Wallet
O13703,C0413,P055,2023-03-25 0:00:00,3,1789.74,10,1610.77,2,Cancelled,Wallet
O13704,C0468,P032,2025-03-22 0:00:00,3,5044.7,15,4287.99,3,Returned,COD
O13705,C0344,P019,2023-01-05 0:00:00,1,7346.83,0,7346.83,10,Delivered,UPI
O13706,C0030,P035,2024-07-11 0:00:00,3,6385.43,0,6385.43,2,Cancelled,Wallet
O13707,C0028,P042,2026-03-15 0:00:00,5,9125.55,20,7300.44,9,Delivered,Wallet
O13708,C0011,P047,2023-04-08 0:00:00,2,2660.32,10,2394.29,2,Returned,UPI
O13709,C0338,P043,2025-04-26 0:00:00,5,6258.47,0,6258.47,4,delivered,Wallet
O13710,C0453,P097,2025-04-06 0:00:00,3,3310.42,10,2979.38,2,delivered,Card
O13711,C0430,P050,2025-01-22 0:00:00,3,2977.55,0,2977.55,11,Delivered,UPI
O13712,C0367,P004,2023-12-26 0:00:00,2,2873.71,15,2442.65,6,DELIVERED,Card
O13713,C0439,P100,2023-05-10 0:00:00,3,9904.59,15,8418.9,10,Returned,COD
O13714,C0180,P097,2023-02-26 0:00:00,3,2818.07,0,2818.07,11,Cancelled,COD
O13715,C0379,P072,2026-04-12 0:00:00,2,886.28,20,709.02,2,Cancelled,COD
O13716,C0122,P003,2024-08-25 0:00:00,2,2329.47,15,1980.05,7,Cancelled,Wallet
O13717,C0121,P090,2024-06-09 0:00:00,2,6501.64,20,5201.31,9,Delivered,Wallet
O13718,C0482,P098,2023-07-23 0:00:00,3,4119.6,15,3501.66,4,delivered,Wallet
O13719,C0027,P007,2024-03-11 0:00:00,5,8614.75,5,8184.01,7,DELIVERED,Card
O13720,C0086,P075,2023-05-27 0:00:00,5,2238.05,15,1902.34,10,Cancelled,COD
O13721,C0204,P011,2025-10-23 0:00:00,2,6424.54,20,5139.63,10,DELIVERED,UPI
O13722,C0449,P026,2025-10-17 0:00:00,2,5538.11,20,4430.49,4,delivered,Wallet
O13723,C0462,P078,2024-08-02 0:00:00,2,4404.3,5,4184.09,6,Cancelled,Wallet
O13724,C0025,P078,2024-07-09 0:00:00,4,937.92,5,891.02,5,DELIVERED,UPI
O13725,C0089,P030,2024-08-29 0:00:00,2,4129.02,20,3303.22,10,delivered,Wallet
O13726,C0426,P005,2025-08-15 0:00:00,3,4511.53,5,4285.95,10,DELIVERED,Card
O13727,C0210,P100,2024-11-11 0:00:00,3,568.77,5,540.33,8,Returned,COD
O13728,C0162,P027,2025-12-26 0:00:00,1,6708.62,5,6373.19,7,DELIVERED,COD
O13729,C0072,P086,2023-06-13 0:00:00,2,6634.17,15,5639.04,12,DELIVERED,COD
O13730,C0063,P065,2025-10-24 0:00:00,2,9166.54,10,8249.89,5,Cancelled,UPI
O13731,C0103,P094,2024-01-27 0:00:00,1,7675.5,15,6524.18,3,Returned,Card
O13732,C0127,P002,2025-09-24 0:00:00,1,5728.88,5,5442.44,1,DELIVERED,Card
O13733,C0010,P078,2025-04-08 0:00:00,4,8024.18,5,7622.97,9,Returned,UPI
O13734,C0316,P017,2025-03-27 0:00:00,4,9476.96,20,7581.57,4,delivered,Card
O13735,C0459,P069,2023-10-08 0:00:00,3,616.09,5,585.29,7,Cancelled,Wallet
O13736,C0116,P037,2026-04-06 0:00:00,1,6251.26,20,5001.01,1,Returned,COD
O13737,C0139,P062,2025-08-23 0:00:00,2,879.29,15,747.4,7,Delivered,COD
O13738,C0083,P034,2024-04-23 0:00:00,1,1813.55,15,1541.52,3,Delivered,Wallet
O13739,C0426,P046,2025-12-04 0:00:00,3,3891.21,0,3891.21,9,DELIVERED,Wallet
O13740,C0137,P061,2025-11-05 0:00:00,2,8734.03,10,7860.63,10,Returned,UPI
O13741,C0303,P075,2024-05-12 0:00:00,5,2940.65,20,2352.52,12,Cancelled,Wallet
O13742,C0448,P048,2023-05-07 0:00:00,5,2502.35,15,2127,7,Cancelled,Wallet
O13743,C0080,P098,2024-03-23 0:00:00,3,6322.82,20,5058.26,12,Returned,UPI
O13744,C0300,P089,2024-05-27 0:00:00,2,8413.41,15,7151.4,10,Returned,COD
O13745,C0135,P079,2023-08-10 0:00:00,3,7067.4,10,6360.66,2,Delivered,Wallet
O13746,C0365,P027,2023-04-02 0:00:00,5,6139.75,15,5218.79,9,DELIVERED,UPI
O13747,C0436,P071,2024-02-21 0:00:00,3,6570.32,10,5913.29,6,Delivered,Wallet
O13748,C0016,P019,2024-07-22 0:00:00,2,5907.6,15,5021.46,4,DELIVERED,Wallet
O13749,C0320,P036,2023-11-26 0:00:00,5,9689.24,20,7751.39,12,Delivered,Wallet
O13750,C0389,P032,2023-02-08 0:00:00,3,5935.61,0,5935.61,11,Delivered,UPI
O13751,C0300,P095,2025-08-18 0:00:00,5,9001.83,0,9001.83,11,Cancelled,Wallet
O13752,C0240,P035,2025-05-30 0:00:00,3,934.41,0,934.41,12,delivered,Wallet
O13753,C0162,P077,2023-03-30 0:00:00,3,1754.37,20,1403.5,8,delivered,Wallet
O13754,C0408,P083,2023-05-21 0:00:00,1,1673.4,20,1338.72,5,delivered,Wallet
O13755,C0361,P088,2025-08-03 0:00:00,3,7579.17,10,6821.25,4,delivered,Card
O13756,C0023,P100,2024-02-06 0:00:00,4,2422.45,15,2059.08,4,DELIVERED,COD
O13757,C0254,P044,2025-01-08 0:00:00,3,9261.12,10,8335.01,8,DELIVERED,Card
O13758,C0435,P040,2024-12-20 0:00:00,4,662.85,20,530.28,11,Returned,COD
O13759,C0320,P084,2025-01-13 0:00:00,5,4649.49,0,4649.49,5,Delivered,UPI
O13760,C0190,P071,2024-12-04 0:00:00,4,521.67,0,521.67,3,Cancelled,Wallet
O13761,C0282,P059,2025-10-01 0:00:00,3,8666.31,0,8666.31,3,Delivered,COD
O13762,C0318,P090,2025-02-07 0:00:00,4,6559.55,10,5903.6,3,Cancelled,Wallet
O13763,C0125,P038,2026-01-01 0:00:00,2,3227.78,20,2582.22,11,Returned,UPI
O13764,C0127,P100,2024-09-16 0:00:00,4,3478.98,20,2783.18,8,DELIVERED,UPI
O13765,C0493,P006,2025-12-20 0:00:00,2,779.44,10,701.5,7,delivered,COD
O13766,C0133,P005,2025-09-02 0:00:00,5,2540.09,20,2032.07,12,delivered,Wallet
O13767,C0313,P044,2024-05-19 0:00:00,5,2914.37,20,2331.5,5,delivered,UPI
O13768,C0202,P015,2025-03-29 0:00:00,1,3574.78,15,3038.56,3,delivered,COD
O13769,C0256,P059,2024-10-22 0:00:00,5,2839.19,5,2697.23,12,Cancelled,Wallet
O13770,C0423,P018,2025-12-11 0:00:00,2,4169.49,0,4169.49,8,Delivered,Card
O13771,C0172,P060,2025-02-27 0:00:00,5,9786.88,15,8318.85,12,DELIVERED,UPI
O13772,C0281,P047,2023-01-19 0:00:00,1,4297.61,5,4082.73,8,delivered,Wallet
O13773,C0094,P056,2023-06-27 0:00:00,5,3373.01,20,2698.41,2,Delivered,Card
O13774,C0239,P042,2023-11-05 0:00:00,3,8474.65,20,6779.72,6,delivered,Wallet
O13775,C0199,P090,2023-07-16 0:00:00,1,5580.34,0,5580.34,9,Returned,COD
O13776,C0134,P015,2024-09-16 0:00:00,4,9774.81,0,9774.81,12,Cancelled,Wallet
O13777,C0067,P026,2023-02-03 0:00:00,3,3500.14,10,3150.13,2,delivered,Card
O13778,C0468,P015,2024-05-10 0:00:00,1,4004.46,0,4004.46,6,DELIVERED,Wallet
O13779,C0054,P020,2023-04-30 0:00:00,2,6718.71,10,6046.84,9,Returned,COD
O13780,C0047,P083,2025-07-09 0:00:00,2,726.19,20,580.95,12,Returned,COD
O13781,C0129,P065,2025-09-27 0:00:00,2,5787.35,20,4629.88,11,Returned,Wallet
O13782,C0061,P031,2024-05-25 0:00:00,3,9960.95,10,8964.86,8,Cancelled,UPI
O13783,C0190,P061,2025-02-17 0:00:00,2,6430.8,0,6430.8,6,delivered,UPI
O13784,C0338,P087,2025-05-29 0:00:00,4,3693.96,15,3139.87,3,Delivered,Wallet
O13785,C0322,P089,2025-02-15 0:00:00,5,6152.98,15,5230.03,9,Cancelled,Wallet
O13786,C0385,P068,2023-03-02 0:00:00,2,2209.66,20,1767.73,3,Cancelled,Card
O13787,C0490,P090,2024-08-02 0:00:00,2,1850.62,20,1480.5,3,Returned,Wallet
O13788,C0476,P032,2025-05-15 0:00:00,3,3369.18,10,3032.26,6,Delivered,COD
O13789,C0458,P032,2025-01-10 0:00:00,5,9548.57,10,8593.71,8,delivered,Wallet
O13790,C0395,P009,2024-02-02 0:00:00,4,3040.04,15,2584.03,2,delivered,Wallet
O13791,C0346,P060,2025-01-30 0:00:00,4,2372.38,20,1897.9,2,DELIVERED,Wallet
O13792,C0018,P100,2026-01-27 0:00:00,3,1711.12,0,1711.12,11,Delivered,Wallet
O13793,C0214,P090,2024-02-28 0:00:00,5,4429.6,0,4429.6,6,Delivered,Wallet
O13794,C0390,P057,2025-04-10 0:00:00,4,9606,20,7684.8,5,DELIVERED,Card
O13795,C0460,P094,2024-02-04 0:00:00,3,2294.31,20,1835.45,7,Delivered,Wallet
O13796,C0389,P017,2023-08-30 0:00:00,2,7985.98,10,7187.38,10,Delivered,UPI
O13797,C0239,P074,2023-08-22 0:00:00,5,5938.72,5,5641.78,12,DELIVERED,Wallet
O13798,C0165,P088,2024-05-01 0:00:00,3,8161.19,20,6528.95,3,Cancelled,Card
O13799,C0078,P045,2025-06-23 0:00:00,2,8441.23,20,6752.98,11,delivered,Card
O13800,C0276,P100,2024-09-29 0:00:00,2,5315.35,0,5315.35,3,delivered,Card
O13801,C0237,P090,2023-08-17 0:00:00,4,5897.51,15,5012.88,8,delivered,Wallet
O13802,C0390,P094,2024-02-07 0:00:00,4,7879.06,5,7485.11,3,delivered,UPI
O13803,C0207,P079,2026-04-03 0:00:00,4,7584.06,20,6067.25,8,Delivered,Card
O13804,C0148,P013,2024-08-17 0:00:00,1,6770.31,15,5754.76,6,delivered,Wallet
O13805,C0473,P038,2025-06-01 0:00:00,3,8586.6,0,8586.6,12,delivered,Wallet
O13806,C0350,P092,2023-05-07 0:00:00,2,6290.41,20,5032.33,3,Delivered,Wallet
O13807,C0374,P095,2023-01-30 0:00:00,3,5290.01,5,5025.51,2,DELIVERED,Wallet
O13808,C0110,P030,2025-11-22 0:00:00,4,1958.57,20,1566.86,8,DELIVERED,Wallet
O13809,C0066,P046,2023-10-13 0:00:00,3,5475.04,0,5475.04,9,Returned,Card
O13810,C0062,P042,2023-08-20 0:00:00,2,9425.32,5,8954.05,11,Returned,Card
O13811,C0123,P072,2024-12-23 0:00:00,1,7951.33,10,7156.2,3,Returned,Card
O13812,C0412,P082,2023-03-08 0:00:00,1,3068.58,10,2761.72,6,delivered,COD
O13813,C0035,P086,2023-12-29 0:00:00,3,7900.57,15,6715.48,3,DELIVERED,Wallet
O13814,C0479,P014,2024-08-16 0:00:00,5,5521.81,20,4417.45,5,delivered,Wallet
O13815,C0339,P049,2026-03-14 0:00:00,3,6201.04,0,6201.04,9,Returned,COD
O13816,C0158,P026,2023-06-29 0:00:00,3,6885.5,0,6885.5,1,Returned,Wallet
O13817,C0444,P085,2026-01-14 0:00:00,1,8301.6,20,6641.28,6,Returned,COD
O13818,C0405,P051,2023-08-26 0:00:00,3,1803.09,15,1532.63,4,Returned,UPI
O13819,C0110,P063,2024-01-10 0:00:00,2,6717.58,5,6381.7,1,delivered,Card
O13820,C0494,P025,2025-01-08 0:00:00,1,905.38,0,905.38,12,DELIVERED,Card
O13821,C0032,P067,2025-06-28 0:00:00,4,3926.84,5,3730.5,6,delivered,Wallet
O13822,C0423,P095,2025-07-14 0:00:00,2,6181.25,10,5563.12,9,delivered,UPI
O13823,C0361,P082,2025-01-01 0:00:00,2,1246.08,5,1183.78,3,Cancelled,COD
O13824,C0455,P075,2025-07-16 0:00:00,3,4011.99,5,3811.39,6,Returned,Card
O13825,C0112,P057,2025-04-01 0:00:00,5,3805.91,10,3425.32,4,Cancelled,Wallet
O13826,C0306,P029,2026-03-26 0:00:00,4,6363.44,10,5727.1,4,delivered,Wallet
O13827,C0005,P059,2024-07-13 0:00:00,1,6993.56,20,5594.85,3,Returned,Card
O13828,C0348,P042,2023-06-25 0:00:00,2,7772.92,0,7772.92,4,DELIVERED,Wallet
O13829,C0041,P015,2026-03-29 0:00:00,5,2883.3,5,2739.14,10,Delivered,Card
O13830,C0482,P065,2024-02-29 0:00:00,2,783.99,20,627.19,8,DELIVERED,Wallet
O13831,C0344,P064,2025-03-13 0:00:00,2,4405.53,10,3964.98,6,Returned,Card
O13832,C0029,P024,2024-01-18 0:00:00,2,1711.6,20,1369.28,5,DELIVERED,Wallet
O13833,C0418,P024,2024-06-22 0:00:00,3,7212.25,15,6130.41,4,Cancelled,Wallet
O13834,C0412,P094,2024-07-24 0:00:00,4,7082.39,20,5665.91,9,DELIVERED,COD
O13835,C0225,P007,2023-01-28 0:00:00,5,5320.43,5,5054.41,10,delivered,COD
O13836,C0121,P010,2024-02-04 0:00:00,5,1807.57,15,1536.43,8,delivered,COD
O13837,C0430,P045,2023-09-25 0:00:00,3,7488.34,5,7113.92,2,delivered,Card
O13838,C0434,P010,2024-08-22 0:00:00,4,8636.46,20,6909.17,9,DELIVERED,COD
O13839,C0179,P085,2025-07-11 0:00:00,5,1470.84,5,1397.3,4,Returned,Wallet
O13840,C0187,P009,2024-04-05 0:00:00,1,6479.88,5,6155.89,12,DELIVERED,COD
O13841,C0152,P065,2023-11-05 0:00:00,2,7254.93,10,6529.44,1,delivered,Wallet
O13842,C0408,P091,2025-10-16 0:00:00,1,7104.83,10,6394.35,10,Cancelled,UPI
O13843,C0469,P032,2025-09-24 0:00:00,2,7608.35,20,6086.68,5,delivered,Card
O13844,C0067,P016,2025-05-27 0:00:00,1,7752.53,15,6589.65,7,Returned,Wallet
O13845,C0264,P034,2024-04-01 0:00:00,5,2703.61,15,2298.07,1,Delivered,Wallet
O13846,C0069,P001,2024-01-13 0:00:00,1,2710.19,15,2303.66,12,Returned,Wallet
O13847,C0445,P060,2023-07-25 0:00:00,1,4976.84,5,4728,4,delivered,Card
O13848,C0039,P092,2023-06-01 0:00:00,5,8821.89,5,8380.8,4,delivered,Card
O13849,C0325,P069,2024-05-23 0:00:00,5,1673.8,20,1339.04,7,Cancelled,COD
O13850,C0034,P069,2024-02-09 0:00:00,1,3596.65,5,3416.82,8,Delivered,Wallet
O13851,C0154,P087,2026-01-02 0:00:00,3,848.66,15,721.36,5,Cancelled,Card
O13852,C0381,P092,2026-02-06 0:00:00,4,550.98,0,550.98,7,Delivered,Wallet
O13853,C0449,P047,2024-12-29 0:00:00,1,2764.07,15,2349.46,11,Delivered,Wallet
O13854,C0431,P038,2024-04-10 0:00:00,3,8744.77,15,7433.05,1,Cancelled,Card
O13855,C0191,P059,2023-04-26 0:00:00,3,2568.32,5,2439.9,3,delivered,Card
O13856,C0166,P076,2023-06-12 0:00:00,4,6105.99,5,5800.69,9,Cancelled,Wallet
O13857,C0266,P044,2025-07-29 0:00:00,2,5910.99,20,4728.79,10,DELIVERED,Wallet
O13858,C0036,P030,2023-05-10 0:00:00,2,6172.03,15,5246.23,2,DELIVERED,COD
O13859,C0119,P036,2026-02-16 0:00:00,5,7183.22,10,6464.9,7,Delivered,COD
O13860,C0257,P029,2024-04-26 0:00:00,2,1439.36,0,1439.36,5,Returned,COD
O13861,C0273,P093,2026-02-04 0:00:00,4,9275.37,20,7420.3,3,Returned,UPI
O13862,C0343,P067,2023-06-04 0:00:00,5,8123.23,15,6904.75,11,delivered,UPI
O13863,C0116,P088,2023-10-25 0:00:00,1,503.76,5,478.57,10,Delivered,Wallet
O13864,C0113,P030,2023-08-27 0:00:00,1,8627.91,15,7333.72,3,DELIVERED,UPI
O13865,C0342,P015,2024-07-31 0:00:00,5,1765.5,0,1765.5,9,Cancelled,Wallet
O13866,C0324,P048,2026-03-27 0:00:00,3,3285.62,0,3285.62,8,Returned,Card
O13867,C0494,P049,2023-08-22 0:00:00,5,3563.28,0,3563.28,9,DELIVERED,UPI
O13868,C0386,P043,2025-02-06 0:00:00,1,7808.76,5,7418.32,1,Returned,COD
O13869,C0269,P001,2024-07-03 0:00:00,5,5140.39,5,4883.37,3,Cancelled,COD
O13870,C0466,P089,2025-08-22 0:00:00,4,3897.66,0,3897.66,11,delivered,Wallet
O13871,C0084,P080,2023-04-22 0:00:00,3,1659.55,0,1659.55,6,Cancelled,Wallet
O13872,C0047,P100,2025-09-30 0:00:00,5,5218.91,0,5218.91,9,Returned,Wallet
O13873,C0387,P068,2023-06-04 0:00:00,5,4027.62,5,3826.24,1,DELIVERED,Wallet
O13874,C0018,P095,2025-08-09 0:00:00,2,4291.75,10,3862.58,6,delivered,COD
O13875,C0467,P026,2025-05-30 0:00:00,4,4449.41,5,4226.94,10,delivered,Card
O13876,C0179,P040,2024-02-07 0:00:00,2,3464.82,10,3118.34,9,Returned,Wallet
O13877,C0078,P089,2024-03-07 0:00:00,2,7828.17,10,7045.35,9,DELIVERED,Wallet
O13878,C0109,P036,2023-03-09 0:00:00,3,4468.24,10,4021.42,12,Delivered,UPI
O13879,C0020,P042,2023-07-04 0:00:00,4,5253.53,10,4728.18,11,delivered,COD
O13880,C0208,P017,2025-07-12 0:00:00,5,9789.53,0,9789.53,1,DELIVERED,Card
O13881,C0405,P001,2025-09-24 0:00:00,3,8416.73,10,7575.06,1,Returned,Wallet
O13882,C0103,P037,2023-11-21 0:00:00,5,6427.58,0,6427.58,6,Delivered,COD
O13883,C0152,P052,2023-10-16 0:00:00,1,6079.82,15,5167.85,5,Cancelled,Card
O13884,C0457,P045,2023-01-01 0:00:00,4,9553.71,10,8598.34,4,Returned,UPI
O13885,C0322,P009,2023-06-29 0:00:00,2,9904.73,15,8419.02,2,Delivered,Wallet
O13886,C0235,P076,2024-03-16 0:00:00,4,5448.8,0,5448.8,7,delivered,Wallet
O13887,C0100,P084,2023-03-09 0:00:00,5,1118.54,5,1062.61,12,Cancelled,UPI
O13888,C0212,P090,2025-04-21 0:00:00,2,4625.17,20,3700.14,11,Returned,COD
O13889,C0083,P005,2026-02-16 0:00:00,4,1961.38,0,1961.38,11,DELIVERED,COD
O13890,C0346,P073,2025-05-14 0:00:00,4,5945.18,15,5053.4,10,Delivered,COD
O13891,C0499,P079,2023-10-20 0:00:00,3,4463.48,5,4240.31,3,DELIVERED,Wallet
O13892,C0151,P066,2023-01-13 0:00:00,4,5267.91,20,4214.33,3,Delivered,UPI
O13893,C0492,P098,2023-01-31 0:00:00,1,9116.02,10,8204.42,9,delivered,Card
O13894,C0028,P063,2025-04-07 0:00:00,4,4204.89,0,4204.89,1,Delivered,UPI
O13895,C0450,P076,2025-07-22 0:00:00,2,6917,5,6571.15,11,DELIVERED,Card
O13896,C0249,P082,2025-05-03 0:00:00,5,2547.34,10,2292.61,10,Delivered,Card
O13897,C0271,P030,2023-12-10 0:00:00,2,7530.38,10,6777.34,6,Delivered,COD
O13898,C0487,P093,2024-10-24 0:00:00,2,8376.72,10,7539.05,11,DELIVERED,COD
O13899,C0410,P089,2023-09-23 0:00:00,4,7172.66,15,6096.76,2,Delivered,UPI
O13900,C0186,P079,2025-11-26 0:00:00,4,2744.15,5,2606.94,4,Cancelled,Card
O13901,C0397,P082,2023-06-07 0:00:00,3,9588.1,20,7670.48,12,delivered,Wallet
O13902,C0147,P048,2023-02-18 0:00:00,5,1620.84,10,1458.76,8,Delivered,COD
O13903,C0155,P065,2023-10-12 0:00:00,1,7452.06,0,7452.06,11,Returned,COD
O13904,C0015,P070,2024-11-22 0:00:00,4,746.62,10,671.96,8,Delivered,Wallet
O13905,C0412,P030,2023-01-29 0:00:00,3,3962.44,15,3368.07,6,Delivered,UPI
O13906,C0476,P024,2023-10-01 0:00:00,2,7768.05,0,7768.05,6,DELIVERED,COD
O13907,C0476,P011,2025-01-05 0:00:00,1,7306.67,5,6941.34,6,delivered,Wallet
O13908,C0219,P092,2025-06-18 0:00:00,4,3984.69,0,3984.69,6,Cancelled,Wallet
O13909,C0157,P050,2025-12-05 0:00:00,4,4409.98,0,4409.98,10,Returned,Card
O13910,C0217,P036,2025-05-18 0:00:00,1,5603.73,15,4763.17,5,DELIVERED,UPI
O13911,C0073,P005,2025-08-23 0:00:00,5,4190.35,15,3561.8,7,DELIVERED,UPI
O13912,C0433,P081,2023-11-11 0:00:00,2,8651.65,5,8219.07,8,DELIVERED,Wallet
O13913,C0062,P085,2023-07-07 0:00:00,4,7481.24,20,5984.99,11,Returned,Wallet
O13914,C0096,P014,2023-03-26 0:00:00,4,948.89,20,759.11,1,Returned,Wallet
O13915,C0437,P088,2025-12-30 0:00:00,1,3414.12,10,3072.71,10,delivered,UPI
O13916,C0411,P090,2024-08-30 0:00:00,4,9824.16,5,9332.95,8,DELIVERED,Card
O13917,C0067,P019,2025-06-11 0:00:00,1,552.84,5,525.2,10,DELIVERED,COD
O13918,C0434,P020,2023-06-14 0:00:00,5,1598.23,15,1358.5,10,Returned,Wallet
O13919,C0219,P061,2023-09-09 0:00:00,2,1957.22,0,1957.22,3,DELIVERED,Card
O13920,C0098,P084,2025-05-23 0:00:00,3,7346.52,5,6979.19,2,delivered,COD
O13921,C0148,P087,2024-06-01 0:00:00,3,8892.4,20,7113.92,12,Delivered,Wallet
O13922,C0373,P023,2025-05-06 0:00:00,3,2218.73,5,2107.79,9,Returned,Card
O13923,C0064,P024,2024-03-17 0:00:00,5,7789.48,0,7789.48,8,DELIVERED,UPI
O13924,C0368,P012,2023-12-22 0:00:00,3,3802.93,10,3422.64,6,Returned,Card
O13925,C0336,P057,2024-12-28 0:00:00,2,5868.7,20,4694.96,-1,Delivered,Card
O13926,C0481,P055,2024-09-01 0:00:00,1,4439.92,10,3995.93,9,Cancelled,Wallet
O13927,C0379,P019,2025-08-20 0:00:00,5,3511.84,15,2985.06,6,Returned,Card
O13928,C0328,P011,2025-06-07 0:00:00,5,1115.14,0,1115.14,7,delivered,Wallet
O13929,C0009,P062,2023-12-23 0:00:00,5,3040.63,20,2432.5,6,DELIVERED,UPI
O13930,C0399,P041,2025-08-19 0:00:00,5,7223.09,20,5778.47,12,Delivered,Wallet
O13931,C0247,P038,2025-12-14 0:00:00,1,7715.57,15,6558.23,1,Delivered,Wallet
O13932,C0075,P100,2023-05-03 0:00:00,2,589.71,0,589.71,2,Delivered,UPI
O13933,C0248,P036,2025-07-22 0:00:00,2,8472.67,5,8049.04,9,Delivered,Card
O13934,C0255,P066,2025-03-12 0:00:00,2,4010.28,0,4010.28,10,Returned,Card
O13935,C0097,P035,2025-03-15 0:00:00,5,8893.63,20,7114.9,8,delivered,Wallet
O13936,C0402,P052,2024-02-07 0:00:00,1,5606.11,20,4484.89,4,Cancelled,Card
O13937,C0014,P049,2025-04-04 0:00:00,1,3936.36,10,3542.72,4,Cancelled,Wallet
O13938,C0397,P006,2026-04-11 0:00:00,3,7398.63,10,6658.77,2,Returned,Card
O13939,C0468,P087,2024-11-13 0:00:00,1,8196.15,5,7786.34,3,DELIVERED,Wallet
O13940,C0117,P086,2023-12-26 0:00:00,4,5301.55,15,4506.32,1,DELIVERED,COD
O13941,C0238,P057,2023-11-14 0:00:00,5,6591.94,15,5603.15,9,Delivered,Wallet
O13942,C0187,P070,2025-01-26 0:00:00,4,4109.73,15,3493.27,5,Returned,Card
O13943,C0279,P065,2023-02-12 0:00:00,3,5059.21,15,4300.33,3,delivered,Wallet
O13944,C0119,P052,2023-11-08 0:00:00,5,9689.64,15,8236.19,2,delivered,Wallet
O13945,C0034,P039,2024-04-18 0:00:00,3,6349.4,10,5714.46,5,Cancelled,Card
O13946,C0099,P027,2024-02-12 0:00:00,2,7931.49,15,6741.77,6,DELIVERED,Card
O13947,C0019,P009,2023-02-02 0:00:00,4,516.2,10,464.58,9,DELIVERED,Card
O13948,C0266,P092,2026-01-01 0:00:00,4,6054.96,5,5752.21,6,Returned,Wallet
O13949,C0357,P081,2025-09-03 0:00:00,1,5736.19,0,5736.19,8,Cancelled,Card
O13950,C0173,P088,2023-06-10 0:00:00,4,2321.06,15,1972.9,3,Cancelled,Wallet
O13951,C0346,P075,2023-12-17 0:00:00,1,7075.68,0,7075.68,3,Cancelled,Card
O13952,C0280,P096,2024-06-07 0:00:00,2,1745.04,15,1483.28,8,delivered,UPI
O13953,C0011,P003,2026-03-29 0:00:00,4,4137.74,10,3723.97,10,Delivered,UPI
O13954,C0327,P058,2025-02-19 0:00:00,5,2823.87,5,2682.68,5,Cancelled,Wallet
O13955,C0292,P034,2024-06-10 0:00:00,4,2210.53,20,1768.42,11,Cancelled,UPI
O13956,C0256,P032,2025-05-26 0:00:00,3,2933.14,5,2786.48,11,delivered,Card
O13957,C0245,P033,2024-02-22 0:00:00,5,5874.43,0,5874.43,5,delivered,Wallet
O13958,C0325,P003,2025-12-03 0:00:00,5,6554.41,5,6226.69,3,delivered,UPI
O13959,C0424,P081,2024-10-14 0:00:00,2,9027.44,0,9027.44,1,Cancelled,COD
O13960,C0477,P093,2023-10-02 0:00:00,2,8430.63,5,8009.1,5,delivered,Card
O13961,C0008,P040,2023-05-10 0:00:00,1,4502.78,5,4277.64,11,Delivered,Card
O13962,C0214,P091,2026-01-20 0:00:00,2,8378.18,0,8378.18,6,Delivered,Wallet
O13963,C0330,P100,2023-03-18 0:00:00,4,9235.89,5,8774.1,11,DELIVERED,Card
O13964,C0499,P008,2024-05-18 0:00:00,5,9257.55,5,8794.67,10,delivered,Wallet
O13965,C0322,P053,2025-06-15 0:00:00,5,6067.88,15,5157.7,3,delivered,Card
O13966,C0290,P070,2023-08-16 0:00:00,2,4641.36,20,3713.09,12,Returned,Card
O13967,C0051,P007,2023-02-14 0:00:00,1,6975.64,0,6975.64,5,delivered,UPI
O13968,C0140,P066,2025-07-20 0:00:00,5,3027.01,10,2724.31,9,delivered,UPI
O13969,C0283,P017,2025-09-26 0:00:00,3,5228.05,5,4966.65,1,Cancelled,Wallet
O13970,C0029,P032,2026-02-01 0:00:00,4,1704.5,0,1704.5,5,Delivered,Wallet
O13971,C0426,P048,2024-11-26 0:00:00,1,6843.43,15,5816.92,6,Returned,Wallet
O13972,C0392,P015,2024-08-24 0:00:00,3,5151.15,15,4378.48,5,DELIVERED,Wallet
O13973,C0027,P088,2025-11-24 0:00:00,1,1190.5,5,1130.97,7,Cancelled,Wallet
O13974,C0294,P093,2023-07-22 0:00:00,1,1992.3,20,1593.84,11,Returned,COD
O13975,C0473,P074,2023-01-08 0:00:00,1,2720.06,15,2312.05,8,Cancelled,UPI
O13976,C0418,P068,2023-04-23 0:00:00,4,1588.7,0,1588.7,0,DELIVERED,Wallet
O13977,C0027,P009,2026-01-15 0:00:00,2,1150.74,5,1093.2,6,delivered,Wallet
O13978,C0053,P077,2025-09-17 0:00:00,3,9938.23,15,8447.5,3,DELIVERED,Card
O13979,C0190,P060,2023-02-02 0:00:00,3,3061.09,5,2908.04,12,delivered,Card
O13980,C0443,P004,2024-05-24 0:00:00,4,8610.63,15,7319.04,2,Returned,COD
O13981,C0034,P099,2025-05-29 0:00:00,1,5311.06,15,4514.4,10,DELIVERED,COD
O13982,C0447,P035,2025-07-10 0:00:00,1,4586.3,10,4127.67,12,DELIVERED,Wallet
O13983,C0242,P032,2026-01-19 0:00:00,3,7055.41,0,7055.41,7,DELIVERED,COD
O13984,C0090,P046,2024-04-14 0:00:00,2,8010.11,15,6808.59,4,delivered,UPI
O13985,C0064,P035,2025-05-19 0:00:00,2,4811.89,10,4330.7,5,Returned,COD
O13986,C0066,P052,2023-09-16 0:00:00,4,6321,15,5372.85,12,Returned,Wallet
O13987,C0362,P069,2023-09-30 0:00:00,3,2627.68,5,2496.3,3,DELIVERED,Card
O13988,C0094,P017,2025-12-05 0:00:00,3,2762.45,20,2209.96,6,Returned,COD
O13989,C0292,P051,2025-08-28 0:00:00,5,7745.48,15,6583.66,10,delivered,COD
O13990,C0158,P045,2025-11-03 0:00:00,3,8984.35,0,8984.35,1,Returned,Wallet
O13991,C0045,P061,2023-03-08 0:00:00,5,4450.11,15,3782.59,6,delivered,Wallet
O13992,C0403,P086,2025-05-20 0:00:00,3,6335.6,0,6335.6,1,delivered,UPI
O13993,C0403,P049,2024-04-04 0:00:00,4,7749.67,0,7749.67,2,delivered,UPI
O13994,C0223,P033,2023-10-15 0:00:00,4,2566.48,5,2438.16,4,Delivered,Wallet
O13995,C0217,P054,2026-04-15 0:00:00,2,4592.64,5,4363.01,6,Cancelled,Wallet
O13996,C0471,P006,2023-02-14 0:00:00,3,7425.47,5,7054.2,1,DELIVERED,Wallet
O13997,C0162,P079,2025-04-26 0:00:00,1,8677.41,15,7375.8,1,Returned,Wallet
O13998,C0350,P089,2024-10-23 0:00:00,5,4468.34,0,4468.34,3,Delivered,COD
O13999,C0448,P058,2025-03-16 0:00:00,4,4543.16,5,4316,5,DELIVERED,UPI
O14000,C0275,P020,2024-02-09 0:00:00,1,6554.07,15,5570.96,1,DELIVERED,COD
O14001,C0043,P045,2023-01-02 0:00:00,1,7007.66,10,6306.89,2,Delivered,UPI
O14002,C0326,P048,2023-08-15 0:00:00,5,8907.57,20,7126.06,11,Delivered,Wallet
O14003,C0476,P039,2024-01-28 0:00:00,1,1965.89,15,1671.01,5,Returned,Wallet
O14004,C0338,P076,2023-06-09 0:00:00,3,8284.08,15,7041.47,11,Delivered,Card
O14005,C0397,P013,2025-09-22 0:00:00,5,5475.16,0,5475.16,3,Cancelled,COD
O14006,C0336,P007,2024-05-25 0:00:00,5,5859.77,5,5566.78,4,Delivered,UPI
O14007,C0194,P034,2024-08-10 0:00:00,5,9213.38,5,8752.71,10,Cancelled,COD
O14008,C0115,P078,2024-01-07 0:00:00,1,5284.64,15,4491.94,9,Delivered,COD
O14009,C0458,P039,2023-10-22 0:00:00,5,2671.89,10,2404.7,1,delivered,COD
O14010,C0024,P022,2023-09-02 0:00:00,4,5566.15,20,4452.92,6,delivered,UPI
O14011,C0044,P054,2026-04-01 0:00:00,4,7407.22,0,7407.22,11,Cancelled,Wallet
O14012,C0185,P052,2023-08-11 0:00:00,3,2600.39,10,2340.35,8,Returned,COD
O14013,C0448,P092,2023-06-18 0:00:00,2,7215.05,15,6132.79,7,DELIVERED,Wallet
O14014,C0009,P088,2024-04-24 0:00:00,3,7186.49,20,5749.19,11,Returned,Card
O14015,C0138,P005,2024-07-20 0:00:00,5,6953.28,15,5910.29,2,Returned,UPI
O14016,C0263,P030,2023-02-12 0:00:00,5,4534.67,5,4307.94,9,Delivered,Card
O14017,C0185,P018,2025-06-24 0:00:00,5,9029.53,15,7675.1,8,Cancelled,Card
O14018,C0115,P017,2025-09-05 0:00:00,3,5783.47,15,4915.95,1,Cancelled,Wallet
O14019,C0075,P064,2023-08-04 0:00:00,3,9572.24,10,8615.02,12,Delivered,Card
O14020,C0167,P093,2024-09-09 0:00:00,1,2428.59,15,2064.3,11,delivered,Wallet
O14021,C0281,P063,2024-08-24 0:00:00,1,1607.4,20,1285.92,1,Delivered,UPI
O14022,C0447,P085,2023-03-07 0:00:00,4,1171.89,5,1113.3,7,delivered,UPI
O14023,C0088,P023,2023-07-25 0:00:00,4,1406.99,5,1336.64,1,delivered,COD
O14024,C0340,P026,2024-02-28 0:00:00,1,3769.37,10,3392.43,5,delivered,Wallet
O14025,C0104,P060,2025-12-30 0:00:00,3,9250.39,20,7400.31,6,delivered,UPI
O14026,C0413,P092,2024-09-08 0:00:00,1,7443.33,5,7071.16,2,DELIVERED,UPI
O14027,C0470,P028,2025-01-15 0:00:00,5,4159,15,3535.15,11,delivered,UPI
O14028,C0098,P005,2025-05-30 0:00:00,3,6985.94,15,5938.05,4,DELIVERED,Card
O14029,C0260,P039,2024-02-16 0:00:00,2,508.7,10,457.83,5,Cancelled,COD
O14030,C0066,P091,2024-03-18 0:00:00,4,6423.8,20,5139.04,7,DELIVERED,COD
O14031,C0050,P068,2025-08-30 0:00:00,3,8948.1,15,7605.89,5,Returned,COD
O14032,C0363,P005,2023-02-23 0:00:00,4,6946.57,0,6946.57,1,Cancelled,Wallet
O14033,C0327,P072,2024-03-28 0:00:00,3,5266.76,5,5003.42,11,DELIVERED,COD
O14034,C0488,P045,2023-09-14 0:00:00,1,647.04,5,614.69,8,delivered,Card
O14035,C0142,P062,2024-10-07 0:00:00,3,808.64,10,727.78,2,DELIVERED,Card
O14036,C0030,P024,2023-08-04 0:00:00,4,5228.63,0,5228.63,7,Cancelled,UPI
O14037,C0317,P066,2025-09-02 0:00:00,4,984.05,20,787.24,9,DELIVERED,Card
O14038,C0442,P046,2024-06-27 0:00:00,5,3712.73,20,2970.18,9,Returned,Wallet
O14039,C0456,P008,2025-02-28 0:00:00,5,9700.66,15,8245.56,2,Delivered,Card
O14040,C0161,P007,2024-08-14 0:00:00,3,2261.25,0,2261.25,5,delivered,Wallet
O14041,C0479,P073,2023-09-06 0:00:00,3,7600.44,0,7600.44,3,Cancelled,Wallet
O14042,C0082,P068,2024-11-24 0:00:00,2,1787.19,10,1608.47,5,Delivered,Wallet
O14043,C0337,P004,2026-02-24 0:00:00,3,6394.81,15,5435.59,10,DELIVERED,Wallet
O14044,C0465,P051,2023-06-27 0:00:00,4,1125.54,20,900.43,12,Delivered,Wallet
O14045,C0464,P052,2025-12-23 0:00:00,1,3546.14,15,3014.22,1,DELIVERED,UPI
O14046,C0226,P027,2025-07-16 0:00:00,2,9671.42,10,8704.28,5,Delivered,COD
O14047,C0089,P032,2025-04-30 0:00:00,5,9404.54,15,7993.86,4,Delivered,Wallet
O14048,C0424,P010,2023-09-27 0:00:00,2,1392.48,0,1392.48,1,Delivered,Wallet
O14049,C0197,P026,2025-12-29 0:00:00,4,3419.17,15,2906.29,9,Delivered,Card
O14050,C0033,P083,2025-04-18 0:00:00,1,6289.2,20,5031.36,1,Returned,Card
O14051,C0084,P005,2024-03-26 0:00:00,5,6816.37,15,5793.91,1,DELIVERED,Wallet
O14052,C0181,P019,2025-03-04 0:00:00,2,9586.72,15,8148.71,1,Returned,Wallet
O14053,C0100,P015,2024-05-28 0:00:00,4,921.38,15,783.17,11,Cancelled,Card
O14054,C0206,P032,2025-06-23 0:00:00,1,4842.81,15,4116.39,6,Returned,Wallet
O14055,C0188,P091,2024-08-24 0:00:00,2,6340.5,15,5389.43,4,Cancelled,Wallet
O14056,C0443,P010,2026-03-17 0:00:00,1,6287.61,5,5973.23,11,Delivered,UPI
O14057,C0498,P043,2024-12-01 0:00:00,3,6851.02,15,5823.37,7,DELIVERED,UPI
O14058,C0036,P100,2026-03-19 0:00:00,1,6474.06,15,5502.95,1,Cancelled,Wallet
O14059,C0095,P046,2025-05-23 0:00:00,4,4097.09,10,3687.38,6,Cancelled,Card
O14060,C0216,P081,2026-03-07 0:00:00,2,6422.66,0,6422.66,8,Returned,COD
O14061,C0352,P050,2024-01-12 0:00:00,3,6764.45,20,5411.56,8,DELIVERED,Card
O14062,C0210,P099,2023-12-23 0:00:00,5,1912.84,0,1912.84,4,Cancelled,Card
O14063,C0187,P059,2024-09-09 0:00:00,1,4665.33,0,4665.33,11,delivered,COD
O14064,C0270,P027,2023-01-07 0:00:00,3,5951.96,0,5951.96,5,delivered,Card
O14065,C0397,P018,2025-12-06 0:00:00,2,2577.63,5,2448.75,9,DELIVERED,Card
O14066,C0335,P037,2024-10-23 0:00:00,3,8134.09,5,7727.39,12,DELIVERED,UPI
O14067,C0050,P095,2023-08-12 0:00:00,2,8723.24,10,7850.92,7,Cancelled,UPI
O14068,C0032,P028,2025-04-07 0:00:00,2,7774.46,15,6608.29,2,Delivered,UPI
O14069,C0324,P038,2023-08-30 0:00:00,2,7844.89,10,7060.4,12,DELIVERED,COD
O14070,C0497,P039,2025-06-23 0:00:00,3,5797.85,20,4638.28,12,DELIVERED,COD
O14071,C0440,P034,2025-10-22 0:00:00,1,4729.55,20,3783.64,9,DELIVERED,Wallet
O14072,C0171,P062,2023-10-19 0:00:00,1,5688.11,15,4834.89,8,Cancelled,UPI
O14073,C0495,P074,2025-08-23 0:00:00,2,568.09,10,511.28,1,Cancelled,UPI
O14074,C0461,P050,2024-04-20 0:00:00,5,6517.23,0,6517.23,12,Cancelled,Wallet
O14075,C0257,P095,2024-03-06 0:00:00,2,9700.58,5,9215.55,9,Returned,Card
O14076,C0426,P051,2024-10-11 0:00:00,3,3422.4,10,3080.16,6,DELIVERED,Wallet
O14077,C0361,P059,2025-12-19 0:00:00,3,7822.35,20,6257.88,12,DELIVERED,Wallet
O14078,C0476,P067,2023-10-26 0:00:00,5,3188.4,15,2710.14,4,Cancelled,Wallet
O14079,C0136,P020,2026-03-11 0:00:00,4,5057.42,20,4045.94,6,delivered,COD
O14080,C0048,P002,2024-07-10 0:00:00,4,7777.81,15,6611.14,5,Cancelled,COD
O14081,C0028,P039,2023-08-14 0:00:00,3,8825.84,10,7943.26,11,Cancelled,COD
O14082,C0177,P053,2025-02-09 0:00:00,5,5016.4,15,4263.94,12,Returned,UPI
O14083,C0347,P097,2026-03-09 0:00:00,4,5686.35,5,5402.03,10,Cancelled,Wallet
O14084,C0369,P072,2023-01-06 0:00:00,4,8213.36,10,7392.02,4,DELIVERED,UPI
O14085,C0054,P083,2024-07-30 0:00:00,4,3114.33,0,3114.33,11,Returned,COD
O14086,C0273,P075,2025-04-17 0:00:00,3,2938.85,20,2351.08,2,Returned,Card
O14087,C0472,P090,2024-07-13 0:00:00,1,7412.11,0,7412.11,2,Cancelled,COD
O14088,C0234,P015,2025-07-05 0:00:00,4,9141.35,15,7770.15,5,Returned,Wallet
O14089,C0033,P072,2025-12-25 0:00:00,1,4855.44,10,4369.9,1,Delivered,Card
O14090,C0216,P056,2025-12-10 0:00:00,2,9748.45,10,8773.61,4,Cancelled,COD
O14091,C0019,P095,2023-11-20 0:00:00,3,7560.87,15,6426.74,2,Cancelled,Card
O14092,C0486,P038,2023-12-12 0:00:00,2,9854.4,20,7883.52,1,DELIVERED,UPI
O14093,C0189,P058,2025-06-20 0:00:00,4,2338.32,10,2104.49,5,DELIVERED,Wallet
O14094,C0055,P028,2023-02-28 0:00:00,2,5289.77,0,5289.77,12,delivered,COD
O14095,C0170,P005,2024-03-09 0:00:00,3,2905.91,15,2470.02,7,delivered,COD
O14096,C0010,P088,2024-02-27 0:00:00,5,9887.35,0,9887.35,3,Returned,Wallet
O14097,C0481,P041,2024-06-09 0:00:00,2,8659.53,10,7793.58,12,delivered,COD
O14098,C0421,P095,2026-03-06 0:00:00,2,5120.37,20,4096.3,10,Cancelled,COD
O14099,C0182,P089,2023-08-29 0:00:00,1,2675.38,10,2407.84,8,Cancelled,Card
O14100,C0106,P070,2025-09-02 0:00:00,1,6053.94,0,6053.94,9,Returned,COD
O14101,C0452,P018,2023-10-28 0:00:00,2,1962.85,5,1864.71,5,Delivered,UPI
O14102,C0116,P068,2025-06-18 0:00:00,5,8132.71,20,6506.17,10,Delivered,Card
O14103,C0045,P026,2023-02-02 0:00:00,3,1416.68,20,1133.34,11,Cancelled,Card
O14104,C0148,P015,2023-03-19 0:00:00,1,8335.48,5,7918.71,6,DELIVERED,Wallet
O14105,C0001,P005,2025-04-25 0:00:00,2,5441.19,20,4352.95,10,Returned,Card
O14106,C0294,P043,2024-02-15 0:00:00,2,6433.87,0,6433.87,10,Returned,Wallet
O14107,C0008,P065,2024-06-16 0:00:00,4,6236.88,20,4989.5,7,DELIVERED,Wallet
O14108,C0420,P054,2023-08-21 0:00:00,2,7603.83,0,7603.83,5,delivered,UPI
O14109,C0377,P038,2024-08-20 0:00:00,3,3020.68,0,3020.68,9,DELIVERED,UPI
O14110,C0187,P049,2023-04-02 0:00:00,3,7756.38,0,7756.38,2,Returned,UPI
O14111,C0375,P043,2023-07-02 0:00:00,2,7908.12,20,6326.5,6,Delivered,UPI
O14112,C0414,P015,2026-04-13 0:00:00,2,3242.54,20,2594.03,6,Delivered,Card
O14113,C0009,P065,2025-09-28 0:00:00,1,6899.32,5,6554.35,7,Returned,Wallet
O14114,C0002,P029,2023-11-24 0:00:00,5,7678.33,20,6142.66,9,DELIVERED,COD
O14115,C0375,P009,2025-01-20 0:00:00,2,4207.01,20,3365.61,3,Returned,COD
O14116,C0224,P035,2023-07-07 0:00:00,2,2717.78,15,2310.11,10,delivered,COD
O14117,C0340,P097,2023-10-08 0:00:00,4,4051.72,0,4051.72,6,Cancelled,Card
O14118,C0485,P090,2023-06-27 0:00:00,1,3957.56,20,3166.05,7,Returned,UPI
O14119,C0201,P062,2025-07-24 0:00:00,3,3566,5,3387.7,6,Returned,UPI
O14120,C0246,P025,2024-03-28 0:00:00,5,8451.3,15,7183.6,5,Cancelled,Wallet
O14121,C0302,P084,2024-09-06 0:00:00,2,3748.02,15,3185.82,1,DELIVERED,Wallet
O14122,C0345,P018,2025-03-01 0:00:00,3,540.85,10,486.77,3,Delivered,Wallet
O14123,C0202,P078,2023-12-30 0:00:00,1,7975.93,0,7975.93,8,delivered,Wallet
O14124,C0018,P042,2024-07-25 0:00:00,1,2297.5,10,2067.75,11,Delivered,UPI
O14125,C0200,P031,2023-10-03 0:00:00,5,6742.25,5,6405.14,3,Returned,UPI
O14126,C0180,P089,2023-07-15 0:00:00,5,8363.16,20,6690.53,6,Returned,Wallet
O14127,C0097,P077,2024-12-02 0:00:00,1,5160.64,15,4386.54,11,DELIVERED,UPI
O14128,C0297,P034,2025-07-03 0:00:00,4,4586.22,5,4356.91,3,Cancelled,Card
O14129,C0078,P072,2024-09-06 0:00:00,4,6046.27,10,5441.64,4,DELIVERED,Wallet
O14130,C0194,P071,2023-02-21 0:00:00,2,9762.95,20,7810.36,10,Returned,Card
O14131,C0444,P080,2024-05-10 0:00:00,3,3140.7,0,3140.7,7,delivered,Wallet
O14132,C0149,P022,2023-04-02 0:00:00,5,3593.36,15,3054.36,2,DELIVERED,Card
O14133,C0437,P065,2024-03-22 0:00:00,2,3194.38,20,2555.5,7,Returned,Card
O14134,C0431,P027,2024-10-26 0:00:00,5,2526.08,20,2020.86,12,Delivered,COD
O14135,C0099,P025,2023-03-04 0:00:00,3,3897.57,0,3897.57,11,delivered,Wallet
O14136,C0178,P042,2025-06-30 0:00:00,2,7258.94,10,6533.05,9,Delivered,Card
O14137,C0061,P090,2025-01-30 0:00:00,4,7588.98,5,7209.53,12,Delivered,Card
O14138,C0373,P046,2025-06-03 0:00:00,2,3059.99,0,3059.99,10,Delivered,Wallet
O14139,C0162,P019,2025-05-19 0:00:00,3,6266.51,20,5013.21,5,delivered,Card
O14140,C0142,P086,2025-01-26 0:00:00,1,893.74,5,849.05,2,DELIVERED,Wallet
O14141,C0324,P040,2025-07-30 0:00:00,4,4627.41,5,4396.04,5,Cancelled,Wallet
O14142,C0253,P018,2025-04-18 0:00:00,4,7919.41,15,6731.5,7,Returned,Wallet
O14143,C0107,P032,2025-09-19 0:00:00,5,8331.83,0,8331.83,5,DELIVERED,Wallet
O14144,C0102,P090,2026-02-25 0:00:00,4,2436.29,20,1949.03,1,Delivered,Card
O14145,C0146,P037,2025-05-25 0:00:00,1,7223.97,15,6140.37,5,DELIVERED,Wallet
O14146,C0189,P094,2025-03-19 0:00:00,5,9061.26,5,8608.2,8,DELIVERED,Wallet
O14147,C0338,P006,2024-07-19 0:00:00,1,9594.05,10,8634.65,11,Cancelled,Wallet
O14148,C0136,P065,2023-08-30 0:00:00,1,8799.39,10,7919.45,2,DELIVERED,COD
O14149,C0378,P088,2025-04-14 0:00:00,5,8912.75,15,7575.84,4,Returned,Wallet
O14150,C0295,P093,2024-12-23 0:00:00,4,7100.57,20,5680.46,9,DELIVERED,Card
O14151,C0201,P011,2024-04-21 0:00:00,2,7968.7,20,6374.96,9,Cancelled,UPI
O14152,C0102,P068,2024-12-08 0:00:00,2,9643.34,5,9161.17,7,Cancelled,COD
O14153,C0450,P064,2023-03-28 0:00:00,5,2329.14,0,2329.14,4,Cancelled,COD
O14154,C0174,P083,2026-01-04 0:00:00,5,3514.17,20,2811.34,12,Delivered,UPI
O14155,C0292,P026,2023-07-02 0:00:00,3,3812.71,10,3431.44,10,Delivered,Wallet
O14156,C0015,P041,2024-01-15 0:00:00,4,6643.84,10,5979.46,6,delivered,Wallet
O14157,C0129,P036,2024-07-16 0:00:00,5,9144.41,0,9144.41,8,delivered,UPI
O14158,C0060,P029,2024-09-21 0:00:00,2,8831.72,0,8831.72,6,DELIVERED,Wallet
O14159,C0466,P061,2023-09-20 0:00:00,2,5544.27,5,5267.06,5,DELIVERED,Card
O14160,C0106,P045,2024-07-28 0:00:00,4,642.49,0,642.49,2,Returned,Wallet
O14161,C0155,P073,2025-01-10 0:00:00,5,4575.53,10,4117.98,4,Delivered,COD
O14162,C0489,P008,2024-02-15 0:00:00,3,7919.27,10,7127.34,2,DELIVERED,COD
O14163,C0091,P076,2023-11-26 0:00:00,5,8093.12,15,6879.15,6,Cancelled,Card
O14164,C0317,P097,2025-09-15 0:00:00,4,7344.96,0,7344.96,5,Returned,COD
O14165,C0193,P059,2025-05-09 0:00:00,5,4610.19,5,4379.68,1,Cancelled,Card
O14166,C0018,P049,2025-09-01 0:00:00,4,838.72,5,796.78,12,delivered,Wallet
O14167,C0447,P013,2023-11-03 0:00:00,2,2565.65,0,2565.65,6,delivered,COD
O14168,C0127,P006,2023-03-10 0:00:00,3,9690.87,5,9206.33,7,Returned,Card
O14169,C0052,P088,2024-01-24 0:00:00,5,9008.06,20,7206.45,9,Delivered,Wallet
O14170,C0103,P085,2023-07-01 0:00:00,3,544.9,10,490.41,5,Delivered,Wallet
O14171,C0186,P069,2023-10-03 0:00:00,4,2527.49,10,2274.74,2,Cancelled,Wallet
O14172,C0029,P004,2024-01-10 0:00:00,1,9121.7,20,7297.36,12,delivered,Wallet
O14173,C0007,P022,2025-12-10 0:00:00,2,6536.15,10,5882.53,11,Delivered,UPI
O14174,C0362,P014,2024-01-10 0:00:00,2,9002.39,20,7201.91,10,DELIVERED,Wallet
O14175,C0254,P087,2024-03-02 0:00:00,2,6259.78,20,5007.82,9,Cancelled,Wallet
O14176,C0355,P016,2025-02-27 0:00:00,2,2687.92,15,2284.73,11,Delivered,Wallet
O14177,C0323,P055,2025-09-19 0:00:00,1,4395.34,0,4395.34,6,DELIVERED,Card
O14178,C0034,P093,2023-06-25 0:00:00,1,9780.28,10,8802.25,9,DELIVERED,Wallet
O14179,C0035,P051,2025-03-08 0:00:00,2,4312.53,0,4312.53,10,Cancelled,UPI
O14180,C0154,P008,2025-02-10 0:00:00,3,9311.72,0,9311.72,7,delivered,COD
O14181,C0366,P054,2025-11-23 0:00:00,4,9018.39,0,9018.39,12,Delivered,UPI
O14182,C0290,P095,2025-02-13 0:00:00,2,1143.8,10,1029.42,5,Returned,Wallet
O14183,C0024,P036,2023-09-29 0:00:00,3,9313.57,15,7916.53,1,delivered,COD
O14184,C0418,P038,2024-02-21 0:00:00,5,2479.71,20,1983.77,2,Returned,Card
O14185,C0169,P046,2025-11-16 0:00:00,1,5151.67,20,4121.34,1,Cancelled,Wallet
O14186,C0076,P049,2024-02-16 0:00:00,5,1758.55,5,1670.62,4,Delivered,Wallet
O14187,C0097,P048,2023-06-04 0:00:00,4,3635.33,15,3090.03,3,Delivered,COD
O14188,C0287,P091,2025-12-09 0:00:00,4,2370.78,10,2133.7,5,Cancelled,Wallet
O14189,C0485,P020,2023-03-10 0:00:00,4,1348.61,10,1213.75,12,Returned,COD
O14190,C0365,P032,2024-08-23 0:00:00,4,5488.21,20,4390.57,9,DELIVERED,Wallet
O14191,C0422,P011,2026-01-31 0:00:00,5,7090.65,15,6027.05,12,DELIVERED,Wallet
O14192,C0404,P064,2023-11-06 0:00:00,4,4987.8,15,4239.63,2,Returned,Wallet
O14193,C0344,P006,2024-06-16 0:00:00,5,8493.76,20,6795.01,11,Cancelled,COD
O14194,C0420,P025,2024-06-30 0:00:00,4,1610.75,5,1530.21,9,DELIVERED,COD
O14195,C0487,P062,2025-11-14 0:00:00,2,1306.42,20,1045.14,6,Delivered,Card
O14196,C0007,P058,2024-12-07 0:00:00,1,6410.25,15,5448.71,3,Returned,COD
O14197,C0391,P026,2024-09-30 0:00:00,3,7712.79,5,7327.15,12,DELIVERED,Card
O14198,C0311,P083,2025-03-30 0:00:00,3,3788.98,5,3599.53,10,delivered,UPI
O14199,C0242,P077,2025-07-27 0:00:00,3,3587.69,0,3587.69,4,Cancelled,Card
O14200,C0321,P100,2024-11-30 0:00:00,5,7890.5,10,7101.45,2,Returned,UPI
O14201,C0074,P066,2024-04-06 0:00:00,3,9033.95,10,8130.56,7,Cancelled,Card
O14202,C0388,P018,2023-11-04 0:00:00,5,536.43,10,482.79,2,DELIVERED,COD
O14203,C0485,P040,2025-04-06 0:00:00,3,5994.11,0,5994.11,12,delivered,Wallet
O14204,C0401,P086,2023-01-16 0:00:00,5,5422.77,0,5422.77,3,Returned,UPI
O14205,C0418,P027,2023-05-30 0:00:00,3,5421.48,20,4337.18,8,DELIVERED,Card
O14206,C0437,P037,2026-03-09 0:00:00,4,3605.9,0,3605.9,1,Cancelled,Wallet
O14207,C0213,P044,2024-12-18 0:00:00,2,5844.21,5,5552,7,Returned,UPI
O14208,C0413,P084,2023-02-20 0:00:00,4,2536,10,2282.4,7,delivered,Wallet
O14209,C0376,P056,2024-12-16 0:00:00,2,8677.97,0,8677.97,7,delivered,Card
O14210,C0084,P069,2025-01-29 0:00:00,1,1380.77,20,1104.62,10,delivered,Card
O14211,C0435,P046,2024-03-09 0:00:00,1,5821,5,5529.95,2,Returned,Wallet
O14212,C0002,P036,2025-01-29 0:00:00,3,1478.27,20,1182.62,10,Delivered,Card
O14213,C0046,P055,2025-07-26 0:00:00,1,8760.98,0,8760.98,5,Returned,UPI
O14214,C0380,P002,2025-08-15 0:00:00,5,7167.75,10,6450.98,6,Returned,UPI
O14215,C0462,P009,2023-11-19 0:00:00,3,6237.75,5,5925.86,10,delivered,UPI
O14216,C0456,P078,2025-03-10 0:00:00,1,8592.95,0,8592.95,12,delivered,Wallet
O14217,C0039,P050,2025-06-14 0:00:00,1,794.13,5,754.42,5,Cancelled,COD
O14218,C0383,P019,2024-03-31 0:00:00,3,8313.49,15,7066.47,4,Cancelled,UPI
O14219,C0340,P064,2023-03-09 0:00:00,5,3515.49,15,2988.17,12,DELIVERED,UPI
O14220,C0333,P027,2023-12-27 0:00:00,5,1804.69,10,1624.22,7,delivered,Wallet
O14221,C0077,P067,2023-01-31 0:00:00,3,697.68,20,558.14,5,Returned,COD
O14222,C0485,P024,2024-10-06 0:00:00,2,1605.58,20,1284.46,8,Returned,Card
O14223,C0263,P007,2025-12-18 0:00:00,2,9599.01,20,7679.21,7,delivered,COD
O14224,C0110,P011,2023-04-01 0:00:00,3,7263.27,15,6173.78,1,Cancelled,Card
O14225,C0258,P028,2024-07-25 0:00:00,5,9120.76,10,8208.68,4,Delivered,Wallet
O14226,C0070,P001,2023-11-12 0:00:00,2,9960.74,15,8466.63,9,Cancelled,Wallet
O14227,C0120,P030,2026-03-02 0:00:00,1,6441.86,15,5475.58,11,Cancelled,Wallet
O14228,C0124,P046,2023-07-31 0:00:00,4,4000.1,15,3400.09,3,DELIVERED,Wallet
O14229,C0269,P078,2025-04-26 0:00:00,4,7966.71,10,7170.04,5,Delivered,UPI
O14230,C0496,P007,2024-05-02 0:00:00,4,8781.93,0,8781.93,4,Cancelled,UPI
O14231,C0351,P018,2023-06-27 0:00:00,3,8177.99,0,8177.99,1,Cancelled,COD
O14232,C0453,P047,2024-08-30 0:00:00,5,3274.56,15,2783.38,10,Delivered,COD
O14233,C0164,P095,2023-11-30 0:00:00,1,2226.64,5,2115.31,1,DELIVERED,UPI
O14234,C0401,P042,2023-01-14 0:00:00,1,7873.48,10,7086.13,6,delivered,Card
O14235,C0268,P043,2025-03-16 0:00:00,5,5301.82,20,4241.46,5,DELIVERED,UPI
O14236,C0364,P043,2026-01-30 0:00:00,1,1160.26,0,1160.26,12,Cancelled,UPI
O14237,C0474,P016,2024-03-21 0:00:00,3,4681.23,20,3744.98,2,Delivered,Wallet
O14238,C0067,P060,2025-07-12 0:00:00,5,5503.69,0,5503.69,12,delivered,Card
O14239,C0126,P092,2024-10-22 0:00:00,2,7426.55,5,7055.22,12,Cancelled,Card
O14240,C0370,P051,2024-10-14 0:00:00,2,9699.74,10,8729.77,10,Cancelled,COD
O14241,C0028,P036,2023-09-09 0:00:00,2,789.14,20,631.31,11,DELIVERED,Wallet
O14242,C0025,P096,2023-09-06 0:00:00,4,9873.36,0,9873.36,12,Cancelled,UPI
O14243,C0091,P063,2026-01-06 0:00:00,5,2788.09,10,2509.28,6,Cancelled,COD
O14244,C0264,P082,2024-06-19 0:00:00,1,3149.87,20,2519.9,9,Cancelled,Wallet
O14245,C0441,P022,2023-10-17 0:00:00,2,5163.1,15,4388.64,1,Delivered,Wallet
O14246,C0090,P040,2023-09-24 0:00:00,4,3820.9,20,3056.72,8,DELIVERED,Wallet
O14247,C0321,P040,2025-08-23 0:00:00,2,5539.81,5,5262.82,8,Cancelled,COD
O14248,C0210,P011,2025-07-06 0:00:00,3,4179.51,20,3343.61,5,Delivered,COD
O14249,C0188,P096,2023-07-16 0:00:00,5,8139.75,10,7325.78,11,Delivered,COD
O14250,C0067,P062,2024-10-08 0:00:00,5,5056.75,0,5056.75,7,delivered,UPI
O14251,C0076,P013,2024-08-30 0:00:00,3,1995.74,10,1796.17,6,Returned,Wallet
O14252,C0104,P087,2023-11-05 0:00:00,4,5190.23,5,4930.72,7,Cancelled,UPI
O14253,C0167,P035,2023-06-20 0:00:00,5,5930.74,0,5930.74,4,Cancelled,Card
O14254,C0280,P003,2024-04-06 0:00:00,4,8198.17,0,8198.17,9,DELIVERED,UPI
O14255,C0247,P075,2025-01-06 0:00:00,1,5734.24,10,5160.82,10,DELIVERED,COD
O14256,C0240,P089,2024-12-15 0:00:00,3,6895.62,0,6895.62,11,Returned,Wallet
O14257,C0459,P041,2023-07-15 0:00:00,2,8693.1,15,7389.14,9,Delivered,Wallet
O14258,C0141,P044,2024-09-15 0:00:00,5,5403.86,10,4863.47,2,Returned,COD
O14259,C0038,P019,2025-02-03 0:00:00,3,7143.73,10,6429.36,8,Cancelled,Wallet
O14260,C0240,P014,2023-12-01 0:00:00,2,5547.14,20,4437.71,10,Delivered,Card
O14261,C0018,P032,2025-07-02 0:00:00,4,4537.88,15,3857.2,11,Returned,Wallet
O14262,C0144,P024,2026-04-15 0:00:00,2,2949.95,5,2802.45,8,DELIVERED,UPI
O14263,C0488,P052,2025-02-10 0:00:00,4,4646.75,20,3717.4,7,Returned,Wallet
O14264,C0279,P040,2024-10-22 0:00:00,5,1513.74,20,1210.99,9,Delivered,COD
O14265,C0324,P058,2025-03-26 0:00:00,3,2539.61,10,2285.65,11,DELIVERED,Wallet
O14266,C0338,P028,2024-06-12 0:00:00,2,3208.68,5,3048.25,11,Returned,UPI
O14267,C0309,P086,2024-07-14 0:00:00,2,934.99,20,747.99,7,Delivered,Wallet
O14268,C0180,P051,2025-11-22 0:00:00,2,3528.53,10,3175.68,2,Delivered,Wallet
O14269,C0398,P087,2024-08-14 0:00:00,1,3232.31,10,2909.08,9,DELIVERED,Wallet
O14270,C0105,P028,2023-05-03 0:00:00,3,5554.04,20,4443.23,7,delivered,Wallet
O14271,C0081,P023,2024-02-13 0:00:00,2,2002.86,20,1602.29,4,Cancelled,UPI
O14272,C0469,P038,2025-11-22 0:00:00,3,1898.08,20,1518.46,8,Returned,UPI
O14273,C0237,P086,2024-03-24 0:00:00,4,2490.97,20,1992.78,8,Returned,Wallet
O14274,C0473,P011,2023-09-30 0:00:00,3,4027.63,20,3222.1,5,Delivered,UPI
O14275,C0332,P064,2025-03-07 0:00:00,1,4595.55,0,4595.55,9,DELIVERED,Card
O14276,C0320,P037,2024-10-17 0:00:00,4,8659.72,20,6927.78,5,Cancelled,Wallet
O14277,C0412,P070,2024-08-12 0:00:00,5,8670.61,20,6936.49,9,Cancelled,Wallet
O14278,C0307,P020,2023-09-10 0:00:00,5,8363.49,10,7527.14,4,Returned,Wallet
O14279,C0170,P085,2025-12-28 0:00:00,1,2904.19,5,2758.98,12,delivered,Wallet
O14280,C0339,P032,2024-12-28 0:00:00,5,2942.07,20,2353.66,2,Delivered,COD
O14281,C0085,P061,2023-10-31 0:00:00,1,9466.57,0,9466.57,4,Returned,Card
O14282,C0272,P026,2024-05-05 0:00:00,3,1275.92,10,1148.33,3,DELIVERED,Wallet
O14283,C0274,P060,2023-07-29 0:00:00,5,8179.62,10,7361.66,5,DELIVERED,UPI
O14284,C0406,P071,2024-03-26 0:00:00,4,7371.79,0,7371.79,5,Returned,Wallet
O14285,C0164,P052,2024-02-13 0:00:00,1,3473.61,5,3299.93,1,Cancelled,Card
O14286,C0119,P076,2025-11-01 0:00:00,4,3585.44,10,3226.9,3,Delivered,Card
O14287,C0151,P041,2025-12-11 0:00:00,4,3686.86,0,3686.86,9,Cancelled,Wallet
O14288,C0362,P045,2025-02-22 0:00:00,5,6181.58,10,5563.42,3,Delivered,Wallet
O14289,C0159,P056,2025-11-09 0:00:00,1,6554.57,15,5571.38,3,Returned,Wallet
O14290,C0226,P024,2025-04-01 0:00:00,3,7702.24,10,6932.02,5,Returned,UPI
O14291,C0481,P024,2023-04-01 0:00:00,5,8511.37,5,8085.8,11,Delivered,Card
O14292,C0494,P081,2024-10-25 0:00:00,4,1048.49,20,838.79,9,Cancelled,UPI
O14293,C0017,P037,2025-12-07 0:00:00,1,8205.97,15,6975.07,3,delivered,Card
O14294,C0366,P092,2024-02-12 0:00:00,5,6530.02,15,5550.52,1,Delivered,Wallet
O14295,C0150,P011,2024-05-12 0:00:00,4,9627.41,0,9627.41,10,Returned,COD
O14296,C0105,P056,2024-01-12 0:00:00,4,1064.32,20,851.46,6,Delivered,UPI
O14297,C0389,P054,2023-07-08 0:00:00,5,7307.29,15,6211.2,6,Cancelled,UPI
O14298,C0339,P063,2025-03-04 0:00:00,4,6063.41,15,5153.9,5,delivered,Card
O14299,C0490,P078,2024-01-22 0:00:00,5,7338.02,20,5870.42,5,Returned,Wallet
O14300,C0471,P070,2024-09-26 0:00:00,3,1031.25,0,1031.25,7,delivered,COD
O14301,C0388,P084,2026-02-10 0:00:00,4,6567.03,15,5581.98,9,Cancelled,UPI
O14302,C0380,P054,2025-02-19 0:00:00,3,1624.03,15,1380.43,11,Delivered,Wallet
O14303,C0408,P005,2023-02-17 0:00:00,5,7060.07,15,6001.06,4,DELIVERED,COD
O14304,C0181,P032,2025-07-31 0:00:00,2,2634.3,5,2502.59,8,Returned,Wallet
O14305,C0089,P082,2023-03-31 0:00:00,1,3758.32,5,3570.4,11,Cancelled,Wallet
O14306,C0220,P100,2026-01-28 0:00:00,2,560.04,10,504.04,2,Returned,COD
O14307,C0198,P030,2024-10-13 0:00:00,2,8064.75,15,6855.04,6,DELIVERED,Wallet
O14308,C0068,P028,2025-09-28 0:00:00,4,3000.52,10,2700.47,4,Returned,Card
O14309,C0135,P076,2023-09-30 0:00:00,3,6998.94,10,6299.05,10,Delivered,Card
O14310,C0051,P047,2023-05-31 0:00:00,4,1528.7,10,1375.83,9,Returned,UPI
O14311,C0132,P083,2023-09-15 0:00:00,2,9513.73,15,8086.67,6,Delivered,Wallet
O14312,C0415,P081,2025-05-05 0:00:00,3,5190.14,0,5190.14,5,delivered,COD
O14313,C0484,P082,2025-08-22 0:00:00,2,6311.31,20,5049.05,8,Returned,Card
O14314,C0299,P067,2024-05-22 0:00:00,5,1669.28,15,1418.89,10,delivered,Wallet
O14315,C0390,P078,2025-07-26 0:00:00,1,3533.99,15,3003.89,11,Returned,Wallet
O14316,C0453,P003,2023-08-01 0:00:00,5,4654.98,0,4654.98,1,Returned,Card
O14317,C0183,P042,2024-12-30 0:00:00,3,4266.1,5,4052.8,10,Delivered,Card
O14318,C0393,P008,2025-04-13 0:00:00,1,7274.72,15,6183.51,10,Cancelled,Card
O14319,C0145,P048,2025-03-15 0:00:00,4,1457.7,15,1239.05,6,Returned,Wallet
O14320,C0415,P021,2023-04-26 0:00:00,4,6789.25,0,6789.25,9,delivered,UPI
O14321,C0122,P036,2024-12-12 0:00:00,4,1397.42,20,1117.94,6,Returned,Wallet
O14322,C0276,P090,2024-02-13 0:00:00,5,8125.12,15,6906.35,8,Cancelled,UPI
O14323,C0329,P099,2025-04-10 0:00:00,5,2211.45,10,1990.3,1,delivered,UPI
O14324,C0424,P077,2026-04-06 0:00:00,1,819.4,15,696.49,8,Delivered,Wallet
O14325,C0204,P065,2024-09-01 0:00:00,3,639.92,10,575.93,2,Delivered,UPI
O14326,C0046,P035,2023-05-05 0:00:00,2,2350.94,20,1880.75,1,Delivered,COD
O14327,C0016,P021,2025-07-06 0:00:00,4,9414.02,10,8472.62,3,DELIVERED,Card
O14328,C0061,P073,2025-08-09 0:00:00,2,4794.3,20,3835.44,2,Returned,Wallet
O14329,C0373,P020,2023-06-03 0:00:00,4,9013.61,20,7210.89,8,delivered,UPI
O14330,C0418,P075,2023-03-24 0:00:00,3,6561.23,15,5577.05,8,Returned,UPI
O14331,C0020,P067,2026-04-12 0:00:00,3,5996.84,0,5996.84,9,delivered,Wallet
O14332,C0264,P060,2024-04-18 0:00:00,1,7175.22,15,6098.94,4,Cancelled,COD
O14333,C0493,P008,2025-04-14 0:00:00,4,3340.02,20,2672.02,8,Cancelled,COD
O14334,C0353,P059,2026-01-26 0:00:00,3,2554.81,20,2043.85,5,delivered,Wallet
O14335,C0153,P001,2023-04-29 0:00:00,1,6506.93,10,5856.24,7,delivered,Wallet
O14336,C0439,P075,2023-04-13 0:00:00,4,7603.43,15,6462.92,12,Delivered,Wallet
O14337,C0200,P096,2024-10-15 0:00:00,2,6018.02,15,5115.32,2,DELIVERED,Wallet
O14338,C0096,P094,2024-11-30 0:00:00,2,3171.41,0,3171.41,5,Cancelled,Wallet
O14339,C0450,P069,2023-08-18 0:00:00,4,3893.71,15,3309.65,8,delivered,Card
O14340,C0213,P077,2024-01-16 0:00:00,5,5042.62,15,4286.23,8,Delivered,COD
O14341,C0316,P096,2025-05-06 0:00:00,4,9182.48,0,9182.48,1,DELIVERED,Wallet
O14342,C0202,P045,2023-07-21 0:00:00,4,2538.16,15,2157.44,9,Returned,Wallet
O14343,C0331,P002,2023-09-06 0:00:00,2,5295.09,20,4236.07,4,delivered,Wallet
O14344,C0390,P034,2024-07-03 0:00:00,4,851.17,15,723.49,11,delivered,Wallet
O14345,C0307,P056,2025-07-10 0:00:00,4,4585.2,15,3897.42,9,delivered,Card
O14346,C0274,P041,2026-02-15 0:00:00,5,4348.99,0,4348.99,9,Cancelled,Wallet
O14347,C0033,P025,2024-09-17 0:00:00,4,4149.02,10,3734.12,3,Delivered,COD
O14348,C0044,P040,2023-03-04 0:00:00,3,3023.36,10,2721.02,8,Returned,Card
O14349,C0065,P021,2026-02-11 0:00:00,4,8272.51,10,7445.26,8,Returned,UPI
O14350,C0457,P004,2023-12-20 0:00:00,1,4327.83,10,3895.05,6,DELIVERED,UPI
O14351,C0297,P006,2026-01-11 0:00:00,3,4898.66,5,4653.73,2,delivered,Wallet
O14352,C0499,P078,2023-09-16 0:00:00,5,1987.35,20,1589.88,5,Delivered,Wallet
O14353,C0406,P069,2023-08-27 0:00:00,2,3566.38,20,2853.1,5,Delivered,UPI
O14354,C0253,P044,2024-03-14 0:00:00,3,2753.74,5,2616.05,11,Delivered,Wallet
O14355,C0418,P060,2023-06-09 0:00:00,5,8559.95,20,6847.96,6,DELIVERED,COD
O14356,C0110,P041,2025-04-26 0:00:00,5,8515.38,20,6812.3,12,delivered,Wallet
O14357,C0390,P034,2023-11-07 0:00:00,1,7096.33,20,5677.06,2,DELIVERED,UPI
O14358,C0437,P100,2024-08-18 0:00:00,3,2465.2,5,2341.94,3,Cancelled,Card
O14359,C0281,P063,2023-01-05 0:00:00,3,4307.78,5,4092.39,11,Delivered,UPI
O14360,C0416,P099,2024-05-19 0:00:00,5,3423.91,10,3081.52,1,Delivered,COD
O14361,C0185,P051,2025-01-07 0:00:00,2,3763.8,5,3575.61,4,delivered,Wallet
O14362,C0316,P060,2025-11-21 0:00:00,4,3728.32,5,3541.9,4,Returned,Card
O14363,C0026,P095,2023-06-12 0:00:00,3,4331.48,15,3681.76,5,Cancelled,Wallet
O14364,C0349,P042,2023-07-09 0:00:00,2,3746.68,0,3746.68,10,delivered,COD
O14365,C0019,P067,2024-03-12 0:00:00,1,3168.91,15,2693.57,5,Delivered,Wallet
O14366,C0449,P037,2023-09-12 0:00:00,1,9021.35,0,9021.35,3,Delivered,Wallet
O14367,C0227,P100,2024-11-11 0:00:00,3,5916.88,20,4733.5,2,DELIVERED,Wallet
O14368,C0357,P014,2025-05-18 0:00:00,3,1757.45,10,1581.71,11,Returned,COD
O14369,C0449,P092,2024-12-21 0:00:00,1,4386.46,0,4386.46,4,Cancelled,UPI
O14370,C0451,P073,2023-06-23 0:00:00,5,8876.05,0,8876.05,9,Cancelled,Wallet
O14371,C0421,P014,2025-01-09 0:00:00,3,1960.74,0,1960.74,7,Cancelled,COD
O14372,C0313,P036,2025-02-08 0:00:00,3,895.54,5,850.76,12,Cancelled,Wallet
O14373,C0031,P035,2023-01-06 0:00:00,5,5460.46,0,5460.46,6,Returned,UPI
O14374,C0144,P092,2024-06-16 0:00:00,3,1236.19,15,1050.76,12,delivered,Card
O14375,C0354,P025,2023-12-15 0:00:00,2,1181.41,0,1181.41,5,DELIVERED,Card
O14376,C0451,P071,2024-07-22 0:00:00,1,9727.44,5,9241.07,3,Delivered,COD
O14377,C0349,P098,2026-01-23 0:00:00,1,8476.43,5,8052.61,8,delivered,UPI
O14378,C0418,P001,2024-02-29 0:00:00,1,2614.78,10,2353.3,2,Returned,Wallet
O14379,C0205,P056,2023-08-31 0:00:00,1,7161.92,5,6803.82,4,DELIVERED,UPI
O14380,C0232,P089,2023-10-11 0:00:00,2,715.41,10,643.87,2,delivered,Wallet
O14381,C0422,P013,2025-02-03 0:00:00,1,3098.1,20,2478.48,1,Cancelled,COD
O14382,C0296,P009,2023-07-06 0:00:00,5,7025.24,10,6322.72,7,Cancelled,COD
O14383,C0160,P033,2024-03-07 0:00:00,3,538.52,15,457.74,6,delivered,UPI
O14384,C0225,P048,2023-08-25 0:00:00,2,5995.46,5,5695.69,2,Cancelled,COD
O14385,C0328,P072,2023-10-29 0:00:00,2,3187.5,0,3187.5,2,Cancelled,Wallet
O14386,C0306,P002,2023-04-12 0:00:00,1,7873.94,20,6299.15,5,Cancelled,COD
O14387,C0453,P047,2023-02-10 0:00:00,4,6108.37,5,5802.95,3,DELIVERED,COD
O14388,C0223,P021,2025-01-18 0:00:00,4,721.21,10,649.09,10,Returned,UPI
O14389,C0092,P054,2025-11-05 0:00:00,5,9025.79,10,8123.21,9,Returned,Wallet
O14390,C0421,P083,2023-02-03 0:00:00,2,1420.67,5,1349.64,9,delivered,UPI
O14391,C0026,P008,2024-09-01 0:00:00,2,6319.08,20,5055.26,10,Returned,Wallet
O14392,C0373,P094,2025-07-06 0:00:00,4,3733.97,0,3733.97,5,DELIVERED,COD
O14393,C0022,P097,2024-04-28 0:00:00,1,6833.07,15,5808.11,4,Delivered,UPI
O14394,C0052,P066,2025-06-29 0:00:00,5,7253.75,0,7253.75,7,Returned,UPI
O14395,C0199,P086,2025-05-14 0:00:00,5,8663.68,10,7797.31,5,Cancelled,Wallet
O14396,C0044,P038,2025-11-26 0:00:00,1,7628.82,20,6103.06,2,Delivered,COD
O14397,C0246,P067,2023-10-07 0:00:00,1,6318.08,15,5370.37,4,Cancelled,COD
O14398,C0048,P064,2024-05-02 0:00:00,4,7042.57,20,5634.06,10,delivered,Wallet
O14399,C0144,P077,2025-08-04 0:00:00,4,8618.27,5,8187.36,6,Returned,UPI
O14400,C0129,P044,2023-06-10 0:00:00,4,1562.93,0,1562.93,7,delivered,UPI
O14401,C0224,P054,2023-12-04 0:00:00,3,5092.87,15,4328.94,7,DELIVERED,Wallet
O14402,C0021,P032,2025-06-21 0:00:00,2,2744.7,20,2195.76,4,DELIVERED,Card
O14403,C0177,P003,2024-05-22 0:00:00,3,3777.01,5,3588.16,8,Cancelled,Wallet
O14404,C0005,P071,2026-01-31 0:00:00,2,4132.38,20,3305.9,5,Delivered,Card
O14405,C0120,P030,2025-10-29 0:00:00,3,6603.88,0,6603.88,12,delivered,UPI
O14406,C0252,P016,2023-03-07 0:00:00,1,1348.18,20,1078.54,12,delivered,UPI
O14407,C0475,P062,2025-02-20 0:00:00,1,544.8,0,544.8,1,DELIVERED,Card
O14408,C0436,P084,2023-07-24 0:00:00,3,850.01,20,680.01,6,delivered,UPI
O14409,C0241,P057,2025-03-20 0:00:00,5,8899.21,0,8899.21,12,Delivered,Card
O14410,C0183,P085,2025-11-04 0:00:00,5,3901.25,10,3511.12,12,Delivered,Wallet
O14411,C0113,P018,2024-08-26 0:00:00,1,6784.72,20,5427.78,3,Cancelled,Wallet
O14412,C0300,P051,2023-05-24 0:00:00,4,4345.82,20,3476.66,5,DELIVERED,COD
O14413,C0245,P039,2026-01-31 0:00:00,1,7848.61,10,7063.75,4,DELIVERED,Card
O14414,C0331,P026,2024-02-13 0:00:00,1,9877.09,0,9877.09,1,DELIVERED,Wallet
O14415,C0312,P100,2024-01-20 0:00:00,2,2830.9,5,2689.36,12,Delivered,Wallet
O14416,C0394,P037,2025-12-04 0:00:00,4,6824.81,0,6824.81,10,Delivered,UPI
O14417,C0259,P095,2024-06-28 0:00:00,4,2769.83,5,2631.34,4,Returned,Wallet
O14418,C0037,P053,2023-04-07 0:00:00,1,5826.73,0,5826.73,8,Delivered,Card
O14419,C0144,P026,2023-08-22 0:00:00,1,2886.48,20,2309.18,8,Returned,Card
O14420,C0187,P043,2024-05-31 0:00:00,4,8573.37,15,7287.36,3,Returned,UPI
O14421,C0301,P070,2023-07-30 0:00:00,3,5816.25,0,5816.25,3,DELIVERED,Wallet
O14422,C0065,P077,2024-09-10 0:00:00,1,2179.54,20,1743.63,5,DELIVERED,Wallet
O14423,C0352,P024,2025-07-04 0:00:00,2,7213.43,20,5770.74,9,Cancelled,Card
O14424,C0177,P072,2024-05-02 0:00:00,3,9544.93,10,8590.44,5,DELIVERED,COD
O14425,C0344,P062,2025-10-31 0:00:00,4,7331.34,0,7331.34,3,Returned,COD
O14426,C0292,P015,2023-08-08 0:00:00,4,5039.58,5,4787.6,6,delivered,Wallet
O14427,C0007,P004,2024-02-24 0:00:00,1,5806.18,0,5806.18,7,DELIVERED,Wallet
O14428,C0327,P024,2026-03-29 0:00:00,3,8835.27,15,7509.98,10,Delivered,Card
O14429,C0135,P070,2023-03-04 0:00:00,3,1035.97,20,828.78,9,delivered,Card
O14430,C0417,P090,2026-03-22 0:00:00,1,4461.19,0,4461.19,12,Cancelled,COD
O14431,C0093,P028,2026-02-28 0:00:00,5,785.26,5,746,5,Delivered,UPI
O14432,C0242,P035,2025-12-07 0:00:00,5,6689,20,5351.2,3,Cancelled,UPI
O14433,C0210,P008,2025-04-06 0:00:00,1,9396.53,10,8456.88,6,DELIVERED,Wallet
O14434,C0063,P078,2023-06-17 0:00:00,4,4976.22,0,4976.22,9,delivered,Wallet
O14435,C0077,P033,2024-12-15 0:00:00,2,8187.77,0,8187.77,6,delivered,Card
O14436,C0449,P065,2025-03-25 0:00:00,3,3061.56,0,3061.56,1,DELIVERED,Wallet
O14437,C0378,P005,2025-05-22 0:00:00,3,4746.7,5,4509.36,10,Returned,UPI
O14438,C0013,P051,2023-07-14 0:00:00,1,4220.67,10,3798.6,9,Delivered,Wallet
O14439,C0434,P047,2024-09-17 0:00:00,3,4718.59,0,4718.59,1,delivered,Card
O14440,C0400,P090,2024-03-29 0:00:00,1,2555.39,15,2172.08,5,delivered,Wallet
O14441,C0055,P060,2023-05-10 0:00:00,3,9329.32,5,8862.85,8,DELIVERED,Card
O14442,C0489,P037,2023-10-28 0:00:00,4,1471.89,20,1177.51,8,Cancelled,UPI
O14443,C0282,P051,2024-10-07 0:00:00,4,3700.52,0,3700.52,11,DELIVERED,Wallet
O14444,C0170,P097,2023-11-04 0:00:00,1,3805.99,5,3615.69,10,Cancelled,COD
O14445,C0035,P063,2024-09-07 0:00:00,5,8625.46,5,8194.19,7,Delivered,COD
O14446,C0395,P057,2023-05-13 0:00:00,5,6800.38,5,6460.36,5,delivered,UPI
O14447,C0091,P005,2023-07-01 0:00:00,2,2490.89,5,2366.35,7,Cancelled,Wallet
O14448,C0312,P092,2024-03-16 0:00:00,1,8727.45,20,6981.96,2,delivered,COD
O14449,C0079,P059,2024-05-30 0:00:00,1,8823.44,20,7058.75,7,Returned,Card
O14450,C0113,P098,2023-09-04 0:00:00,1,5496.58,20,4397.26,5,Cancelled,Wallet
O14451,C0351,P099,2023-12-10 0:00:00,4,1969.89,15,1674.41,2,Cancelled,Wallet
O14452,C0366,P060,2024-04-28 0:00:00,1,8021.6,0,8021.6,7,Delivered,Wallet
O14453,C0401,P083,2024-11-29 0:00:00,5,2343.32,5,2226.15,12,Delivered,Card
O14454,C0169,P081,2026-03-24 0:00:00,4,3941.06,10,3546.95,9,Delivered,UPI
O14455,C0059,P056,2025-06-03 0:00:00,3,8247.34,10,7422.61,3,Delivered,Card
O14456,C0285,P100,2025-04-08 0:00:00,2,2517.44,15,2139.82,8,delivered,Card
O14457,C0217,P039,2024-01-15 0:00:00,1,4599.04,10,4139.14,2,delivered,UPI
O14458,C0012,P056,2024-02-23 0:00:00,4,8505.8,0,8505.8,2,Delivered,COD
O14459,C0287,P032,2026-01-03 0:00:00,1,5172.71,15,4396.8,6,Returned,Wallet
O14460,C0286,P057,2025-01-29 0:00:00,2,2285.97,5,2171.67,11,Delivered,COD
O14461,C0002,P016,2025-08-20 0:00:00,2,3810.7,15,3239.09,5,delivered,UPI
O14462,C0365,P039,2025-06-11 0:00:00,1,8176.03,5,7767.23,2,Returned,Card
O14463,C0008,P013,2025-03-12 0:00:00,5,6268.41,10,5641.57,11,Cancelled,COD
O14464,C0461,P092,2026-02-05 0:00:00,1,9965.17,5,9466.91,5,Cancelled,COD
O14465,C0042,P061,2024-08-04 0:00:00,1,6285.89,20,5028.71,6,delivered,Card
O14466,C0460,P042,2025-08-12 0:00:00,1,3266.15,15,2776.23,6,delivered,Wallet
O14467,C0246,P099,2025-01-06 0:00:00,4,9979.68,5,9480.7,2,Delivered,UPI
O14468,C0328,P063,2023-09-29 0:00:00,3,6778.26,20,5422.61,7,DELIVERED,Wallet
O14469,C0314,P032,2025-10-06 0:00:00,5,9524.3,15,8095.65,4,Returned,Wallet
O14470,C0413,P017,2023-06-19 0:00:00,3,8927.25,15,7588.16,2,delivered,Card
O14471,C0279,P092,2025-11-21 0:00:00,5,6101.64,15,5186.39,10,Cancelled,UPI
O14472,C0243,P009,2023-09-02 0:00:00,2,3292.7,10,2963.43,4,Returned,Wallet
O14473,C0066,P057,2024-05-06 0:00:00,5,3642.39,10,3278.15,12,Delivered,Wallet
O14474,C0379,P092,2024-09-10 0:00:00,2,2745.49,0,2745.49,11,Cancelled,Wallet
O14475,C0346,P077,2024-06-11 0:00:00,5,3294.21,10,2964.79,6,Delivered,Wallet
O14476,C0431,P064,2023-01-02 0:00:00,3,9758.02,0,9758.02,1,Delivered,UPI
O14477,C0486,P037,2024-06-15 0:00:00,2,1565.37,15,1330.56,4,delivered,UPI
O14478,C0436,P067,2025-05-20 0:00:00,2,1283.18,10,1154.86,7,Returned,Card
O14479,C0389,P011,2025-01-01 0:00:00,5,9260.95,10,8334.86,10,Returned,UPI
O14480,C0235,P061,2024-04-06 0:00:00,4,620.7,5,589.66,8,DELIVERED,Wallet
O14481,C0355,P086,2025-09-23 0:00:00,2,6746.7,0,6746.7,7,Delivered,COD
O14482,C0134,P069,2024-12-26 0:00:00,3,2921.57,10,2629.41,9,Cancelled,Wallet
O14483,C0455,P030,2023-07-03 0:00:00,5,2091.26,15,1777.57,6,Cancelled,Card
O14484,C0207,P005,2025-04-11 0:00:00,3,765.3,15,650.5,6,DELIVERED,Wallet
O14485,C0424,P077,2025-07-23 0:00:00,4,2103.17,20,1682.54,6,delivered,Wallet
O14486,C0430,P036,2025-12-16 0:00:00,4,5299.73,10,4769.76,12,delivered,Wallet
O14487,C0240,P004,2023-01-16 0:00:00,2,1117.41,10,1005.67,8,delivered,Wallet
O14488,C0079,P017,2024-11-25 0:00:00,5,934.46,0,934.46,11,delivered,COD
O14489,C0238,P074,2024-09-04 0:00:00,2,857.54,10,771.79,11,Returned,COD
O14490,C0278,P065,2025-07-04 0:00:00,2,9837.24,10,8853.52,6,delivered,Card
O14491,C0224,P007,2026-01-15 0:00:00,4,8459.89,10,7613.9,9,DELIVERED,Wallet
O14492,C0284,P003,2025-02-14 0:00:00,2,3733.37,10,3360.03,10,delivered,Card
O14493,C0474,P026,2024-01-08 0:00:00,5,8319.85,10,7487.87,2,Delivered,Wallet
O14494,C0482,P099,2026-02-24 0:00:00,1,5334.68,15,4534.48,7,Delivered,Card
O14495,C0018,P060,2025-09-22 0:00:00,3,1447.8,0,1447.8,4,Returned,Wallet
O14496,C0343,P063,2023-01-04 0:00:00,1,7441.48,15,6325.26,3,Returned,Wallet
O14497,C0388,P077,2023-09-14 0:00:00,1,5185.64,20,4148.51,2,Delivered,Wallet
O14498,C0048,P048,2023-03-09 0:00:00,3,1584.46,0,1584.46,1,delivered,Wallet
O14499,C0044,P058,2025-10-21 0:00:00,2,3800.95,15,3230.81,1,Cancelled,Card
O14500,C0473,P077,2026-01-14 0:00:00,2,9903.73,15,8418.17,10,Cancelled,Card
O14501,C0139,P059,2024-02-26 0:00:00,3,6996.48,20,5597.18,8,Cancelled,Wallet
O14502,C0411,P022,2025-08-28 0:00:00,1,3397.44,5,3227.57,11,delivered,Card
O14503,C0126,P076,2024-09-10 0:00:00,2,7557.48,20,6045.98,3,Cancelled,Card
O14504,C0333,P050,2023-05-28 0:00:00,1,8081.38,20,6465.1,9,DELIVERED,Card
O14505,C0494,P013,2025-04-02 0:00:00,5,614.83,0,614.83,12,DELIVERED,Wallet
O14506,C0183,P028,2024-10-31 0:00:00,5,8516.6,0,8516.6,6,delivered,UPI
O14507,C0164,P069,2023-06-25 0:00:00,2,2981.22,5,2832.16,10,Cancelled,COD
O14508,C0268,P029,2024-05-12 0:00:00,5,5062.76,10,4556.48,4,Returned,UPI
O14509,C0399,P081,2025-08-23 0:00:00,5,9107.47,20,7285.98,12,delivered,UPI
O14510,C0470,P017,2024-09-04 0:00:00,3,1638.05,10,1474.24,5,Returned,Wallet
O14511,C0335,P007,2025-12-31 0:00:00,3,2783.19,0,2783.19,8,Cancelled,UPI
O14512,C0431,P030,2026-01-03 0:00:00,3,8960.99,20,7168.79,5,delivered,Wallet
O14513,C0458,P007,2026-02-08 0:00:00,3,9304.87,20,7443.9,1,Cancelled,UPI
O14514,C0167,P017,2023-02-27 0:00:00,1,8866.69,10,7980.02,5,Returned,Card
O14515,C0428,P080,2025-11-23 0:00:00,3,5885.84,0,5885.84,8,DELIVERED,UPI
O14516,C0294,P073,2024-05-10 0:00:00,2,1181.79,0,1181.79,1,Returned,Card
O14517,C0006,P006,2023-04-24 0:00:00,2,9225.49,10,8302.94,5,Cancelled,UPI
O14518,C0432,P090,2023-10-12 0:00:00,5,3386.75,5,3217.41,4,DELIVERED,Card
O14519,C0307,P070,2023-11-07 0:00:00,5,523.2,10,470.88,12,delivered,Wallet
O14520,C0209,P022,2025-09-11 0:00:00,2,3224.74,5,3063.5,8,Delivered,Wallet
O14521,C0264,P034,2025-12-03 0:00:00,4,4964.47,10,4468.02,7,Cancelled,UPI
O14522,C0387,P065,2026-01-20 0:00:00,3,9872.21,15,8391.38,5,DELIVERED,Card
O14523,C0107,P089,2023-05-26 0:00:00,2,3119.86,0,3119.86,11,delivered,COD
O14524,C0307,P073,2026-04-13 0:00:00,3,2611.49,20,2089.19,12,Delivered,COD
O14525,C0234,P056,2025-09-13 0:00:00,4,8343.57,5,7926.39,8,DELIVERED,Wallet
O14526,C0062,P008,2025-07-06 0:00:00,4,4852.6,5,4609.97,6,Delivered,Wallet
O14527,C0162,P022,2024-10-17 0:00:00,3,8899.43,0,8899.43,10,Cancelled,Wallet
O14528,C0143,P065,2025-03-25 0:00:00,1,6536.15,5,6209.34,5,Delivered,COD
O14529,C0090,P010,2025-10-27 0:00:00,4,3813.85,5,3623.16,2,Delivered,Wallet
O14530,C0372,P019,2025-09-23 0:00:00,5,3685.27,15,3132.48,5,Returned,Wallet
O14531,C0437,P041,2025-02-03 0:00:00,5,7577.03,15,6440.48,7,delivered,Wallet
O14532,C0235,P018,2023-06-14 0:00:00,5,8194.62,5,7784.89,5,Returned,Card
O14533,C0289,P031,2023-05-07 0:00:00,1,4421.34,5,4200.27,11,Returned,Wallet
O14534,C0190,P097,2025-04-13 0:00:00,4,4012.65,5,3812.02,5,Delivered,UPI
O14535,C0174,P015,2024-08-12 0:00:00,1,3762.59,5,3574.46,7,Returned,Wallet
O14536,C0384,P027,2024-08-08 0:00:00,5,5290.32,0,5290.32,3,Returned,Wallet
O14537,C0089,P072,2025-11-26 0:00:00,3,1507.74,10,1356.97,5,Cancelled,UPI
O14538,C0007,P020,2023-05-11 0:00:00,2,604.04,15,513.43,12,Returned,Card
O14539,C0113,P013,2025-02-11 0:00:00,1,9343.71,10,8409.34,8,Delivered,Wallet
O14540,C0427,P082,2026-03-02 0:00:00,3,520.33,0,520.33,7,DELIVERED,Wallet
O14541,C0216,P051,2023-09-23 0:00:00,4,8383.54,10,7545.19,6,Returned,Wallet
O14542,C0280,P090,2025-04-16 0:00:00,5,758.31,0,758.31,1,DELIVERED,COD
O14543,C0439,P011,2023-11-12 0:00:00,2,5626.63,20,4501.3,11,Cancelled,Card
O14544,C0069,P023,2025-08-02 0:00:00,5,8402.22,15,7141.89,7,Cancelled,Wallet
O14545,C0348,P078,2023-11-07 0:00:00,4,7172.92,10,6455.63,2,Cancelled,UPI
O14546,C0107,P078,2025-08-18 0:00:00,2,9381.47,20,7505.18,2,Delivered,Card
O14547,C0280,P082,2023-08-23 0:00:00,1,6929.51,15,5890.08,3,Returned,UPI
O14548,C0152,P069,2024-03-22 0:00:00,1,2999.54,15,2549.61,9,delivered,Card
O14549,C0150,P081,2023-03-18 0:00:00,4,6302.24,5,5987.13,2,Cancelled,COD
O14550,C0044,P037,2024-08-14 0:00:00,5,5409.69,20,4327.75,7,DELIVERED,COD
O14551,C0139,P057,2025-06-15 0:00:00,1,9673.27,20,7738.62,11,Returned,Card
O14552,C0494,P001,2023-12-07 0:00:00,2,1853.6,0,1853.6,8,Returned,COD
O14553,C0219,P080,2025-06-27 0:00:00,3,2265.12,15,1925.35,7,DELIVERED,Wallet
O14554,C0368,P005,2024-03-02 0:00:00,1,3705.17,10,3334.65,12,Cancelled,COD
O14555,C0052,P073,2025-07-02 0:00:00,2,5265.87,10,4739.28,6,delivered,Card
O14556,C0429,P013,2025-12-29 0:00:00,4,6939.83,5,6592.84,7,DELIVERED,Wallet
O14557,C0432,P035,2024-11-13 0:00:00,2,7602.1,15,6461.78,5,Cancelled,Wallet
O14558,C0292,P088,2023-02-17 0:00:00,1,5425.04,5,5153.79,1,Cancelled,COD
O14559,C0497,P018,2025-04-07 0:00:00,5,4074.82,20,3259.86,1,Cancelled,Card
O14560,C0015,P057,2023-06-13 0:00:00,1,8645.99,15,7349.09,10,Delivered,Wallet
O14561,C0004,P040,2023-04-04 0:00:00,3,8171.35,15,6945.65,10,Cancelled,COD
O14562,C0195,P068,2025-08-31 0:00:00,1,7621.83,15,6478.56,12,delivered,Wallet
O14563,C0393,P074,2023-09-09 0:00:00,3,7075.09,0,7075.09,6,DELIVERED,Wallet
O14564,C0103,P018,2024-05-30 0:00:00,5,2630.25,20,2104.2,9,Returned,Wallet
O14565,C0068,P087,2025-10-10 0:00:00,2,4840.07,20,3872.06,11,Cancelled,Wallet
O14566,C0342,P059,2023-11-29 0:00:00,3,6988.06,15,5939.85,8,Delivered,Card
O14567,C0097,P083,2026-03-05 0:00:00,5,3769.57,5,3581.09,2,DELIVERED,COD
O14568,C0423,P100,2024-10-08 0:00:00,1,1471.1,15,1250.43,1,Delivered,Wallet
O14569,C0438,P067,2023-10-10 0:00:00,4,888.22,0,888.22,12,Cancelled,Wallet
O14570,C0400,P079,2025-07-24 0:00:00,3,9319.77,20,7455.82,8,Returned,Card
O14571,C0008,P030,2023-04-11 0:00:00,2,8437.7,15,7172.05,3,delivered,Card
O14572,C0227,P064,2025-01-12 0:00:00,2,3065.43,20,2452.34,5,Returned,Wallet
O14573,C0142,P060,2025-06-16 0:00:00,3,1110.01,0,1110.01,1,Returned,Wallet
O14574,C0296,P045,2024-06-01 0:00:00,4,4872.43,20,3897.94,3,Delivered,Wallet
O14575,C0041,P046,2023-06-11 0:00:00,5,1743.2,20,1394.56,5,Cancelled,Card
O14576,C0471,P063,2026-02-08 0:00:00,3,3521.27,5,3345.21,3,DELIVERED,Wallet
O14577,C0202,P050,2026-03-15 0:00:00,2,1332.61,10,1199.35,1,DELIVERED,Wallet
O14578,C0163,P045,2023-06-03 0:00:00,2,5910.41,10,5319.37,2,Returned,UPI
O14579,C0488,P019,2025-12-16 0:00:00,2,5895.53,10,5305.98,7,delivered,Wallet
O14580,C0498,P090,2025-10-24 0:00:00,3,829.31,15,704.91,8,Returned,UPI
O14581,C0090,P035,2023-12-07 0:00:00,4,4366.82,0,4366.82,5,Returned,UPI
O14582,C0236,P075,2025-08-29 0:00:00,2,5529.94,15,4700.45,12,Delivered,UPI
O14583,C0165,P040,2026-01-08 0:00:00,1,4500.68,0,4500.68,9,Cancelled,Wallet
O14584,C0256,P082,2023-01-23 0:00:00,1,2270.6,15,1930.01,3,DELIVERED,Card
O14585,C0123,P037,2025-07-08 0:00:00,5,5204.98,0,5204.98,3,delivered,UPI
O14586,C0077,P038,2023-12-08 0:00:00,1,1395.61,20,1116.49,6,Delivered,Wallet
O14587,C0193,P062,2023-05-12 0:00:00,5,4489.29,5,4264.83,10,Cancelled,Wallet
O14588,C0500,P063,2025-11-23 0:00:00,3,6131.11,5,5824.55,9,DELIVERED,Wallet
O14589,C0449,P070,2024-01-09 0:00:00,1,5968.79,0,5968.79,4,delivered,COD
O14590,C0080,P070,2025-03-09 0:00:00,5,5355.14,5,5087.38,4,Returned,Wallet
O14591,C0150,P092,2023-02-17 0:00:00,5,8475,5,8051.25,5,Delivered,Card
O14592,C0495,P042,2023-04-18 0:00:00,4,6027.49,0,6027.49,5,delivered,Card
O14593,C0168,P038,2024-10-30 0:00:00,4,1537.83,10,1384.05,4,Cancelled,UPI
O14594,C0259,P019,2023-08-10 0:00:00,3,2833.57,20,2266.86,6,delivered,Wallet
O14595,C0409,P017,2026-02-04 0:00:00,1,8869.93,5,8426.43,3,Delivered,COD
O14596,C0060,P092,2023-03-19 0:00:00,4,9411.68,5,8941.1,4,delivered,COD
O14597,C0019,P003,2025-04-09 0:00:00,3,3811.86,0,3811.86,12,DELIVERED,UPI
O14598,C0407,P067,2025-12-24 0:00:00,1,5387.19,0,5387.19,4,delivered,Wallet
O14599,C0386,P081,2024-02-19 0:00:00,2,2174.63,5,2065.9,6,delivered,COD
O14600,C0304,P031,2025-03-18 0:00:00,2,1335.29,5,1268.53,3,delivered,COD
O14601,C0443,P003,2023-10-12 0:00:00,3,6399.19,20,5119.35,2,Cancelled,UPI
O14602,C0233,P089,2024-12-31 0:00:00,3,6875.52,15,5844.19,5,Delivered,Wallet
O14603,C0440,P081,2024-10-16 0:00:00,1,5309.67,15,4513.22,9,Cancelled,Card
O14604,C0426,P074,2026-02-18 0:00:00,2,6417.49,20,5133.99,6,DELIVERED,COD
O14605,C0336,P004,2024-10-22 0:00:00,2,7133.12,0,7133.12,12,Returned,UPI
O14606,C0403,P018,2023-04-04 0:00:00,5,8289.85,15,7046.37,1,Returned,Wallet
O14607,C0035,P002,2023-01-20 0:00:00,1,2506.57,0,2506.57,9,Cancelled,Card
O14608,C0363,P022,2024-12-01 0:00:00,3,3699.2,0,3699.2,5,Returned,Card
O14609,C0183,P049,2023-11-23 0:00:00,2,9902.05,10,8911.84,6,DELIVERED,COD
O14610,C0256,P068,2024-01-01 0:00:00,1,4668.11,20,3734.49,5,Delivered,Card
O14611,C0358,P036,2026-02-24 0:00:00,4,966.75,20,773.4,3,delivered,UPI
O14612,C0015,P040,2025-08-20 0:00:00,1,6340.42,15,5389.36,12,Delivered,COD
O14613,C0159,P012,2024-12-10 0:00:00,5,8310.17,5,7894.66,9,Delivered,Wallet
O14614,C0155,P050,2026-02-13 0:00:00,1,6796.47,10,6116.82,10,Returned,Card
O14615,C0322,P026,2025-02-19 0:00:00,4,4189.89,5,3980.4,8,delivered,Wallet
O14616,C0140,P099,2025-08-10 0:00:00,1,5302.6,0,5302.6,8,delivered,Wallet
O14617,C0373,P020,2025-06-20 0:00:00,5,5196.16,0,5196.16,8,delivered,UPI
O14618,C0264,P060,2025-06-27 0:00:00,1,9473.88,20,7579.1,5,Returned,COD
O14619,C0189,P097,2025-03-11 0:00:00,4,4725.65,5,4489.37,12,Delivered,Card
O14620,C0356,P032,2024-05-28 0:00:00,5,3546.83,0,3546.83,8,Delivered,Wallet
O14621,C0425,P089,2024-03-08 0:00:00,1,4102.9,10,3692.61,11,Delivered,Wallet
O14622,C0116,P028,2025-04-24 0:00:00,1,8169.04,20,6535.23,9,Cancelled,UPI
O14623,C0184,P091,2024-10-06 0:00:00,2,4109.4,0,4109.4,11,delivered,Card
O14624,C0133,P044,2024-12-27 0:00:00,1,2204.2,15,1873.57,4,Cancelled,COD
O14625,C0218,P095,2025-04-09 0:00:00,5,4450.28,15,3782.74,9,delivered,COD
O14626,C0315,P084,2025-10-01 0:00:00,3,3861.54,5,3668.46,10,Delivered,UPI
O14627,C0366,P069,2026-02-04 0:00:00,2,5812.78,10,5231.5,6,delivered,Wallet
O14628,C0203,P024,2024-02-19 0:00:00,4,1458.92,20,1167.14,8,delivered,Wallet
O14629,C0312,P069,2023-09-27 0:00:00,5,5944.87,0,5944.87,9,delivered,COD
O14630,C0023,P012,2024-02-28 0:00:00,2,4322.67,20,3458.14,11,Returned,Wallet
O14631,C0476,P083,2024-10-15 0:00:00,5,3307.83,15,2811.66,9,Returned,Wallet
O14632,C0480,P100,2025-05-26 0:00:00,2,3254.93,0,3254.93,4,Delivered,Wallet
O14633,C0122,P051,2024-12-10 0:00:00,4,7678.86,15,6527.03,8,Returned,Card
O14634,C0119,P007,2025-08-01 0:00:00,2,5198.93,10,4679.04,8,DELIVERED,Card
O14635,C0274,P044,2023-07-30 0:00:00,3,2110.62,20,1688.5,8,delivered,Card
O14636,C0394,P018,2025-01-31 0:00:00,3,1111.99,20,889.59,5,Delivered,COD
O14637,C0002,P006,2024-12-17 0:00:00,1,1295.97,0,1295.97,1,Delivered,Wallet
O14638,C0005,P015,2023-10-05 0:00:00,5,2682.12,10,2413.91,3,delivered,Wallet
O14639,C0315,P096,2025-01-08 0:00:00,4,5256.61,10,4730.95,9,delivered,Wallet
O14640,C0414,P006,2024-05-18 0:00:00,4,8115.14,5,7709.38,3,DELIVERED,UPI
O14641,C0087,P024,2025-03-21 0:00:00,3,650.68,0,650.68,3,Cancelled,UPI
O14642,C0394,P022,2025-01-22 0:00:00,4,4766.97,5,4528.62,2,Returned,Wallet
O14643,C0424,P032,2025-08-21 0:00:00,3,7798.22,20,6238.58,12,Returned,Card
O14644,C0471,P048,2023-08-11 0:00:00,4,8559.95,5,8131.95,8,Delivered,Wallet
O14645,C0460,P027,2024-07-15 0:00:00,5,2367.11,20,1893.69,3,Cancelled,Wallet
O14646,C0037,P029,2023-11-24 0:00:00,1,6404.18,10,5763.76,7,DELIVERED,Card
O14647,C0317,P004,2024-06-10 0:00:00,1,5521.66,5,5245.58,9,Cancelled,Card
O14648,C0108,P093,2023-10-04 0:00:00,4,940.59,0,940.59,12,delivered,UPI
O14649,C0262,P052,2023-05-30 0:00:00,3,609.18,15,517.8,5,DELIVERED,Wallet
O14650,C0218,P055,2024-01-29 0:00:00,5,4980.05,5,4731.05,1,delivered,Wallet
O14651,C0440,P048,2024-01-17 0:00:00,2,5541.88,15,4710.6,1,Cancelled,UPI
O14652,C0374,P018,2025-05-06 0:00:00,4,9589.89,0,9589.89,8,Returned,COD
O14653,C0080,P063,2025-08-29 0:00:00,2,2995.9,5,2846.11,4,Delivered,COD
O14654,C0400,P095,2023-08-31 0:00:00,4,4344.65,5,4127.42,8,DELIVERED,Wallet
O14655,C0495,P080,2026-03-25 0:00:00,4,7012.03,10,6310.83,11,Returned,UPI
O14656,C0120,P094,2024-04-23 0:00:00,3,6663.07,15,5663.61,12,Cancelled,Wallet
O14657,C0018,P058,2025-05-26 0:00:00,2,944.78,20,755.82,4,Returned,Card
O14658,C0046,P049,2024-07-12 0:00:00,2,7257.33,0,7257.33,5,Returned,UPI
O14659,C0286,P005,2025-03-22 0:00:00,5,9718.74,10,8746.87,9,Returned,Wallet
O14660,C0007,P038,2023-01-28 0:00:00,5,2986.6,15,2538.61,7,Returned,Card
O14661,C0233,P077,2024-04-16 0:00:00,1,4030.78,5,3829.24,12,Cancelled,Wallet
O14662,C0438,P093,2023-03-20 0:00:00,5,4986.97,20,3989.58,6,Delivered,Wallet
O14663,C0315,P071,2025-10-03 0:00:00,1,6225.63,15,5291.79,12,Delivered,Wallet
O14664,C0128,P069,2025-07-18 0:00:00,2,6110.64,0,6110.64,12,DELIVERED,Wallet
O14665,C0468,P048,2025-11-10 0:00:00,2,4519.96,10,4067.96,8,Delivered,Wallet
O14666,C0356,P074,2023-03-11 0:00:00,3,2829.78,0,2829.78,1,delivered,Card
O14667,C0414,P082,2025-07-16 0:00:00,2,4967,10,4470.3,4,Delivered,UPI
O14668,C0455,P020,2025-02-15 0:00:00,3,6675.7,5,6341.91,12,DELIVERED,UPI
O14669,C0369,P077,2024-08-13 0:00:00,4,7661.98,5,7278.88,5,DELIVERED,Card
O14670,C0444,P073,2023-11-19 0:00:00,1,4316.31,10,3884.68,2,delivered,Wallet
O14671,C0380,P061,2023-01-16 0:00:00,1,935.98,10,842.38,8,DELIVERED,Wallet
O14672,C0352,P097,2023-10-24 0:00:00,3,9354.3,15,7951.15,7,Cancelled,Wallet
O14673,C0163,P076,2023-12-02 0:00:00,5,8216.28,15,6983.84,2,Returned,COD
O14674,C0108,P007,2023-03-19 0:00:00,2,9885.19,20,7908.15,12,Delivered,Wallet
O14675,C0370,P019,2023-10-31 0:00:00,3,6292.44,10,5663.2,11,DELIVERED,UPI
O14676,C0482,P082,2023-03-11 0:00:00,3,8251.97,5,7839.37,5,DELIVERED,COD
O14677,C0312,P022,2023-07-23 0:00:00,4,1153.02,20,922.42,6,delivered,Card
O14678,C0157,P056,2024-07-24 0:00:00,2,9319.74,10,8387.77,9,delivered,UPI
O14679,C0264,P031,2025-11-23 0:00:00,1,791.17,20,632.94,12,Delivered,Wallet
O14680,C0355,P034,2024-02-12 0:00:00,1,3340.24,5,3173.23,8,delivered,Card
O14681,C0394,P018,2024-07-16 0:00:00,2,2815.07,0,2815.07,8,Cancelled,Card
O14682,C0432,P095,2023-07-22 0:00:00,1,3101.31,10,2791.18,7,Cancelled,COD
O14683,C0282,P099,2026-02-25 0:00:00,4,5848.54,10,5263.69,4,Delivered,Wallet
O14684,C0006,P031,2025-04-20 0:00:00,5,6636.71,5,6304.87,2,Cancelled,UPI
O14685,C0287,P097,2024-01-08 0:00:00,2,6631.96,20,5305.57,12,Returned,Wallet
O14686,C0258,P083,2024-02-08 0:00:00,5,2851.25,20,2281,6,Cancelled,Wallet
O14687,C0156,P021,2023-12-08 0:00:00,1,6270.67,0,6270.67,4,Delivered,COD
O14688,C0029,P010,2025-08-06 0:00:00,1,6047.42,10,5442.68,7,Cancelled,Card
O14689,C0012,P086,2024-01-11 0:00:00,4,7704.31,15,6548.66,8,DELIVERED,Card
O14690,C0097,P020,2023-08-09 0:00:00,1,9559.78,5,9081.79,3,DELIVERED,COD
O14691,C0158,P079,2024-05-24 0:00:00,2,2393.86,10,2154.47,10,DELIVERED,Wallet
O14692,C0476,P062,2023-07-16 0:00:00,2,6743.46,15,5731.94,5,Cancelled,Wallet
O14693,C0030,P040,2023-12-24 0:00:00,4,7377.94,0,7377.94,4,Cancelled,UPI
O14694,C0281,P094,2024-05-27 0:00:00,4,7644.12,5,7261.91,4,Delivered,Wallet
O14695,C0182,P092,2023-03-15 0:00:00,2,6010.55,10,5409.49,3,Returned,Card
O14696,C0202,P088,2024-04-21 0:00:00,4,2954.58,5,2806.85,1,Returned,Wallet
O14697,C0433,P086,2025-12-20 0:00:00,1,5565.61,20,4452.49,7,Delivered,Card
O14698,C0253,P025,2023-09-23 0:00:00,1,5452.9,10,4907.61,6,DELIVERED,COD
O14699,C0445,P069,2023-02-01 0:00:00,3,7854.8,20,6283.84,2,Returned,Card
O14700,C0398,P052,2025-06-30 0:00:00,4,9248.55,15,7861.27,8,Returned,Wallet
O14701,C0330,P100,2023-05-15 0:00:00,3,1098.89,20,879.11,2,Cancelled,UPI
O14702,C0103,P025,2025-12-08 0:00:00,4,2107.59,20,1686.07,6,Cancelled,Wallet
O14703,C0002,P015,2024-03-13 0:00:00,4,3393.9,20,2715.12,7,Cancelled,COD
O14704,C0191,P002,2023-12-11 0:00:00,1,1513.13,0,1513.13,3,Delivered,Wallet
O14705,C0111,P007,2023-04-02 0:00:00,3,8976.15,15,7629.73,10,DELIVERED,Wallet
O14706,C0033,P016,2025-01-31 0:00:00,1,4889.34,10,4400.41,7,Delivered,Card
O14707,C0450,P067,2024-06-20 0:00:00,5,3732.89,20,2986.31,7,delivered,Wallet
O14708,C0110,P046,2023-08-12 0:00:00,1,1143.3,0,1143.3,6,Delivered,UPI
O14709,C0227,P045,2025-12-10 0:00:00,4,8443.6,15,7177.06,7,Cancelled,Wallet
O14710,C0008,P073,2025-04-16 0:00:00,5,3844.53,20,3075.62,4,delivered,UPI
O14711,C0228,P007,2025-11-06 0:00:00,5,8384.78,5,7965.54,3,DELIVERED,Card
O14712,C0357,P069,2024-02-06 0:00:00,1,3506.66,5,3331.33,5,Returned,UPI
O14713,C0365,P077,2024-03-15 0:00:00,4,9507.42,0,9507.42,5,Cancelled,Card
O14714,C0113,P100,2024-04-02 0:00:00,1,1865.69,20,1492.55,9,Delivered,Wallet
O14715,C0319,P003,2025-08-24 0:00:00,4,8821.25,5,8380.19,12,delivered,COD
O14716,C0004,P073,2025-04-17 0:00:00,5,2210.82,10,1989.74,8,Returned,Wallet
O14717,C0081,P024,2025-10-13 0:00:00,4,6822.43,20,5457.94,3,delivered,UPI
O14718,C0434,P049,2025-05-02 0:00:00,2,5231.03,20,4184.82,6,delivered,Wallet
O14719,C0301,P003,2025-04-25 0:00:00,2,3086.83,20,2469.46,12,Delivered,Card
O14720,C0159,P042,2024-01-13 0:00:00,5,2767.97,5,2629.57,1,Cancelled,UPI
O14721,C0112,P058,2025-11-15 0:00:00,5,8291.3,5,7876.73,7,DELIVERED,Card
O14722,C0074,P052,2024-02-12 0:00:00,3,3351.96,20,2681.57,12,Returned,COD
O14723,C0461,P007,2024-09-15 0:00:00,4,6202.14,0,6202.14,10,Delivered,COD
O14724,C0252,P020,2023-07-16 0:00:00,4,1840.1,15,1564.08,1,Delivered,Wallet
O14725,C0333,P028,2024-04-21 0:00:00,2,2047,20,1637.6,9,delivered,Wallet
O14726,C0225,P071,2025-02-09 0:00:00,3,9554.62,0,9554.62,4,Cancelled,UPI
O14727,C0221,P085,2023-06-10 0:00:00,2,1860.79,5,1767.75,6,Delivered,Card
O14728,C0130,P058,2023-07-05 0:00:00,4,3357.36,15,2853.76,10,Returned,COD
O14729,C0394,P050,2025-08-07 0:00:00,5,6868.14,15,5837.92,5,Cancelled,COD
O14730,C0275,P011,2025-02-03 0:00:00,1,1406.06,5,1335.76,5,delivered,Card
O14731,C0336,P018,2024-05-12 0:00:00,4,9768.19,10,8791.37,5,Cancelled,Wallet
O14732,C0301,P037,2023-01-07 0:00:00,4,6434.34,20,5147.47,9,Delivered,Wallet
O14733,C0182,P002,2023-10-06 0:00:00,2,510.59,5,485.06,8,DELIVERED,Card
O14734,C0489,P036,2023-10-06 0:00:00,1,730.49,5,693.97,3,Delivered,UPI
O14735,C0465,P029,2025-04-19 0:00:00,3,9644.71,15,8198,8,DELIVERED,UPI
O14736,C0294,P096,2026-01-31 0:00:00,2,7123.26,20,5698.61,12,DELIVERED,Wallet
O14737,C0455,P008,2024-01-22 0:00:00,2,9068.72,20,7254.98,8,Returned,COD
O14738,C0097,P089,2024-10-19 0:00:00,4,3277.55,5,3113.67,8,Delivered,Wallet
O14739,C0486,P040,2025-08-11 0:00:00,5,4536.94,5,4310.09,8,delivered,Wallet
O14740,C0183,P032,2024-04-23 0:00:00,1,9604.17,5,9123.96,1,Delivered,COD
O14741,C0390,P053,2024-08-28 0:00:00,3,6865.64,20,5492.51,4,Delivered,Card
O14742,C0461,P017,2026-03-18 0:00:00,2,4656.77,5,4423.93,11,delivered,Wallet
O14743,C0271,P074,2024-07-19 0:00:00,3,3736.09,15,3175.68,6,delivered,COD
O14744,C0462,P088,2025-10-02 0:00:00,4,1895.95,20,1516.76,3,DELIVERED,Wallet
O14745,C0121,P033,2023-07-25 0:00:00,2,7936.18,0,7936.18,11,Cancelled,Card
O14746,C0100,P055,2023-02-01 0:00:00,2,9177.04,0,9177.04,9,DELIVERED,UPI
O14747,C0358,P055,2026-03-02 0:00:00,3,6692.47,5,6357.85,4,Cancelled,Wallet
O14748,C0472,P071,2024-09-14 0:00:00,4,7201.03,15,6120.88,6,Returned,Wallet
O14749,C0296,P062,2024-08-29 0:00:00,4,8349.48,0,8349.48,11,delivered,Card
O14750,C0160,P078,2023-12-11 0:00:00,3,3472.28,20,2777.82,1,Cancelled,UPI
O14751,C0409,P011,2025-09-13 0:00:00,2,3273.68,20,2618.94,8,Cancelled,UPI
O14752,C0185,P014,2025-05-18 0:00:00,2,5129.88,20,4103.9,12,DELIVERED,UPI
O14753,C0046,P066,2024-11-08 0:00:00,2,1371.09,15,1165.43,2,DELIVERED,UPI
O14754,C0143,P049,2024-03-14 0:00:00,3,6758.19,5,6420.28,2,Cancelled,Card
O14755,C0415,P085,2025-09-11 0:00:00,1,9996.09,0,9996.09,12,Returned,Card
O14756,C0275,P059,2026-03-08 0:00:00,4,2250.52,15,1912.94,10,Cancelled,UPI
O14757,C0094,P013,2024-06-22 0:00:00,5,8992.18,0,8992.18,7,Returned,Wallet
O14758,C0182,P050,2023-03-21 0:00:00,3,8163.2,10,7346.88,3,delivered,Wallet
O14759,C0273,P087,2025-01-23 0:00:00,3,8022.07,10,7219.86,1,Returned,Wallet
O14760,C0095,P050,2025-05-01 0:00:00,4,2544.32,20,2035.46,6,DELIVERED,Card
O14761,C0119,P055,2025-02-01 0:00:00,1,7371.58,15,6265.84,1,Returned,COD
O14762,C0494,P044,2026-04-03 0:00:00,3,5424.76,5,5153.52,9,Returned,UPI
O14763,C0436,P074,2025-12-10 0:00:00,4,9861.25,5,9368.19,1,DELIVERED,Wallet
O14764,C0368,P034,2026-03-05 0:00:00,1,2825.39,5,2684.12,12,delivered,Card
O14765,C0003,P078,2023-06-12 0:00:00,2,7877.76,0,7877.76,9,Returned,Wallet
O14766,C0128,P066,2023-12-16 0:00:00,3,5979.29,10,5381.36,12,delivered,UPI
O14767,C0406,P070,2023-03-10 0:00:00,2,4424.31,0,4424.31,10,Delivered,COD
O14768,C0404,P062,2025-09-02 0:00:00,1,7635.02,20,6108.02,1,Returned,Wallet
O14769,C0097,P061,2025-05-25 0:00:00,1,7778.39,20,6222.71,4,Delivered,Card
O14770,C0119,P098,2023-12-28 0:00:00,4,4989.07,0,4989.07,9,Delivered,COD
O14771,C0382,P073,2024-11-11 0:00:00,2,7225.18,0,7225.18,4,Cancelled,Wallet
O14772,C0341,P067,2024-11-03 0:00:00,3,9482.17,20,7585.74,6,Returned,Card
O14773,C0332,P058,2025-07-09 0:00:00,3,7368.44,20,5894.75,4,delivered,UPI
O14774,C0281,P019,2026-01-14 0:00:00,3,5924.57,5,5628.34,4,Returned,Wallet
O14775,C0482,P054,2024-11-15 0:00:00,4,6926.87,5,6580.53,2,DELIVERED,UPI
O14776,C0376,P006,2026-03-22 0:00:00,1,4488.79,5,4264.35,1,DELIVERED,Wallet
O14777,C0335,P025,2023-07-21 0:00:00,4,3453.95,10,3108.55,5,delivered,COD
O14778,C0111,P083,2023-07-11 0:00:00,4,6072.68,10,5465.41,2,delivered,UPI
O14779,C0006,P064,2024-07-19 0:00:00,1,9076.58,0,9076.58,3,DELIVERED,UPI
O14780,C0431,P057,2025-04-11 0:00:00,4,9489.44,15,8066.02,2,DELIVERED,UPI
O14781,C0242,P048,2023-07-06 0:00:00,4,3273.33,20,2618.66,5,Returned,Wallet
O14782,C0172,P019,2026-01-01 0:00:00,4,2770.35,5,2631.83,3,Returned,UPI
O14783,C0011,P046,2024-11-09 0:00:00,2,3734.63,5,3547.9,1,Delivered,Wallet
O14784,C0390,P027,2024-07-23 0:00:00,3,1652.52,5,1569.89,4,Cancelled,Wallet
O14785,C0309,P021,2026-03-15 0:00:00,5,8556.28,5,8128.47,10,delivered,Wallet
O14786,C0328,P082,2023-06-09 0:00:00,1,4260.32,10,3834.29,11,Delivered,Wallet
O14787,C0292,P028,2023-06-19 0:00:00,4,8653.86,0,8653.86,5,Cancelled,COD
O14788,C0031,P081,2024-10-24 0:00:00,5,7567.15,15,6432.08,5,delivered,Wallet
O14789,C0461,P022,2024-12-11 0:00:00,3,1055.3,10,949.77,6,Delivered,Card
O14790,C0357,P062,2023-09-24 0:00:00,1,982.2,15,834.87,2,DELIVERED,Wallet
O14791,C0304,P063,2025-04-12 0:00:00,2,5786.17,15,4918.24,5,DELIVERED,Card
O14792,C0411,P088,2025-09-20 0:00:00,3,6881.36,0,6881.36,5,delivered,Wallet
O14793,C0241,P020,2023-01-07 0:00:00,3,5593.56,15,4754.53,11,DELIVERED,Card
O14794,C0350,P090,2023-03-15 0:00:00,3,1633.61,20,1306.89,9,Returned,UPI
O14795,C0274,P057,2025-08-16 0:00:00,1,3537.31,5,3360.44,2,Returned,COD
O14796,C0255,P012,2024-04-16 0:00:00,4,2923.94,0,2923.94,8,DELIVERED,COD
O14797,C0280,P092,2024-04-11 0:00:00,5,7410.46,10,6669.41,12,DELIVERED,Wallet
O14798,C0081,P071,2024-01-13 0:00:00,2,761.7,20,609.36,8,delivered,COD
O14799,C0234,P087,2025-02-09 0:00:00,1,3948.16,15,3355.94,10,DELIVERED,Card
O14800,C0156,P002,2025-10-05 0:00:00,1,2826.9,5,2685.55,6,Returned,COD
O14801,C0274,P058,2025-12-05 0:00:00,3,6521.25,0,6521.25,7,Cancelled,Wallet
O14802,C0061,P042,2026-01-24 0:00:00,5,6268.15,5,5954.74,2,delivered,COD
O14803,C0444,P061,2024-10-21 0:00:00,2,9356.35,0,9356.35,10,Delivered,COD
O14804,C0115,P078,2025-06-18 0:00:00,5,6130.02,5,5823.52,6,Returned,Card
O14805,C0102,P027,2024-04-19 0:00:00,5,7257.92,10,6532.13,9,Cancelled,Wallet
O14806,C0061,P034,2025-12-26 0:00:00,3,5139.96,5,4882.96,7,Delivered,Wallet
O14807,C0139,P097,2024-12-14 0:00:00,2,9655.64,15,8207.29,4,DELIVERED,COD
O14808,C0147,P068,2025-07-04 0:00:00,5,791.82,5,752.23,1,Cancelled,COD
O14809,C0124,P090,2023-09-27 0:00:00,4,888.32,5,843.9,7,DELIVERED,Card
O14810,C0487,P051,2025-01-31 0:00:00,3,8830.05,0,8830.05,2,Delivered,UPI
O14811,C0003,P063,2024-07-22 0:00:00,5,7302.35,15,6207,1,delivered,Card
O14812,C0216,P073,2023-08-16 0:00:00,1,7834.09,5,7442.39,4,Returned,Wallet
O14813,C0397,P013,2024-01-01 0:00:00,1,3809.37,20,3047.5,9,Returned,Wallet
O14814,C0388,P097,2024-12-10 0:00:00,5,6285.45,20,5028.36,10,Returned,Wallet
O14815,C0172,P004,2024-10-05 0:00:00,1,3363.94,5,3195.74,8,Returned,UPI
O14816,C0125,P012,2023-07-16 0:00:00,1,8585.9,10,7727.31,4,Cancelled,UPI
O14817,C0472,P085,2025-12-22 0:00:00,5,1054.99,0,1054.99,3,DELIVERED,UPI
O14818,C0220,P044,2024-09-10 0:00:00,1,6987.18,0,6987.18,11,Cancelled,Wallet
O14819,C0376,P001,2025-06-09 0:00:00,2,9316.13,15,7918.71,1,DELIVERED,Wallet
O14820,C0209,P067,2024-12-11 0:00:00,3,567.39,15,482.28,12,Cancelled,COD
O14821,C0421,P050,2024-11-07 0:00:00,2,3034.89,15,2579.66,6,Delivered,Wallet
O14822,C0383,P010,2025-07-27 0:00:00,4,8210.92,0,8210.92,3,delivered,Wallet
O14823,C0186,P079,2023-05-17 0:00:00,2,7255.19,15,6166.91,4,Returned,UPI
O14824,C0387,P084,2025-04-08 0:00:00,2,4122.01,0,4122.01,9,Cancelled,Card
O14825,C0436,P057,2023-03-19 0:00:00,5,7334.8,10,6601.32,7,Returned,UPI
O14826,C0215,P020,2023-10-05 0:00:00,2,5959.03,20,4767.22,11,Cancelled,Card
O14827,C0331,P015,2023-08-08 0:00:00,3,5143.01,5,4885.86,6,Cancelled,COD
O14828,C0156,P045,2026-01-25 0:00:00,5,4853.19,0,4853.19,5,Delivered,Wallet
O14829,C0235,P041,2026-03-26 0:00:00,1,9536.04,5,9059.24,9,Cancelled,UPI
O14830,C0221,P042,2025-03-23 0:00:00,2,6018.69,20,4814.95,5,Cancelled,UPI
O14831,C0332,P087,2024-11-15 0:00:00,2,8453.59,5,8030.91,11,Delivered,Wallet
O14832,C0043,P047,2023-01-19 0:00:00,3,3685.71,15,3132.85,7,Cancelled,Card
O14833,C0258,P078,2023-02-27 0:00:00,3,3598.69,10,3238.82,3,Delivered,COD
O14834,C0303,P075,2023-06-05 0:00:00,3,5293.74,20,4234.99,3,Cancelled,Wallet
O14835,C0331,P047,2025-08-28 0:00:00,2,4514.23,10,4062.81,7,Cancelled,UPI
O14836,C0362,P018,2026-04-05 0:00:00,2,3054.22,0,3054.22,8,Returned,Wallet
O14837,C0132,P013,2023-05-04 0:00:00,4,1736.29,5,1649.48,11,Cancelled,Card
O14838,C0001,P007,2024-02-03 0:00:00,4,4442.49,0,4442.49,7,DELIVERED,COD
O14839,C0423,P075,2023-08-21 0:00:00,4,7164.19,15,6089.56,4,Delivered,COD
O14840,C0411,P073,2025-04-05 0:00:00,1,2772.56,20,2218.05,1,Returned,UPI
O14841,C0064,P062,2025-12-01 0:00:00,4,5802.78,5,5512.64,8,Returned,COD
O14842,C0107,P084,2023-08-25 0:00:00,4,3800.27,15,3230.23,4,Cancelled,Wallet
O14843,C0357,P077,2024-03-19 0:00:00,4,2962.71,10,2666.44,1,Delivered,Wallet
O14844,C0364,P063,2025-10-09 0:00:00,4,7369.42,15,6264.01,6,Delivered,Wallet
O14845,C0164,P083,2025-03-19 0:00:00,2,5956.64,15,5063.14,10,Returned,Card
O14846,C0296,P026,2023-11-25 0:00:00,4,2845.99,10,2561.39,11,Cancelled,Wallet
O14847,C0181,P094,2024-07-08 0:00:00,1,8055.17,20,6444.14,6,delivered,Card
O14848,C0436,P050,2025-09-11 0:00:00,1,7578.19,10,6820.37,11,Delivered,Card
O14849,C0264,P021,2025-11-21 0:00:00,5,4784.79,15,4067.07,9,DELIVERED,Wallet
O14850,C0100,P013,2024-10-19 0:00:00,4,9695.34,10,8725.81,1,Cancelled,Card
O14851,C0441,P027,2025-06-08 0:00:00,5,4234.38,15,3599.22,10,delivered,UPI
O14852,C0021,P097,2025-07-15 0:00:00,4,9530.01,10,8577.01,6,Delivered,Card
O14853,C0338,P056,2025-09-15 0:00:00,5,6522.31,5,6196.19,7,delivered,Card
O14854,C0428,P005,2023-09-02 0:00:00,4,1331.63,10,1198.47,10,Delivered,COD
O14855,C0291,P030,2023-01-31 0:00:00,5,8759.91,10,7883.92,7,Returned,Wallet
O14856,C0359,P023,2025-12-02 0:00:00,5,767.22,15,652.14,10,Returned,Wallet
O14857,C0494,P002,2023-01-31 0:00:00,5,6854.51,5,6511.78,11,Returned,Wallet
O14858,C0139,P002,2025-05-15 0:00:00,3,1097.02,5,1042.17,10,Returned,Wallet
O14859,C0187,P099,2026-03-02 0:00:00,1,6528.68,10,5875.81,3,Cancelled,Wallet
O14860,C0210,P051,2025-08-05 0:00:00,3,3536.53,10,3182.88,5,Returned,Wallet
O14861,C0324,P088,2024-06-27 0:00:00,2,7326.29,5,6959.98,1,Returned,Wallet
O14862,C0165,P036,2025-08-02 0:00:00,4,9466.84,15,8046.81,8,delivered,Card
O14863,C0144,P099,2024-07-28 0:00:00,5,7078.19,5,6724.28,9,Delivered,UPI
O14864,C0162,P015,2023-10-19 0:00:00,4,1632.34,5,1550.72,8,Delivered,Wallet
O14865,C0303,P060,2023-02-03 0:00:00,5,7788.73,5,7399.29,5,delivered,COD
O14866,C0113,P039,2025-02-03 0:00:00,4,8603.42,0,8603.42,6,delivered,Wallet
O14867,C0015,P032,2025-03-27 0:00:00,3,6349.24,10,5714.32,1,delivered,Wallet
O14868,C0481,P063,2025-04-30 0:00:00,1,2115.99,5,2010.19,8,Delivered,UPI
O14869,C0311,P062,2025-02-21 0:00:00,1,1734.65,15,1474.45,5,Returned,COD
O14870,C0126,P058,2023-07-29 0:00:00,3,8851.39,10,7966.25,6,Delivered,Wallet
O14871,C0163,P091,2024-11-06 0:00:00,4,3140.62,5,2983.59,4,Returned,COD
O14872,C0443,P065,2025-10-29 0:00:00,4,1152.73,20,922.18,3,delivered,UPI
O14873,C0127,P094,2023-08-19 0:00:00,1,5752.49,10,5177.24,10,Cancelled,Wallet
O14874,C0271,P018,2024-01-06 0:00:00,1,8515.1,0,8515.1,4,DELIVERED,Wallet
O14875,C0026,P010,2024-04-27 0:00:00,4,3814.77,0,3814.77,9,Returned,UPI
O14876,C0494,P091,2023-09-02 0:00:00,3,7103.95,0,7103.95,1,Cancelled,COD
O14877,C0233,P002,2024-01-05 0:00:00,5,2890.53,5,2746,10,DELIVERED,COD
O14878,C0196,P081,2026-04-03 0:00:00,5,4744.53,20,3795.62,8,delivered,Wallet
O14879,C0026,P015,2026-03-06 0:00:00,1,5751.37,10,5176.23,1,delivered,Wallet
O14880,C0133,P012,2024-07-11 0:00:00,1,8061.95,0,8061.95,9,Delivered,Wallet
O14881,C0092,P080,2023-12-27 0:00:00,4,1407.68,15,1196.53,6,Cancelled,UPI
O14882,C0160,P087,2023-10-30 0:00:00,3,4372.78,0,4372.78,8,Returned,UPI
O14883,C0167,P001,2025-02-23 0:00:00,5,9605.04,5,9124.79,5,Delivered,Card
O14884,C0447,P050,2025-06-07 0:00:00,3,8889.28,20,7111.42,1,Returned,Wallet
O14885,C0448,P070,2023-12-05 0:00:00,1,4827.97,0,4827.97,3,Delivered,Wallet
O14886,C0486,P096,2024-10-15 0:00:00,4,4854.84,5,4612.1,5,Delivered,Wallet
O14887,C0447,P078,2025-11-19 0:00:00,5,9729.96,15,8270.47,9,Returned,Card
O14888,C0465,P032,2023-09-05 0:00:00,3,8775.85,5,8337.06,8,delivered,Card
O14889,C0097,P098,2024-10-01 0:00:00,3,6366.79,20,5093.43,8,delivered,Wallet
O14890,C0140,P095,2025-09-12 0:00:00,3,5693.67,0,5693.67,2,Cancelled,Wallet
O14891,C0281,P008,2024-09-18 0:00:00,4,2166.11,20,1732.89,4,delivered,UPI
O14892,C0155,P018,2023-05-24 0:00:00,5,9497.73,5,9022.84,7,DELIVERED,Wallet
O14893,C0455,P058,2024-11-22 0:00:00,2,7454.23,5,7081.52,2,Cancelled,Card
O14894,C0133,P058,2023-07-04 0:00:00,1,1865.51,5,1772.23,10,Cancelled,Card
O14895,C0146,P010,2024-07-04 0:00:00,5,4595.05,20,3676.04,2,Delivered,UPI
O14896,C0279,P093,2026-02-10 0:00:00,5,8528.54,15,7249.26,10,Delivered,UPI
O14897,C0247,P078,2025-03-22 0:00:00,4,5190.48,0,5190.48,12,Returned,COD
O14898,C0149,P048,2023-02-13 0:00:00,1,3786.3,15,3218.36,5,Cancelled,UPI
O14899,C0315,P019,2024-10-09 0:00:00,1,3109.74,15,2643.28,1,DELIVERED,UPI
O14900,C0258,P080,2023-01-09 0:00:00,3,4518.1,20,3614.48,4,Delivered,Wallet
O14901,C0260,P028,2024-12-08 0:00:00,1,5751.48,10,5176.33,1,Returned,Wallet
O14902,C0456,P051,2026-02-14 0:00:00,4,3511.68,15,2984.93,6,DELIVERED,Wallet
O14903,C0253,P019,2025-05-11 0:00:00,1,8994.37,10,8094.93,10,DELIVERED,Card
O14904,C0324,P048,2024-09-23 0:00:00,2,8303.04,5,7887.89,3,DELIVERED,Wallet
O14905,C0493,P014,2023-10-17 0:00:00,2,1656.25,10,1490.62,4,Cancelled,Card
O14906,C0290,P019,2024-06-10 0:00:00,2,792.1,15,673.28,7,delivered,Wallet
O14907,C0433,P014,2025-01-19 0:00:00,5,1166.58,5,1108.25,6,DELIVERED,Wallet
O14908,C0179,P062,2023-09-28 0:00:00,2,9816.95,0,9816.95,6,Delivered,Wallet
O14909,C0261,P050,2023-10-19 0:00:00,2,5657.57,0,5657.57,4,Delivered,COD
O14910,C0465,P020,2026-03-22 0:00:00,2,2947.17,5,2799.81,2,Returned,COD
O14911,C0211,P057,2023-06-10 0:00:00,1,1101.34,0,1101.34,5,DELIVERED,COD
O14912,C0020,P009,2024-12-12 0:00:00,2,3035.24,5,2883.48,7,delivered,Wallet
O14913,C0289,P085,2024-05-21 0:00:00,4,9941.49,20,7953.19,2,delivered,Card
O14914,C0062,P065,2025-10-16 0:00:00,4,2798.86,0,2798.86,1,Returned,COD
O14915,C0391,P028,2024-12-20 0:00:00,1,1512.68,10,1361.41,9,delivered,Wallet
O14916,C0253,P050,2024-05-07 0:00:00,3,9399.9,20,7519.92,9,delivered,UPI
O14917,C0366,P073,2024-01-10 0:00:00,3,7215.68,5,6854.9,6,Cancelled,Wallet
O14918,C0314,P047,2025-05-06 0:00:00,5,1571.5,0,1571.5,10,DELIVERED,Wallet
O14919,C0183,P016,2025-01-13 0:00:00,4,3678.35,15,3126.6,8,delivered,Wallet
O14920,C0163,P067,2023-07-06 0:00:00,2,8558.73,5,8130.79,-1,Cancelled,COD
O14921,C0310,P037,2025-06-18 0:00:00,4,8525.31,0,8525.31,9,Cancelled,Wallet
O14922,C0382,P020,2024-06-26 0:00:00,2,1482.51,20,1186.01,7,delivered,Wallet
O14923,C0279,P092,2024-01-06 0:00:00,2,2193.5,20,1754.8,11,DELIVERED,Card
O14924,C0299,P008,2024-07-05 0:00:00,2,9674.86,15,8223.63,5,Returned,COD
O14925,C0112,P039,2024-11-20 0:00:00,3,3211.83,20,2569.46,6,DELIVERED,UPI
O14926,C0137,P009,2023-05-19 0:00:00,4,1478.07,5,1404.17,10,Cancelled,Wallet
O14927,C0261,P088,2025-10-14 0:00:00,2,2352.61,0,2352.61,1,Returned,UPI
O14928,C0495,P047,2025-10-04 0:00:00,4,7902.96,10,7112.66,2,Returned,Wallet
O14929,C0019,P001,2024-08-03 0:00:00,4,4638.1,0,4638.1,3,Cancelled,UPI
O14930,C0166,P069,2024-07-21 0:00:00,4,6863.79,15,5834.22,9,delivered,COD
O14931,C0126,P015,2025-10-30 0:00:00,3,7589.12,20,6071.3,2,DELIVERED,UPI
O14932,C0423,P057,2023-02-04 0:00:00,4,5663.54,5,5380.36,12,Cancelled,Wallet
O14933,C0117,P016,2026-02-09 0:00:00,1,9996.11,10,8996.5,3,delivered,Wallet
O14934,C0007,P080,2023-06-26 0:00:00,1,3383.21,10,3044.89,8,delivered,Wallet
O14935,C0172,P068,2023-07-01 0:00:00,3,8126.94,15,6907.9,8,delivered,Wallet
O14936,C0387,P060,2025-07-03 0:00:00,1,1156.29,15,982.85,11,Delivered,COD
O14937,C0314,P020,2025-02-24 0:00:00,3,1466.76,0,1466.76,6,Cancelled,Wallet
O14938,C0217,P028,2025-05-03 0:00:00,2,6187.83,0,6187.83,3,delivered,Card
O14939,C0144,P016,2023-11-14 0:00:00,3,2179.73,15,1852.77,12,delivered,Wallet
O14940,C0237,P054,2023-02-21 0:00:00,4,5830.79,5,5539.25,9,Delivered,Wallet
O14941,C0356,P036,2025-04-08 0:00:00,2,8408.59,15,7147.3,10,Cancelled,Card
O14942,C0288,P043,2025-09-26 0:00:00,4,6502.11,15,5526.79,12,Delivered,Wallet
O14943,C0298,P045,2024-07-25 0:00:00,3,4795.69,0,4795.69,3,DELIVERED,Card
O14944,C0257,P090,2024-08-13 0:00:00,3,1341.39,20,1073.11,6,Delivered,Wallet
O14945,C0443,P017,2024-05-16 0:00:00,1,4665.3,10,4198.77,5,Returned,COD
O14946,C0474,P023,2026-01-03 0:00:00,3,8989.15,5,8539.69,5,Cancelled,UPI
O14947,C0269,P017,2024-12-29 0:00:00,5,8871.23,0,8871.23,9,Delivered,Wallet
O14948,C0447,P095,2023-05-29 0:00:00,1,1446.66,0,1446.66,7,Cancelled,UPI
O14949,C0003,P090,2023-10-23 0:00:00,2,4287.65,5,4073.27,5,Cancelled,COD
O14950,C0177,P020,2024-11-28 0:00:00,2,1152.67,20,922.14,12,delivered,Card
O14951,C0010,P001,2024-01-31 0:00:00,1,8738.11,20,6990.49,3,Cancelled,Wallet
O14952,C0046,P091,2024-05-10 0:00:00,2,5349.46,15,4547.04,6,DELIVERED,Card
O14953,C0303,P013,2025-07-02 0:00:00,4,3971.11,0,3971.11,7,Cancelled,Wallet
O14954,C0125,P021,2024-12-12 0:00:00,4,2166.29,20,1733.03,2,Delivered,UPI
O14955,C0193,P092,2023-11-27 0:00:00,3,1117.36,20,893.89,2,Delivered,Wallet
O14956,C0128,P068,2023-10-30 0:00:00,4,1207.04,20,965.63,9,Returned,Wallet
O14957,C0372,P094,2024-02-02 0:00:00,2,4802.55,5,4562.42,4,Delivered,Wallet
O14958,C0131,P089,2025-08-19 0:00:00,1,513.45,10,462.11,1,Cancelled,Wallet
O14959,C0044,P002,2023-10-27 0:00:00,2,1664.02,20,1331.22,12,Returned,COD
O14960,C0426,P037,2024-04-09 0:00:00,4,9696.55,20,7757.24,12,Delivered,COD
O14961,C0445,P014,2025-10-19 0:00:00,5,530.04,20,424.03,4,Returned,Card
O14962,C0370,P050,2024-04-03 0:00:00,2,1532.69,5,1456.06,9,Returned,Card
O14963,C0221,P057,2026-03-22 0:00:00,4,5627,0,5627,6,delivered,COD
O14964,C0039,P044,2024-05-19 0:00:00,4,5677.11,15,4825.54,10,Returned,UPI
O14965,C0052,P002,2025-04-13 0:00:00,3,7548.56,5,7171.13,1,DELIVERED,Wallet
O14966,C0218,P029,2025-04-03 0:00:00,2,3591.8,15,3053.03,4,Delivered,Wallet
O14967,C0225,P031,2023-05-16 0:00:00,4,6162.65,0,6162.65,11,Cancelled,UPI
O14968,C0314,P077,2025-12-22 0:00:00,5,3372.76,0,3372.76,6,Returned,Wallet
O14969,C0150,P098,2026-03-07 0:00:00,3,7283.26,15,6190.77,5,Returned,COD
O14970,C0236,P060,2026-03-29 0:00:00,5,2327.75,0,2327.75,10,Delivered,Card
O14971,C0371,P053,2026-02-13 0:00:00,1,6195.9,5,5886.1,5,DELIVERED,Card
O14972,C0480,P097,2024-10-19 0:00:00,4,2099.89,0,2099.89,10,Cancelled,UPI
O14973,C0487,P015,2025-04-18 0:00:00,1,9830.82,0,9830.82,12,DELIVERED,COD
O14974,C0425,P089,2025-11-02 0:00:00,1,6500.03,10,5850.03,4,Delivered,Wallet
O14975,C0177,P050,2025-03-27 0:00:00,2,5097.18,15,4332.6,3,Delivered,Wallet
O14976,C0040,P020,2023-01-29 0:00:00,5,5530.32,15,4700.77,9,Cancelled,Wallet
O14977,C0083,P016,2025-06-19 0:00:00,4,3735.35,20,2988.28,7,DELIVERED,Wallet
O14978,C0363,P045,2025-03-02 0:00:00,1,6404.37,20,5123.5,1,Cancelled,Wallet
O14979,C0135,P049,2026-01-17 0:00:00,5,5161.85,0,5161.85,7,DELIVERED,UPI
O14980,C0228,P080,2025-04-29 0:00:00,5,9847.9,15,8370.72,8,Delivered,Wallet
O14981,C0249,P023,2024-02-17 0:00:00,5,1301.78,0,1301.78,6,Returned,Wallet
O14982,C0249,P008,2025-09-20 0:00:00,2,3666.95,20,2933.56,11,delivered,COD
O14983,C0111,P066,2023-08-21 0:00:00,4,4427.01,15,3762.96,9,Delivered,Wallet
O14984,C0293,P049,2023-01-08 0:00:00,4,7811.16,0,7811.16,5,Cancelled,Wallet
O14985,C0419,P007,2023-09-09 0:00:00,1,6281.02,10,5652.92,1,DELIVERED,Wallet
O14986,C0335,P064,2025-05-04 0:00:00,5,1836.59,5,1744.76,8,delivered,Card
O14987,C0144,P014,2023-02-04 0:00:00,2,8145.36,0,8145.36,2,delivered,Wallet
O14988,C0489,P028,2025-02-01 0:00:00,4,1663.83,0,1663.83,10,DELIVERED,Card
O14989,C0499,P025,2023-05-31 0:00:00,2,7683.58,5,7299.4,8,delivered,Wallet
O14990,C0309,P004,2024-11-28 0:00:00,3,7552.58,10,6797.32,1,Delivered,Wallet
O14991,C0219,P094,2023-08-12 0:00:00,5,6364.55,5,6046.32,5,Returned,UPI
O14992,C0424,P002,2023-02-24 0:00:00,3,1357.61,5,1289.73,1,Returned,Wallet
O14993,C0318,P064,2024-04-12 0:00:00,2,7279.13,0,7279.13,10,delivered,UPI
O14994,C0195,P004,2024-12-21 0:00:00,4,4109.73,20,3287.78,5,DELIVERED,UPI
O14995,C0310,P037,2026-01-09 0:00:00,5,2982.46,10,2684.21,9,delivered,COD
O14996,C0343,P041,2025-02-04 0:00:00,2,4572.83,0,4572.83,6,DELIVERED,COD
O14997,C0236,P004,2025-04-30 0:00:00,1,1869.53,0,1869.53,1,DELIVERED,Wallet
O14998,C0333,P038,2024-06-21 0:00:00,2,506.63,0,506.63,4,delivered,Wallet
O14999,C0465,P088,2024-05-19 0:00:00,3,7898,5,7503.1,4,delivered,Wallet
O15000,C0372,P048,2025-12-17 0:00:00,3,8612.53,5,8181.9,11,Cancelled,COD
O15001,C0272,P063,2025-06-24 0:00:00,3,5856.55,20,4685.24,6,DELIVERED,Card
O15002,C0305,P045,2024-09-05 0:00:00,4,968.33,0,968.33,9,Cancelled,Wallet
O15003,C0414,P044,2025-05-10 0:00:00,5,2636.49,15,2241.02,5,DELIVERED,Wallet
O15004,C0162,P098,2025-07-01 0:00:00,4,3654.2,15,3106.07,7,delivered,COD
O15005,C0216,P063,2026-03-17 0:00:00,5,8813,20,7050.4,12,Cancelled,UPI
O15006,C0197,P060,2023-08-27 0:00:00,3,1242.16,5,1180.05,9,delivered,COD
O15007,C0220,P010,2024-09-18 0:00:00,4,7947.61,5,7550.23,7,DELIVERED,Wallet
O15008,C0054,P058,2023-12-07 0:00:00,2,8643.01,20,6914.41,8,DELIVERED,Wallet
O15009,C0442,P025,2026-04-09 0:00:00,3,8551.14,20,6840.91,3,Returned,Wallet
O15010,C0422,P043,2025-10-09 0:00:00,1,9419.55,10,8477.59,3,DELIVERED,Wallet
O15011,C0194,P087,2025-12-20 0:00:00,2,1852.45,5,1759.83,11,delivered,Card
O15012,C0075,P090,2023-05-03 0:00:00,5,2569.73,5,2441.24,5,Delivered,COD
O15013,C0118,P075,2024-01-27 0:00:00,5,2299.28,20,1839.42,6,DELIVERED,Wallet
O15014,C0468,P036,2025-08-25 0:00:00,4,1150.29,20,920.23,10,DELIVERED,Wallet
O15015,C0035,P029,2026-03-31 0:00:00,4,8720.47,10,7848.42,2,Returned,COD
O15016,C0417,P094,2025-08-22 0:00:00,1,3264.28,0,3264.28,10,Cancelled,UPI
O15017,C0160,P020,2023-08-26 0:00:00,4,5741.23,0,5741.23,11,delivered,UPI
O15018,C0197,P006,2023-05-19 0:00:00,1,1692.68,0,1692.68,1,Cancelled,COD
O15019,C0387,P091,2025-11-21 0:00:00,4,6672.42,5,6338.8,6,DELIVERED,UPI
O15020,C0286,P090,2025-12-14 0:00:00,3,7334.73,10,6601.26,11,Returned,Wallet
O15021,C0138,P046,2025-03-28 0:00:00,2,7753.28,20,6202.62,3,Returned,Wallet
O15022,C0474,P038,2024-09-11 0:00:00,3,609.3,0,609.3,10,delivered,COD
O15023,C0322,P092,2023-08-05 0:00:00,4,2451.83,10,2206.65,7,Cancelled,Wallet
O15024,C0070,P069,2025-12-06 0:00:00,5,3521.28,15,2993.09,9,delivered,Card
O15025,C0107,P051,2023-04-04 0:00:00,1,9533.46,10,8580.11,7,DELIVERED,Wallet
O15026,C0253,P049,2025-09-10 0:00:00,5,8117.93,10,7306.14,3,Delivered,Wallet
O15027,C0256,P031,2023-09-18 0:00:00,1,3560.36,0,3560.36,1,DELIVERED,Wallet
O15028,C0185,P099,2023-09-23 0:00:00,4,8534.81,10,7681.33,5,Cancelled,COD
O15029,C0111,P088,2023-09-28 0:00:00,5,7865.22,5,7471.96,4,Cancelled,Wallet
O15030,C0140,P080,2025-06-30 0:00:00,3,9596.21,15,8156.78,9,Delivered,COD
O15031,C0318,P041,2026-01-22 0:00:00,3,3049.47,5,2897,3,Returned,Wallet
O15032,C0189,P027,2024-01-20 0:00:00,4,3041.59,10,2737.43,9,Delivered,UPI
O15033,C0294,P041,2026-01-13 0:00:00,5,2028.6,10,1825.74,12,Cancelled,Wallet
O15034,C0416,P022,2024-03-07 0:00:00,5,6409.7,20,5127.76,8,Delivered,UPI
O15035,C0373,P062,2025-04-23 0:00:00,5,7662.09,20,6129.67,12,Returned,Wallet
O15036,C0156,P003,2025-02-28 0:00:00,5,1651.8,5,1569.21,5,DELIVERED,UPI
O15037,C0146,P043,2024-02-13 0:00:00,2,2859.97,5,2716.97,2,Delivered,Card
O15038,C0269,P033,2023-01-12 0:00:00,4,7751.56,10,6976.4,7,delivered,Wallet
O15039,C0397,P033,2026-02-28 0:00:00,5,4380.97,0,4380.97,7,Delivered,Wallet
O15040,C0071,P030,2024-08-04 0:00:00,4,661.64,0,661.64,6,delivered,Wallet
O15041,C0074,P019,2024-05-22 0:00:00,4,7993.07,5,7593.42,10,delivered,COD
O15042,C0444,P048,2024-12-16 0:00:00,1,7858.24,20,6286.59,5,delivered,UPI
O15043,C0437,P060,2023-12-30 0:00:00,5,7820.78,20,6256.62,12,Delivered,UPI
O15044,C0314,P042,2024-08-20 0:00:00,4,1702.62,0,1702.62,10,Returned,Wallet
O15045,C0007,P085,2024-01-17 0:00:00,5,6493.44,20,5194.75,1,delivered,Wallet
O15046,C0484,P063,2024-06-24 0:00:00,1,7548.54,20,6038.83,10,Returned,Wallet
O15047,C0104,P096,2023-01-18 0:00:00,1,868.59,0,868.59,10,Returned,Card
O15048,C0123,P038,2024-10-31 0:00:00,3,3297.62,5,3132.74,3,Returned,UPI
O15049,C0387,P095,2023-11-16 0:00:00,1,5009.41,20,4007.53,4,Returned,UPI
O15050,C0029,P095,2026-04-11 0:00:00,3,4756.4,0,4756.4,2,Cancelled,Card
O15051,C0321,P012,2024-01-19 0:00:00,3,2151.24,20,1720.99,7,Cancelled,Wallet
O15052,C0094,P060,2025-07-24 0:00:00,5,8564.24,20,6851.39,4,Cancelled,Wallet
O15053,C0435,P080,2024-11-29 0:00:00,4,7105.56,5,6750.28,8,delivered,COD
O15054,C0288,P095,2024-08-01 0:00:00,1,4113.8,20,3291.04,5,Returned,UPI
O15055,C0172,P022,2023-03-13 0:00:00,4,2758.83,10,2482.95,3,Returned,Wallet
O15056,C0376,P013,2023-04-12 0:00:00,3,7058.99,20,5647.19,10,delivered,Wallet
O15057,C0320,P047,2023-02-08 0:00:00,1,1791.21,5,1701.65,8,DELIVERED,Wallet
O15058,C0298,P048,2025-05-15 0:00:00,4,2033.85,20,1627.08,1,DELIVERED,Wallet
O15059,C0412,P057,2024-12-10 0:00:00,4,847.1,5,804.75,6,DELIVERED,Wallet
O15060,C0138,P069,2024-04-25 0:00:00,2,1532.03,15,1302.23,5,DELIVERED,Wallet
O15061,C0158,P069,2023-04-18 0:00:00,1,7456.72,0,7456.72,5,delivered,Card
O15062,C0048,P026,2023-04-16 0:00:00,2,9698.92,15,8244.08,5,Delivered,COD
O15063,C0042,P100,2024-09-04 0:00:00,4,5325.35,15,4526.55,7,Returned,Wallet
O15064,C0033,P089,2023-05-25 0:00:00,4,1122.63,10,1010.37,4,DELIVERED,COD
O15065,C0197,P097,2026-02-25 0:00:00,3,9565.86,5,9087.57,5,Delivered,UPI
O15066,C0282,P090,2023-08-05 0:00:00,3,798.91,0,798.91,5,delivered,UPI
O15067,C0208,P046,2024-10-15 0:00:00,1,8490.95,15,7217.31,9,Delivered,Card
O15068,C0181,P096,2023-06-17 0:00:00,3,9426.06,10,8483.45,6,Cancelled,Wallet
O15069,C0180,P086,2025-07-01 0:00:00,3,3689.67,5,3505.19,6,Cancelled,Wallet
O15070,C0010,P043,2025-10-26 0:00:00,4,1993.02,20,1594.42,5,DELIVERED,Wallet
O15071,C0321,P006,2024-08-25 0:00:00,5,9130.52,20,7304.42,3,Cancelled,COD
O15072,C0238,P017,2024-12-13 0:00:00,1,1574.41,20,1259.53,8,Delivered,COD
O15073,C0127,P046,2023-05-19 0:00:00,3,8493.34,20,6794.67,12,Delivered,COD
O15074,C0254,P016,2024-02-08 0:00:00,4,612.17,0,612.17,3,Delivered,Wallet
O15075,C0354,P010,2024-06-14 0:00:00,2,9149.54,15,7777.11,12,Delivered,Wallet
O15076,C0312,P003,2024-11-20 0:00:00,2,1097.42,5,1042.55,1,Cancelled,COD
O15077,C0083,P058,2025-09-27 0:00:00,4,606.46,0,606.46,8,Delivered,Wallet
O15078,C0080,P089,2024-12-02 0:00:00,2,3406.17,20,2724.94,10,Cancelled,Wallet
O15079,C0295,P013,2024-02-22 0:00:00,3,7041.98,15,5985.68,9,Delivered,Wallet
O15080,C0365,P098,2024-01-08 0:00:00,2,4925.36,10,4432.82,4,Cancelled,Wallet
O15081,C0475,P096,2025-04-16 0:00:00,3,1708.78,15,1452.46,1,delivered,Wallet
O15082,C0476,P060,2024-06-11 0:00:00,4,3468.46,15,2948.19,1,Cancelled,COD
O15083,C0208,P058,2025-05-08 0:00:00,2,7524.16,15,6395.54,10,Cancelled,Wallet
O15084,C0070,P003,2023-12-13 0:00:00,2,5110.65,5,4855.12,4,Cancelled,Wallet
O15085,C0086,P054,2024-01-13 0:00:00,2,3208.88,10,2887.99,2,delivered,Wallet
O15086,C0338,P049,2025-08-25 0:00:00,4,1345.33,0,1345.33,6,DELIVERED,Wallet
O15087,C0177,P063,2025-05-15 0:00:00,3,3841.23,0,3841.23,4,Returned,UPI
O15088,C0037,P005,2023-10-09 0:00:00,4,2941.76,20,2353.41,2,delivered,Wallet
O15089,C0068,P078,2025-09-28 0:00:00,5,667.81,20,534.25,7,Cancelled,UPI
O15090,C0069,P040,2023-07-09 0:00:00,3,4691.94,5,4457.34,7,Returned,UPI
O15091,C0337,P039,2024-12-02 0:00:00,1,7168.78,5,6810.34,1,Delivered,Wallet
O15092,C0236,P036,2023-12-16 0:00:00,4,9971.74,10,8974.57,3,Returned,COD
O15093,C0307,P024,2025-08-18 0:00:00,3,9456.11,5,8983.3,12,DELIVERED,Wallet
O15094,C0027,P086,2025-03-28 0:00:00,2,7475.27,5,7101.51,1,delivered,COD
O15095,C0325,P062,2024-04-14 0:00:00,2,3315.79,20,2652.63,11,Cancelled,UPI
O15096,C0287,P032,2025-08-11 0:00:00,1,8715.73,10,7844.16,3,DELIVERED,Wallet
O15097,C0372,P077,2024-09-07 0:00:00,3,1625.92,15,1382.03,7,Delivered,Wallet
O15098,C0173,P043,2024-06-26 0:00:00,1,2239.35,0,2239.35,7,Cancelled,Card
O15099,C0459,P043,2024-02-13 0:00:00,3,3847.13,10,3462.42,9,delivered,Wallet
O15100,C0349,P013,2025-11-13 0:00:00,5,9493.81,5,9019.12,5,DELIVERED,Wallet
O15101,C0140,P069,2024-12-09 0:00:00,1,4412.95,5,4192.3,9,Delivered,Wallet
O15102,C0499,P085,2023-03-09 0:00:00,2,5591.2,0,5591.2,8,Cancelled,Wallet
O15103,C0074,P040,2023-07-14 0:00:00,2,4451.99,10,4006.79,5,Delivered,Card
O15104,C0308,P079,2026-01-25 0:00:00,1,4317.95,0,4317.95,3,delivered,Wallet
O15105,C0242,P056,2024-10-27 0:00:00,2,9333.55,10,8400.19,7,DELIVERED,UPI
O15106,C0465,P080,2024-06-04 0:00:00,2,8968.95,5,8520.5,11,Returned,UPI
O15107,C0328,P064,2025-12-08 0:00:00,5,2462.02,10,2215.82,7,Delivered,UPI
O15108,C0413,P012,2024-10-24 0:00:00,2,704.94,0,704.94,1,Returned,Wallet
O15109,C0477,P040,2024-06-22 0:00:00,2,6032.83,0,6032.83,8,Delivered,UPI
O15110,C0087,P064,2023-10-24 0:00:00,5,7983.84,0,7983.84,2,DELIVERED,Card
O15111,C0106,P092,2024-04-29 0:00:00,3,2761.72,10,2485.55,8,Returned,COD
O15112,C0086,P074,2023-12-09 0:00:00,3,3742.87,20,2994.3,9,DELIVERED,UPI
O15113,C0075,P089,2024-09-14 0:00:00,4,8064.59,15,6854.9,5,DELIVERED,COD
O15114,C0262,P056,2024-05-23 0:00:00,3,6081.19,0,6081.19,9,Delivered,COD
O15115,C0324,P027,2025-12-12 0:00:00,1,4181.79,15,3554.52,7,delivered,Wallet
O15116,C0457,P018,2023-05-14 0:00:00,1,1582.03,5,1502.93,12,Cancelled,Wallet
O15117,C0339,P095,2023-04-09 0:00:00,4,6625.36,5,6294.09,4,Delivered,UPI
O15118,C0019,P051,2024-02-19 0:00:00,2,4624.26,5,4393.05,3,Returned,Wallet
O15119,C0378,P039,2025-10-17 0:00:00,2,5129.05,0,5129.05,7,DELIVERED,Wallet
O15120,C0005,P082,2025-07-31 0:00:00,2,2370.7,0,2370.7,2,Cancelled,Wallet
O15121,C0178,P078,2023-12-19 0:00:00,1,7750.09,0,7750.09,6,Cancelled,UPI
O15122,C0034,P060,2025-06-18 0:00:00,3,9077.42,0,9077.42,4,Delivered,UPI
O15123,C0371,P023,2025-08-26 0:00:00,3,4903.08,5,4657.93,12,delivered,UPI
O15124,C0087,P008,2025-12-27 0:00:00,1,7452.9,10,6707.61,10,Returned,Wallet
O15125,C0231,P010,2025-09-29 0:00:00,4,1179.98,20,943.98,2,Cancelled,UPI
O15126,C0173,P072,2026-02-15 0:00:00,5,1303,15,1107.55,4,Returned,UPI
O15127,C0464,P040,2024-06-20 0:00:00,1,5184.89,20,4147.91,8,Cancelled,Wallet
O15128,C0298,P008,2025-10-16 0:00:00,5,9735.14,0,9735.14,6,Returned,Card
O15129,C0118,P036,2025-05-16 0:00:00,2,6504.86,20,5203.89,5,DELIVERED,UPI
O15130,C0226,P014,2024-03-13 0:00:00,3,5530.44,5,5253.92,3,delivered,Wallet
O15131,C0240,P061,2023-08-31 0:00:00,1,2926.19,15,2487.26,12,Delivered,Card
O15132,C0345,P099,2025-05-08 0:00:00,4,3540.19,0,3540.19,11,Returned,Wallet
O15133,C0287,P007,2025-07-17 0:00:00,4,8867.6,0,8867.6,11,Returned,Card
O15134,C0288,P009,2025-09-17 0:00:00,4,2951.05,15,2508.39,3,Returned,COD
O15135,C0135,P066,2023-01-10 0:00:00,5,9899.04,10,8909.14,4,Returned,Card
O15136,C0186,P054,2025-01-03 0:00:00,5,1246.74,20,997.39,5,DELIVERED,Card
O15137,C0436,P001,2023-11-07 0:00:00,3,9829.11,15,8354.74,3,Delivered,Wallet
O15138,C0368,P004,2025-03-30 0:00:00,4,2776.38,0,2776.38,10,DELIVERED,Wallet
O15139,C0155,P060,2025-02-24 0:00:00,4,7072.77,5,6719.13,2,Cancelled,Wallet
O15140,C0246,P045,2026-01-26 0:00:00,1,6251.6,15,5313.86,10,delivered,COD
O15141,C0255,P032,2023-01-14 0:00:00,5,4619.21,15,3926.33,10,Returned,Wallet
O15142,C0130,P079,2025-02-28 0:00:00,3,3140.31,0,3140.31,2,Delivered,Wallet
O15143,C0374,P043,2024-08-29 0:00:00,3,3126.42,0,3126.42,12,Cancelled,Wallet
O15144,C0420,P021,2024-05-01 0:00:00,1,1299.47,20,1039.58,11,Cancelled,COD
O15145,C0163,P067,2025-04-16 0:00:00,3,7787.26,20,6229.81,12,DELIVERED,COD
O15146,C0251,P017,2024-10-14 0:00:00,4,9395.38,10,8455.84,3,Returned,Wallet
O15147,C0142,P047,2023-11-26 0:00:00,5,3916.48,20,3133.18,1,delivered,Card
O15148,C0259,P060,2024-10-12 0:00:00,4,6537.97,15,5557.27,5,Returned,Wallet
O15149,C0350,P054,2025-04-08 0:00:00,5,9656.41,10,8690.77,11,DELIVERED,Card
O15150,C0142,P009,2024-03-06 0:00:00,3,1774.72,10,1597.25,11,Returned,COD
O15151,C0077,P080,2024-08-30 0:00:00,5,5948.85,20,4759.08,12,delivered,Wallet
O15152,C0341,P041,2025-11-19 0:00:00,1,951.22,15,808.54,11,Cancelled,Card
O15153,C0374,P024,2025-02-20 0:00:00,5,4209.01,20,3367.21,9,Delivered,Wallet
O15154,C0452,P063,2025-01-07 0:00:00,4,5652.52,10,5087.27,10,Cancelled,Card
O15155,C0401,P088,2024-05-15 0:00:00,1,1740.31,5,1653.29,5,Cancelled,Wallet
O15156,C0352,P040,2023-12-16 0:00:00,3,5869.7,20,4695.76,9,Delivered,UPI
O15157,C0320,P030,2024-02-29 0:00:00,1,6688.04,20,5350.43,4,Cancelled,Card
O15158,C0475,P071,2025-11-28 0:00:00,5,8507.61,5,8082.23,7,delivered,COD
O15159,C0420,P048,2025-08-14 0:00:00,3,9509.18,15,8082.8,1,Cancelled,Wallet
O15160,C0021,P085,2023-10-05 0:00:00,2,815.18,15,692.9,12,Returned,COD
O15161,C0010,P095,2023-07-25 0:00:00,5,8229.58,15,6995.14,3,Cancelled,UPI
O15162,C0244,P011,2024-11-12 0:00:00,1,8385.87,20,6708.7,11,Returned,COD
O15163,C0185,P054,2025-04-16 0:00:00,3,9372.86,0,9372.86,10,Cancelled,Wallet
O15164,C0220,P048,2025-04-19 0:00:00,4,1899.53,0,1899.53,3,Cancelled,UPI
O15165,C0355,P036,2024-02-18 0:00:00,1,9192.52,15,7813.64,3,Cancelled,Wallet
O15166,C0145,P037,2025-06-01 0:00:00,1,9130.34,10,8217.31,11,Returned,Card
O15167,C0307,P035,2025-02-03 0:00:00,2,4530.19,20,3624.15,8,Cancelled,COD
O15168,C0218,P026,2025-09-09 0:00:00,3,2777.53,0,2777.53,1,delivered,COD
O15169,C0461,P042,2024-12-23 0:00:00,3,7849.63,0,7849.63,3,delivered,Wallet
O15170,C0359,P031,2025-05-18 0:00:00,1,1845.3,0,1845.3,7,Cancelled,Wallet
O15171,C0210,P004,2025-09-29 0:00:00,2,3982.82,20,3186.26,12,Returned,COD
O15172,C0285,P071,2023-06-03 0:00:00,2,8321.25,10,7489.12,5,DELIVERED,Wallet
O15173,C0165,P033,2025-07-05 0:00:00,5,6780.81,0,6780.81,7,Delivered,UPI
O15174,C0034,P027,2023-03-18 0:00:00,4,7347.93,20,5878.34,8,DELIVERED,Wallet
O15175,C0488,P068,2025-03-04 0:00:00,3,1418.02,10,1276.22,1,delivered,Wallet
O15176,C0350,P065,2025-01-23 0:00:00,2,5817.36,0,5817.36,2,Returned,Card
O15177,C0063,P092,2024-12-13 0:00:00,3,1465.48,5,1392.21,5,Delivered,Wallet
O15178,C0316,P074,2025-09-29 0:00:00,4,6622.25,20,5297.8,11,delivered,Card
O15179,C0323,P094,2024-03-30 0:00:00,5,7507.35,0,7507.35,9,Cancelled,Wallet
O15180,C0113,P025,2024-12-24 0:00:00,5,7917.83,10,7126.05,12,delivered,COD
O15181,C0265,P035,2025-08-26 0:00:00,3,3090.76,0,3090.76,7,delivered,UPI
O15182,C0439,P036,2025-08-27 0:00:00,4,3385.77,20,2708.62,3,Returned,Card
O15183,C0347,P078,2025-09-14 0:00:00,2,5237.69,5,4975.81,9,Delivered,Card
O15184,C0113,P057,2024-12-05 0:00:00,2,3934,10,3540.6,10,Returned,COD
O15185,C0185,P041,2025-05-03 0:00:00,1,5897.94,10,5308.15,5,Delivered,Card
O15186,C0446,P026,2026-02-26 0:00:00,2,8225.13,10,7402.62,2,Returned,COD
O15187,C0215,P021,2023-05-04 0:00:00,1,8596.25,0,8596.25,12,Delivered,Card
O15188,C0235,P067,2023-02-19 0:00:00,4,3966.14,0,3966.14,5,delivered,Wallet
O15189,C0234,P001,2025-03-31 0:00:00,4,7623.38,5,7242.21,6,Returned,UPI
O15190,C0103,P012,2026-04-05 0:00:00,3,3352.96,10,3017.66,2,Delivered,UPI
O15191,C0313,P010,2024-08-18 0:00:00,3,1038.4,5,986.48,2,Cancelled,COD
O15192,C0486,P011,2025-04-26 0:00:00,2,7864.42,0,7864.42,4,Returned,COD
O15193,C0348,P034,2025-08-17 0:00:00,3,9925.55,0,9925.55,6,delivered,Wallet
O15194,C0306,P021,2024-04-18 0:00:00,3,2380.1,10,2142.09,12,DELIVERED,Card
O15195,C0301,P046,2023-09-16 0:00:00,4,6729.6,15,5720.16,2,Returned,UPI
O15196,C0412,P089,2025-10-31 0:00:00,2,8479.92,15,7207.93,6,DELIVERED,Wallet
O15197,C0333,P076,2024-09-24 0:00:00,4,1517.6,10,1365.84,10,DELIVERED,COD
O15198,C0127,P049,2025-07-11 0:00:00,2,7160.42,10,6444.38,6,Returned,Wallet
O15199,C0175,P041,2024-12-28 0:00:00,3,2965.86,20,2372.69,2,Cancelled,COD
O15200,C0276,P035,2025-03-14 0:00:00,2,6849.13,0,6849.13,1,Returned,Wallet
O15201,C0118,P071,2023-04-01 0:00:00,5,5664.76,15,4815.05,11,Returned,UPI
O15202,C0499,P085,2024-08-04 0:00:00,5,2107.13,20,1685.7,12,Delivered,Wallet
O15203,C0091,P039,2024-08-25 0:00:00,5,9706.93,15,8250.89,2,delivered,Card
O15204,C0472,P025,2025-07-09 0:00:00,1,2452.25,0,2452.25,9,Cancelled,UPI
O15205,C0232,P064,2026-01-22 0:00:00,4,2983.57,10,2685.21,6,DELIVERED,COD
O15206,C0304,P073,2024-09-03 0:00:00,3,2350.85,20,1880.68,2,DELIVERED,Wallet
O15207,C0052,P011,2024-12-07 0:00:00,4,8129.2,0,8129.2,12,Cancelled,Wallet
O15208,C0041,P031,2025-12-25 0:00:00,4,8223.58,5,7812.4,1,Delivered,Card
O15209,C0090,P040,2025-01-23 0:00:00,5,951.29,15,808.6,7,Returned,Card
O15210,C0119,P100,2024-07-27 0:00:00,5,3354.58,5,3186.85,2,DELIVERED,Wallet
O15211,C0245,P096,2023-11-21 0:00:00,1,3126.88,15,2657.85,7,Cancelled,Wallet
O15212,C0340,P083,2023-08-23 0:00:00,1,7919.96,15,6731.97,1,Delivered,COD
O15213,C0148,P073,2023-05-03 0:00:00,3,1500.93,0,1500.93,1,delivered,Wallet
O15214,C0347,P082,2024-07-19 0:00:00,3,4201.52,0,4201.52,3,Delivered,UPI
O15215,C0259,P050,2025-01-14 0:00:00,1,1804.68,10,1624.21,4,DELIVERED,UPI
O15216,C0131,P026,2023-12-23 0:00:00,4,3781.83,0,3781.83,8,Cancelled,COD
O15217,C0487,P059,2024-11-01 0:00:00,4,9171.12,20,7336.9,4,delivered,UPI
O15218,C0455,P098,2023-10-03 0:00:00,1,4033.3,15,3428.31,8,Cancelled,COD
O15219,C0443,P004,2024-07-20 0:00:00,4,1828.23,0,1828.23,4,Returned,Wallet
O15220,C0402,P094,2024-10-31 0:00:00,4,990.43,0,990.43,8,Cancelled,COD
O15221,C0007,P022,2026-01-05 0:00:00,2,7850.21,0,7850.21,12,Returned,Card
O15222,C0295,P057,2024-11-18 0:00:00,3,7509.66,0,7509.66,3,delivered,Wallet
O15223,C0281,P062,2025-03-17 0:00:00,4,1299.22,5,1234.26,5,Cancelled,Wallet
O15224,C0440,P085,2023-04-05 0:00:00,1,8202.47,0,8202.47,5,Cancelled,Wallet
O15225,C0467,P090,2025-02-15 0:00:00,3,4480.81,10,4032.73,7,Cancelled,Card
O15226,C0083,P019,2025-11-12 0:00:00,3,639.22,20,511.38,11,delivered,UPI
O15227,C0037,P024,2023-06-20 0:00:00,4,9478.15,5,9004.24,6,Cancelled,Wallet
O15228,C0187,P033,2023-09-25 0:00:00,1,4247.36,20,3397.89,10,Delivered,UPI
O15229,C0287,P008,2024-06-21 0:00:00,1,4271.77,15,3631,12,delivered,Wallet
O15230,C0095,P004,2023-09-04 0:00:00,3,7839.76,10,7055.78,12,Delivered,UPI
O15231,C0044,P074,2023-03-12 0:00:00,1,7566.28,10,6809.65,4,Cancelled,Wallet
O15232,C0400,P038,2024-02-12 0:00:00,4,8197.04,0,8197.04,6,Delivered,Wallet
O15233,C0393,P047,2025-03-16 0:00:00,1,9565.08,0,9565.08,7,Returned,Wallet
O15234,C0164,P018,2024-10-08 0:00:00,2,8612.97,10,7751.67,6,DELIVERED,Card
O15235,C0119,P081,2024-05-23 0:00:00,5,534.65,20,427.72,2,Cancelled,UPI
O15236,C0236,P020,2025-01-14 0:00:00,3,2668.04,20,2134.43,4,DELIVERED,UPI
O15237,C0003,P037,2023-08-29 0:00:00,4,7951.28,20,6361.02,3,Delivered,Wallet
O15238,C0286,P052,2024-10-27 0:00:00,5,7419.52,5,7048.54,10,DELIVERED,UPI
O15239,C0143,P069,2024-11-25 0:00:00,4,5465.56,10,4919,2,DELIVERED,Wallet
O15240,C0101,P066,2024-10-25 0:00:00,4,4183.57,5,3974.39,2,Returned,Card
O15241,C0123,P005,2025-04-11 0:00:00,1,3119.21,5,2963.25,6,Delivered,Wallet
O15242,C0499,P092,2023-07-31 0:00:00,2,2086.3,20,1669.04,10,Cancelled,Wallet
O15243,C0474,P080,2024-11-13 0:00:00,3,9663.09,5,9179.94,4,delivered,UPI
O15244,C0222,P082,2026-01-23 0:00:00,2,9444.69,0,9444.69,1,Returned,UPI
O15245,C0486,P063,2023-08-25 0:00:00,1,556.63,20,445.3,-1,DELIVERED,UPI
O15246,C0404,P099,2023-09-05 0:00:00,2,3907.09,15,3321.03,9,Delivered,Wallet
O15247,C0238,P052,2023-05-26 0:00:00,1,9448.86,10,8503.97,7,Cancelled,UPI
O15248,C0012,P023,2024-01-18 0:00:00,5,2501.39,10,2251.25,1,delivered,COD
O15249,C0366,P035,2026-01-23 0:00:00,2,3482.2,5,3308.09,5,delivered,Wallet
O15250,C0153,P047,2025-09-13 0:00:00,4,4528.37,0,4528.37,12,Delivered,UPI
O15251,C0416,P100,2023-12-28 0:00:00,3,5311.56,20,4249.25,10,DELIVERED,Wallet
O15252,C0206,P015,2024-09-02 0:00:00,2,673.58,15,572.54,5,delivered,Card
O15253,C0042,P026,2023-08-16 0:00:00,3,5035.6,10,4532.04,12,Delivered,UPI
O15254,C0232,P061,2024-10-04 0:00:00,5,9961.06,15,8466.9,1,DELIVERED,UPI
O15255,C0053,P007,2024-12-19 0:00:00,2,7891.75,5,7497.16,10,Delivered,Card
O15256,C0149,P043,2023-08-07 0:00:00,2,6750.92,20,5400.74,9,Cancelled,Wallet
O15257,C0219,P093,2025-10-18 0:00:00,2,3105.54,20,2484.43,8,Cancelled,Wallet
O15258,C0121,P042,2025-09-22 0:00:00,1,5798.62,0,5798.62,7,Cancelled,Wallet
O15259,C0154,P046,2025-12-20 0:00:00,2,782.33,15,664.98,11,Delivered,Wallet
O15260,C0488,P100,2024-01-16 0:00:00,4,3505.73,5,3330.44,5,Cancelled,COD
O15261,C0042,P089,2023-04-07 0:00:00,2,4787.73,10,4308.96,6,Returned,Wallet
O15262,C0275,P072,2023-08-31 0:00:00,5,2720.82,15,2312.7,8,delivered,Wallet
O15263,C0209,P045,2024-04-08 0:00:00,4,3429.31,10,3086.38,2,delivered,Wallet
O15264,C0339,P051,2025-05-17 0:00:00,1,7750.79,20,6200.63,6,Cancelled,COD
O15265,C0167,P018,2023-11-30 0:00:00,4,539.51,20,431.61,1,Delivered,Card
O15266,C0240,P085,2026-03-14 0:00:00,4,2952.18,20,2361.74,2,delivered,Wallet
O15267,C0405,P011,2023-04-23 0:00:00,1,6552.16,0,6552.16,6,DELIVERED,UPI
O15268,C0038,P074,2025-08-08 0:00:00,5,4756.45,15,4042.98,10,Delivered,Wallet
O15269,C0090,P022,2026-01-19 0:00:00,2,1839.86,10,1655.87,9,delivered,COD
O15270,C0434,P018,2024-07-03 0:00:00,5,8564,10,7707.6,8,Returned,UPI
O15271,C0315,P099,2025-12-26 0:00:00,3,749.57,20,599.66,7,Delivered,Wallet
O15272,C0285,P024,2023-04-16 0:00:00,2,1005.23,15,854.45,9,delivered,Wallet
O15273,C0217,P005,2024-07-09 0:00:00,3,2438.46,20,1950.77,7,Returned,Wallet
O15274,C0319,P093,2023-06-14 0:00:00,5,4537.18,0,4537.18,7,Delivered,Card
O15275,C0293,P078,2024-02-21 0:00:00,2,1078.26,20,862.61,11,Cancelled,Wallet
O15276,C0281,P072,2023-11-11 0:00:00,1,4188.81,15,3560.49,8,Delivered,Card
O15277,C0421,P033,2023-08-15 0:00:00,1,706.42,10,635.78,12,delivered,Wallet
O15278,C0042,P091,2024-09-18 0:00:00,2,7986.52,10,7187.87,7,Delivered,Wallet
O15279,C0069,P009,2025-10-11 0:00:00,2,949.52,15,807.09,10,Delivered,Wallet
O15280,C0205,P027,2023-10-15 0:00:00,5,8199.21,15,6969.33,9,Cancelled,COD
O15281,C0337,P099,2023-10-19 0:00:00,4,8021.28,15,6818.09,9,Delivered,COD
O15282,C0319,P052,2024-05-13 0:00:00,4,984.33,5,935.11,9,Returned,Card
O15283,C0124,P014,2023-08-22 0:00:00,5,1724.13,5,1637.92,4,Cancelled,Wallet
O15284,C0165,P094,2024-12-26 0:00:00,4,3472.49,10,3125.24,1,Cancelled,Wallet
O15285,C0272,P004,2023-03-13 0:00:00,1,2685.68,5,2551.4,5,Cancelled,Card
O15286,C0342,P023,2025-11-15 0:00:00,3,4552.32,15,3869.47,9,DELIVERED,Wallet
O15287,C0051,P069,2025-03-27 0:00:00,1,3731.11,10,3358,4,Cancelled,Wallet
O15288,C0184,P006,2024-07-13 0:00:00,2,9495.38,10,8545.84,3,Cancelled,Wallet
O15289,C0444,P059,2024-01-04 0:00:00,5,4443.86,20,3555.09,11,Cancelled,Wallet
O15290,C0148,P036,2025-09-21 0:00:00,4,8606,20,6884.8,4,DELIVERED,Wallet
O15291,C0183,P063,2025-05-22 0:00:00,2,6294.51,5,5979.78,7,Returned,Card
O15292,C0231,P097,2024-12-15 0:00:00,1,5136,5,4879.2,7,Delivered,Card
O15293,C0341,P042,2025-09-29 0:00:00,3,2591.84,15,2203.06,9,Delivered,Wallet
O15294,C0338,P002,2025-02-05 0:00:00,5,3833.1,10,3449.79,9,delivered,Wallet
O15295,C0477,P017,2024-10-25 0:00:00,3,4477.09,0,4477.09,1,Returned,UPI
O15296,C0362,P094,2023-05-01 0:00:00,3,8518.16,10,7666.34,3,Delivered,Card
O15297,C0226,P026,2025-01-01 0:00:00,1,4646.26,10,4181.63,7,Delivered,Wallet
O15298,C0483,P030,2025-10-20 0:00:00,5,7072.29,5,6718.68,1,Returned,Wallet
O15299,C0388,P065,2023-10-10 0:00:00,4,9306.92,20,7445.54,8,delivered,Wallet
O15300,C0219,P053,2025-06-09 0:00:00,2,8828.51,5,8387.08,8,delivered,Wallet
O15301,C0085,P069,2024-01-23 0:00:00,3,1365.36,15,1160.56,3,Delivered,Card
O15302,C0098,P083,2024-02-02 0:00:00,3,9353.9,15,7950.81,8,Cancelled,Card
O15303,C0448,P039,2024-06-26 0:00:00,4,6146.73,0,6146.73,6,Delivered,Wallet
O15304,C0423,P097,2023-06-15 0:00:00,4,5089.36,10,4580.42,2,Cancelled,Card
O15305,C0159,P087,2025-09-05 0:00:00,1,3030.12,15,2575.6,4,DELIVERED,UPI
O15306,C0182,P013,2023-10-29 0:00:00,1,4887.56,0,4887.56,6,Delivered,COD
O15307,C0159,P083,2023-04-15 0:00:00,5,8115.04,20,6492.03,7,Delivered,COD
O15308,C0087,P019,2024-10-02 0:00:00,1,4967.78,0,4967.78,1,delivered,COD
O15309,C0086,P004,2025-08-27 0:00:00,2,2466.82,20,1973.46,8,delivered,COD
O15310,C0419,P032,2023-05-22 0:00:00,1,8833.75,20,7067,4,delivered,Card
O15311,C0064,P048,2023-02-26 0:00:00,5,8564.08,10,7707.67,11,delivered,UPI
O15312,C0172,P079,2025-03-26 0:00:00,5,1495.84,20,1196.67,1,Delivered,UPI
O15313,C0309,P037,2024-05-16 0:00:00,3,6092.42,5,5787.8,7,Returned,COD
O15314,C0221,P015,2025-06-22 0:00:00,4,8268.19,0,8268.19,1,delivered,Card
O15315,C0249,P002,2026-03-28 0:00:00,1,4904.61,5,4659.38,7,Cancelled,COD
O15316,C0097,P077,2024-08-16 0:00:00,3,1094.49,5,1039.77,1,Cancelled,UPI
O15317,C0181,P078,2024-12-26 0:00:00,4,4098.89,5,3893.95,11,DELIVERED,Wallet
O15318,C0170,P017,2024-09-14 0:00:00,4,1944.36,0,1944.36,1,DELIVERED,UPI
O15319,C0294,P017,2025-02-15 0:00:00,4,7005.08,15,5954.32,9,delivered,Wallet
O15320,C0129,P052,2023-06-26 0:00:00,1,6813.86,10,6132.47,7,DELIVERED,Wallet
O15321,C0360,P070,2024-04-16 0:00:00,3,3492.98,20,2794.38,10,Returned,Wallet
O15322,C0266,P083,2025-03-03 0:00:00,5,1956.49,20,1565.19,1,DELIVERED,Wallet
O15323,C0125,P049,2025-08-06 0:00:00,5,3701.88,0,3701.88,10,Delivered,Card
O15324,C0070,P032,2025-05-27 0:00:00,1,4280.64,15,3638.54,6,Cancelled,COD
O15325,C0287,P039,2023-04-20 0:00:00,2,4602.52,20,3682.02,5,delivered,Card
O15326,C0079,P033,2023-12-29 0:00:00,3,580.94,5,551.89,12,Cancelled,COD
O15327,C0073,P099,2025-01-11 0:00:00,3,7360.96,15,6256.82,11,Cancelled,Wallet
O15328,C0256,P002,2026-02-12 0:00:00,3,7611.17,5,7230.61,2,Cancelled,COD
O15329,C0088,P093,2023-10-17 0:00:00,3,3293.36,10,2964.02,5,Delivered,COD
O15330,C0019,P014,2023-11-08 0:00:00,4,4340.24,15,3689.2,6,Delivered,UPI
O15331,C0277,P057,2024-02-28 0:00:00,2,6376.78,0,6376.78,10,Delivered,COD
O15332,C0068,P047,2025-02-04 0:00:00,1,1092.09,20,873.67,5,Cancelled,Card
O15333,C0425,P021,2025-08-31 0:00:00,3,9695,0,9695,10,Delivered,Card
O15334,C0393,P056,2025-12-05 0:00:00,3,7939.7,15,6748.74,11,Delivered,COD
O15335,C0361,P021,2023-08-19 0:00:00,1,701.49,0,701.49,6,Cancelled,UPI
O15336,C0219,P097,2023-03-01 0:00:00,3,9472.49,10,8525.24,2,Delivered,Card
O15337,C0186,P071,2025-05-31 0:00:00,3,2173.85,5,2065.16,3,delivered,Wallet
O15338,C0241,P017,2023-05-13 0:00:00,5,506.27,0,506.27,11,DELIVERED,Wallet
O15339,C0025,P084,2024-01-19 0:00:00,4,2220.4,20,1776.32,8,Returned,Wallet
O15340,C0104,P080,2024-09-10 0:00:00,2,6531.7,20,5225.36,2,DELIVERED,Wallet
O15341,C0229,P035,2025-09-28 0:00:00,3,5014.51,0,5014.51,8,delivered,Card
O15342,C0315,P056,2023-05-17 0:00:00,5,8216.06,20,6572.85,7,Delivered,Wallet
O15343,C0291,P089,2023-11-27 0:00:00,4,6082.34,0,6082.34,9,Returned,Card
O15344,C0303,P021,2025-04-08 0:00:00,4,9560.16,15,8126.14,4,DELIVERED,Wallet
O15345,C0202,P060,2024-06-07 0:00:00,5,4056.92,20,3245.54,1,Returned,COD
O15346,C0495,P047,2023-09-14 0:00:00,1,8483.16,5,8059,11,delivered,Card
O15347,C0312,P006,2025-04-26 0:00:00,1,844.02,5,801.82,2,DELIVERED,Wallet
O15348,C0253,P044,2024-11-08 0:00:00,2,8197.54,15,6967.91,4,Delivered,Card
O15349,C0237,P071,2023-11-28 0:00:00,5,7804.4,5,7414.18,4,DELIVERED,UPI
O15350,C0397,P051,2024-06-26 0:00:00,5,3006.11,0,3006.11,1,Returned,Card
O15351,C0016,P082,2025-05-07 0:00:00,5,2216.51,15,1884.03,7,Cancelled,Wallet
O15352,C0166,P066,2023-09-15 0:00:00,2,3746.86,20,2997.49,3,DELIVERED,UPI
O15353,C0047,P022,2024-12-27 0:00:00,3,5569.9,0,5569.9,4,delivered,UPI
O15354,C0117,P076,2025-10-05 0:00:00,3,5890.22,10,5301.2,6,delivered,Wallet
O15355,C0035,P050,2025-09-16 0:00:00,3,4100.78,10,3690.7,8,DELIVERED,Card
O15356,C0464,P077,2024-08-26 0:00:00,5,3054.31,15,2596.16,12,DELIVERED,Wallet
O15357,C0175,P074,2024-05-22 0:00:00,5,2579.91,5,2450.91,12,Delivered,COD
O15358,C0432,P054,2023-10-12 0:00:00,1,9954.59,5,9456.86,10,Returned,UPI
O15359,C0276,P077,2025-10-05 0:00:00,4,8183.52,0,8183.52,4,delivered,Card
O15360,C0262,P012,2024-03-07 0:00:00,1,5852.64,0,5852.64,9,Returned,Wallet
O15361,C0008,P080,2024-02-19 0:00:00,3,916.75,0,916.75,5,Delivered,Card
O15362,C0412,P084,2023-02-26 0:00:00,1,4147.39,0,4147.39,7,delivered,Card
O15363,C0318,P080,2025-12-31 0:00:00,4,5131.97,20,4105.58,9,Returned,COD
O15364,C0496,P056,2025-09-11 0:00:00,1,7256.57,0,7256.57,8,Cancelled,Wallet
O15365,C0003,P027,2026-01-31 0:00:00,5,9706.8,0,9706.8,6,DELIVERED,Card
O15366,C0206,P047,2023-01-27 0:00:00,5,8858.4,5,8415.48,11,Cancelled,COD
O15367,C0377,P067,2024-06-27 0:00:00,2,4658.9,20,3727.12,1,DELIVERED,UPI
O15368,C0435,P059,2024-01-08 0:00:00,5,4647.88,5,4415.49,4,DELIVERED,Wallet
O15369,C0279,P096,2026-02-25 0:00:00,1,2136.18,10,1922.56,12,Delivered,Wallet
O15370,C0353,P081,2025-12-09 0:00:00,3,6594.11,15,5604.99,8,Returned,COD
O15371,C0448,P080,2025-10-22 0:00:00,2,1100.43,10,990.39,6,DELIVERED,Wallet
O15372,C0459,P046,2024-06-24 0:00:00,2,6297.92,15,5353.23,11,Returned,COD
O15373,C0172,P088,2025-08-02 0:00:00,3,5001.94,0,5001.94,8,DELIVERED,UPI
O15374,C0034,P010,2023-10-15 0:00:00,3,6018.91,0,6018.91,10,Delivered,Wallet
O15375,C0419,P089,2026-02-13 0:00:00,2,5960.91,0,5960.91,5,Returned,Wallet
O15376,C0102,P002,2024-02-28 0:00:00,1,7410.4,5,7039.88,6,DELIVERED,UPI
O15377,C0343,P086,2023-09-03 0:00:00,4,7038.76,15,5982.95,10,delivered,Card
O15378,C0325,P027,2024-09-24 0:00:00,4,6521.39,10,5869.25,8,DELIVERED,COD
O15379,C0256,P084,2024-08-29 0:00:00,4,7267.3,10,6540.57,11,Returned,Card
O15380,C0321,P009,2025-01-05 0:00:00,2,9143.62,5,8686.44,10,Delivered,UPI
O15381,C0327,P033,2023-10-15 0:00:00,2,7081.41,20,5665.13,9,Delivered,Card
O15382,C0041,P064,2025-12-22 0:00:00,4,2777.16,5,2638.3,4,DELIVERED,Wallet
O15383,C0273,P062,2023-04-29 0:00:00,5,6179.76,20,4943.81,6,Delivered,COD
O15384,C0238,P032,2025-06-13 0:00:00,3,4024.09,20,3219.27,3,DELIVERED,COD
O15385,C0244,P071,2023-08-26 0:00:00,4,3179.74,20,2543.79,6,Cancelled,Wallet
O15386,C0218,P020,2023-01-23 0:00:00,2,9794.64,10,8815.18,4,DELIVERED,Wallet
O15387,C0390,P001,2023-08-26 0:00:00,5,6476.4,0,6476.4,12,delivered,Wallet
O15388,C0379,P097,2023-12-17 0:00:00,4,2649.65,0,2649.65,2,DELIVERED,Wallet
O15389,C0412,P035,2026-04-03 0:00:00,5,7636.9,5,7255.05,3,delivered,Wallet
O15390,C0038,P005,2026-03-27 0:00:00,3,1106.86,0,1106.86,12,Delivered,Card
O15391,C0003,P056,2025-03-15 0:00:00,2,9058.72,0,9058.72,5,Delivered,Wallet
O15392,C0136,P089,2024-12-03 0:00:00,4,8043.18,20,6434.54,2,Returned,Wallet
O15393,C0112,P080,2025-01-21 0:00:00,1,9029.57,20,7223.66,9,DELIVERED,COD
O15394,C0112,P099,2024-01-13 0:00:00,3,9994.9,15,8495.66,3,DELIVERED,Wallet
O15395,C0171,P043,2025-11-20 0:00:00,4,3208.83,20,2567.06,5,Delivered,Wallet
O15396,C0198,P031,2023-11-03 0:00:00,5,6254.34,5,5941.62,8,Returned,Wallet
O15397,C0311,P082,2025-05-23 0:00:00,3,1791.47,20,1433.18,2,DELIVERED,Wallet
O15398,C0225,P003,2023-09-18 0:00:00,1,8754.92,0,8754.92,6,Delivered,COD
O15399,C0352,P072,2024-11-23 0:00:00,1,4332.8,15,3682.88,6,delivered,Wallet
O15400,C0271,P057,2025-12-10 0:00:00,5,7244.85,20,5795.88,7,Delivered,Wallet
O15401,C0052,P044,2025-07-30 0:00:00,4,3985.05,5,3785.8,2,Delivered,COD
O15402,C0278,P027,2023-10-13 0:00:00,3,7265.34,5,6902.07,1,Delivered,Card
O15403,C0046,P098,2025-01-04 0:00:00,3,5961.18,5,5663.12,8,Cancelled,Wallet
O15404,C0014,P071,2026-03-17 0:00:00,2,8736.48,0,8736.48,7,Cancelled,UPI
O15405,C0311,P041,2025-09-02 0:00:00,5,3613.02,0,3613.02,3,DELIVERED,Wallet
O15406,C0157,P052,2024-06-14 0:00:00,1,5424.22,0,5424.22,2,delivered,COD
O15407,C0393,P005,2023-05-26 0:00:00,1,4352.85,0,4352.85,9,Delivered,UPI
O15408,C0410,P039,2026-02-15 0:00:00,1,7765.93,0,7765.93,2,delivered,COD
O15409,C0077,P074,2023-11-22 0:00:00,1,872.64,20,698.11,9,Returned,UPI
O15410,C0249,P094,2024-12-10 0:00:00,4,7107.52,5,6752.14,11,Cancelled,Wallet
O15411,C0118,P005,2024-03-15 0:00:00,1,7404.43,10,6663.99,3,delivered,COD
O15412,C0483,P032,2026-03-01 0:00:00,4,4187.84,5,3978.45,4,delivered,UPI
O15413,C0451,P028,2025-07-02 0:00:00,2,8923.34,20,7138.67,4,Cancelled,Wallet
O15414,C0067,P044,2025-03-29 0:00:00,1,6580.15,0,6580.15,8,Delivered,COD
O15415,C0357,P011,2023-10-24 0:00:00,1,6015.72,15,5113.36,2,Returned,Card
O15416,C0491,P021,2026-03-01 0:00:00,2,6275.76,10,5648.18,8,Delivered,Wallet
O15417,C0318,P065,2023-08-18 0:00:00,1,9865.93,5,9372.63,4,DELIVERED,UPI
O15418,C0397,P055,2025-03-23 0:00:00,4,5735.21,20,4588.17,8,Returned,Card
O15419,C0448,P032,2024-02-21 0:00:00,3,6931.57,20,5545.26,1,Cancelled,UPI
O15420,C0110,P013,2025-04-04 0:00:00,3,9874.39,10,8886.95,2,Returned,Wallet
O15421,C0388,P083,2025-05-26 0:00:00,3,9973.14,5,9474.48,7,DELIVERED,Card
O15422,C0408,P069,2023-06-11 0:00:00,3,2690.32,5,2555.8,9,DELIVERED,Wallet
O15423,C0040,P083,2025-07-04 0:00:00,2,1784.76,15,1517.05,5,Returned,Wallet
O15424,C0408,P095,2023-05-05 0:00:00,5,2993.03,20,2394.42,7,Returned,COD
O15425,C0175,P027,2023-02-26 0:00:00,3,3134.81,20,2507.85,6,Cancelled,COD
O15426,C0414,P043,2026-02-12 0:00:00,5,8128.47,15,6909.2,11,Delivered,Wallet
O15427,C0286,P017,2023-09-04 0:00:00,1,5503.78,0,5503.78,6,DELIVERED,COD
O15428,C0365,P039,2025-11-23 0:00:00,3,1651.98,0,1651.98,1,delivered,COD
O15429,C0228,P016,2025-03-05 0:00:00,4,2645.44,5,2513.17,6,delivered,Wallet
O15430,C0351,P044,2025-02-02 0:00:00,3,8299.61,20,6639.69,6,Returned,Card
O15431,C0171,P047,2023-10-03 0:00:00,2,5976.96,10,5379.26,1,Cancelled,Wallet
O15432,C0102,P075,2023-07-01 0:00:00,4,1062.06,15,902.75,10,DELIVERED,UPI
O15433,C0285,P044,2024-01-11 0:00:00,3,9123.51,20,7298.81,12,delivered,Wallet
O15434,C0335,P044,2025-05-29 0:00:00,3,5905.43,15,5019.62,8,DELIVERED,Wallet
O15435,C0072,P095,2023-12-08 0:00:00,1,4547.72,10,4092.95,11,delivered,UPI
O15436,C0128,P056,2025-04-28 0:00:00,1,2177.14,5,2068.28,8,Cancelled,UPI
O15437,C0297,P007,2025-02-26 0:00:00,3,5437.84,20,4350.27,12,Returned,UPI
O15438,C0007,P054,2025-05-15 0:00:00,3,7653.66,0,7653.66,2,delivered,Card
O15439,C0332,P031,2024-01-20 0:00:00,1,5895.79,0,5895.79,12,delivered,Wallet
O15440,C0411,P092,2026-01-13 0:00:00,1,7893.33,20,6314.66,6,delivered,COD
O15441,C0191,P004,2025-11-28 0:00:00,4,6686.91,20,5349.53,2,delivered,Wallet
O15442,C0477,P097,2026-02-27 0:00:00,2,2424.75,10,2182.28,6,Cancelled,Wallet
O15443,C0161,P052,2024-06-23 0:00:00,2,3456.06,0,3456.06,7,delivered,Card
O15444,C0119,P034,2024-06-09 0:00:00,4,4454.32,15,3786.17,8,Returned,UPI
O15445,C0090,P084,2025-01-05 0:00:00,3,6368.68,20,5094.94,8,DELIVERED,Card
O15446,C0049,P085,2025-05-21 0:00:00,3,3186.54,15,2708.56,3,DELIVERED,COD
O15447,C0495,P077,2024-09-25 0:00:00,1,1039.57,15,883.63,1,DELIVERED,Wallet
O15448,C0331,P075,2023-02-26 0:00:00,3,827.63,5,786.25,1,Returned,COD
O15449,C0202,P070,2025-11-01 0:00:00,4,4175.89,5,3967.1,10,DELIVERED,UPI
O15450,C0214,P063,2023-09-26 0:00:00,5,4715.64,15,4008.29,8,delivered,Wallet
O15451,C0061,P041,2025-07-20 0:00:00,4,4780.28,5,4541.27,9,Delivered,Wallet
O15452,C0114,P024,2024-06-23 0:00:00,3,9456.88,5,8984.04,7,DELIVERED,Wallet
O15453,C0278,P019,2024-09-26 0:00:00,2,6742.22,10,6068,4,Returned,Wallet
O15454,C0358,P074,2024-05-06 0:00:00,2,5128.42,10,4615.58,9,delivered,Wallet
O15455,C0174,P005,2023-08-16 0:00:00,5,9217.13,0,9217.13,5,delivered,Wallet
O15456,C0022,P013,2025-05-22 0:00:00,2,529.88,5,503.39,8,DELIVERED,Wallet
O15457,C0077,P061,2024-08-26 0:00:00,2,6507.37,0,6507.37,10,Delivered,Wallet
O15458,C0316,P043,2025-07-10 0:00:00,5,1966.68,0,1966.68,7,DELIVERED,UPI
O15459,C0356,P078,2023-01-10 0:00:00,5,3069.23,20,2455.38,7,Delivered,Card
O15460,C0052,P090,2025-12-01 0:00:00,1,2536.83,0,2536.83,2,delivered,Wallet
O15461,C0282,P059,2023-12-23 0:00:00,5,9539.18,5,9062.22,6,DELIVERED,COD
O15462,C0425,P061,2024-09-24 0:00:00,4,8024.13,0,8024.13,2,DELIVERED,COD
O15463,C0176,P090,2024-06-16 0:00:00,1,6541.32,15,5560.12,12,Returned,UPI
O15464,C0442,P009,2023-10-01 0:00:00,5,9342.24,5,8875.13,10,Delivered,UPI
O15465,C0131,P086,2025-08-09 0:00:00,1,6539.72,5,6212.73,7,Cancelled,Card
O15466,C0004,P039,2024-12-07 0:00:00,5,5108.12,0,5108.12,6,Returned,COD
O15467,C0384,P031,2023-01-11 0:00:00,4,9895.16,5,9400.4,1,Returned,Wallet
O15468,C0282,P084,2025-10-15 0:00:00,2,9137.9,20,7310.32,5,delivered,COD
O15469,C0391,P064,2024-10-06 0:00:00,5,7958.8,20,6367.04,7,delivered,Card
O15470,C0183,P034,2025-08-14 0:00:00,2,6515.96,10,5864.36,12,DELIVERED,Wallet
O15471,C0017,P046,2026-02-26 0:00:00,3,6065.42,20,4852.34,5,Delivered,COD
O15472,C0303,P088,2023-05-29 0:00:00,4,9571.75,5,9093.16,10,delivered,Wallet
O15473,C0372,P083,2023-08-09 0:00:00,4,8288.36,15,7045.11,8,Cancelled,COD
O15474,C0309,P007,2024-07-29 0:00:00,2,7680.43,20,6144.34,3,Delivered,Wallet
O15475,C0295,P064,2023-06-06 0:00:00,3,3945.78,15,3353.91,7,Returned,UPI
O15476,C0349,P086,2025-10-02 0:00:00,1,7029.8,20,5623.84,1,Delivered,Card
O15477,C0415,P086,2025-08-07 0:00:00,5,3707.89,5,3522.5,8,delivered,Card
O15478,C0081,P024,2024-09-03 0:00:00,5,4960.93,15,4216.79,7,DELIVERED,COD
O15479,C0169,P056,2024-08-06 0:00:00,5,8552,20,6841.6,9,Delivered,Wallet
O15480,C0088,P051,2025-12-24 0:00:00,1,2465.06,20,1972.05,5,Cancelled,UPI
O15481,C0394,P067,2023-08-28 0:00:00,3,8311.6,5,7896.02,10,DELIVERED,Card
O15482,C0171,P090,2023-09-05 0:00:00,3,5502.11,20,4401.69,5,DELIVERED,Wallet
O15483,C0366,P037,2023-05-25 0:00:00,3,7091.88,10,6382.69,9,Delivered,COD
O15484,C0459,P094,2025-05-18 0:00:00,3,3445.92,0,3445.92,8,Cancelled,COD
O15485,C0026,P018,2024-08-08 0:00:00,3,5930.55,20,4744.44,8,DELIVERED,Wallet
O15486,C0215,P094,2024-05-13 0:00:00,2,1978.26,10,1780.43,3,DELIVERED,Wallet
O15487,C0139,P098,2024-10-22 0:00:00,4,1316.91,10,1185.22,4,Delivered,Wallet
O15488,C0306,P054,2025-11-02 0:00:00,1,5111.55,0,5111.55,8,Delivered,UPI
O15489,C0222,P053,2024-06-20 0:00:00,1,1822.5,5,1731.38,3,Returned,Wallet
O15490,C0218,P042,2025-05-08 0:00:00,5,5339.21,10,4805.29,5,DELIVERED,COD
O15491,C0279,P014,2025-01-24 0:00:00,4,7898.51,0,7898.51,6,DELIVERED,Wallet
O15492,C0319,P073,2025-02-17 0:00:00,1,884.28,20,707.42,7,Returned,COD
O15493,C0184,P014,2024-01-26 0:00:00,4,9449.9,20,7559.92,10,delivered,COD
O15494,C0165,P026,2026-01-16 0:00:00,5,9215.84,0,9215.84,9,Returned,Card
O15495,C0062,P056,2025-11-24 0:00:00,5,9974.74,20,7979.79,5,Returned,COD
O15496,C0223,P028,2025-04-14 0:00:00,5,9754.74,5,9267,8,Cancelled,Card
O15497,C0039,P093,2024-04-28 0:00:00,2,8973.42,5,8524.75,3,Delivered,UPI
O15498,C0312,P011,2023-05-08 0:00:00,1,4768.23,0,4768.23,4,Delivered,Card
O15499,C0473,P068,2024-06-04 0:00:00,3,9163.93,5,8705.73,5,Cancelled,UPI
O15500,C0131,P041,2023-12-01 0:00:00,2,7143.29,5,6786.13,3,delivered,Card
O15501,C0330,P086,2023-04-22 0:00:00,4,9472.2,15,8051.37,11,DELIVERED,COD
O15502,C0320,P087,2024-09-24 0:00:00,3,4044.13,5,3841.92,11,Returned,Wallet
O15503,C0401,P055,2025-12-19 0:00:00,4,6178.93,20,4943.14,6,Returned,Card
O15504,C0051,P086,2024-08-12 0:00:00,1,4624.7,20,3699.76,9,Cancelled,COD
O15505,C0281,P022,2023-11-19 0:00:00,5,1176.18,0,1176.18,8,delivered,Wallet
O15506,C0149,P030,2025-04-12 0:00:00,4,2297.8,5,2182.91,8,Cancelled,COD
O15507,C0215,P069,2024-08-09 0:00:00,1,8613.86,5,8183.17,7,DELIVERED,COD
O15508,C0451,P037,2023-12-06 0:00:00,4,2864.26,10,2577.83,11,Delivered,Card
O15509,C0463,P081,2024-05-25 0:00:00,4,5074.12,15,4313,9,Cancelled,Wallet
O15510,C0487,P055,2025-10-25 0:00:00,4,8366.22,0,8366.22,10,delivered,Wallet
O15511,C0212,P091,2025-12-31 0:00:00,1,7926.26,10,7133.63,1,Returned,Card
O15512,C0098,P058,2024-06-06 0:00:00,5,939.62,5,892.64,12,delivered,COD
O15513,C0204,P098,2025-03-31 0:00:00,2,6411.08,20,5128.86,5,Cancelled,Wallet
O15514,C0140,P016,2026-02-18 0:00:00,4,8525.68,5,8099.4,8,delivered,COD
O15515,C0446,P041,2025-11-20 0:00:00,2,3927.19,10,3534.47,10,Cancelled,UPI
O15516,C0015,P093,2023-09-23 0:00:00,5,7564.42,20,6051.54,2,Returned,Wallet
O15517,C0178,P046,2023-06-19 0:00:00,1,1698.55,0,1698.55,5,Cancelled,Card
O15518,C0316,P033,2024-09-25 0:00:00,2,3918.33,15,3330.58,1,DELIVERED,Card
O15519,C0350,P072,2025-10-05 0:00:00,3,8008.99,5,7608.54,5,delivered,Wallet
O15520,C0102,P069,2023-11-08 0:00:00,5,7020.04,10,6318.04,5,DELIVERED,COD
O15521,C0413,P042,2025-09-17 0:00:00,2,3766.1,0,3766.1,1,Returned,Card
O15522,C0095,P014,2025-01-26 0:00:00,5,5641.88,0,5641.88,12,DELIVERED,Card
O15523,C0459,P043,2025-05-03 0:00:00,4,9169.04,15,7793.68,10,Returned,UPI
O15524,C0413,P071,2024-07-08 0:00:00,3,7293.99,20,5835.19,2,Delivered,Wallet
O15525,C0375,P065,2024-06-09 0:00:00,3,2037.52,15,1731.89,6,Returned,Card
O15526,C0399,P040,2024-03-14 0:00:00,5,4431.41,5,4209.84,1,Delivered,COD
O15527,C0421,P074,2023-03-13 0:00:00,4,3671.4,5,3487.83,10,DELIVERED,Wallet
O15528,C0425,P062,2026-02-19 0:00:00,4,4520.88,5,4294.84,8,Cancelled,UPI
O15529,C0340,P037,2023-09-23 0:00:00,2,5569.32,15,4733.92,12,delivered,Wallet
O15530,C0058,P033,2025-05-24 0:00:00,4,8212.4,20,6569.92,7,Returned,Card
O15531,C0143,P089,2023-11-30 0:00:00,2,2481.3,10,2233.17,3,DELIVERED,Wallet
O15532,C0315,P076,2024-09-30 0:00:00,2,7033.55,0,7033.55,6,DELIVERED,COD
O15533,C0308,P063,2025-04-18 0:00:00,5,3704.54,20,2963.63,5,DELIVERED,Wallet
O15534,C0390,P010,2024-02-19 0:00:00,3,9076.67,0,9076.67,5,DELIVERED,UPI
O15535,C0211,P055,2025-01-02 0:00:00,1,6612.53,15,5620.65,3,Cancelled,Wallet
O15536,C0221,P022,2025-11-24 0:00:00,1,8440.87,10,7596.78,1,DELIVERED,Wallet
O15537,C0396,P007,2024-07-15 0:00:00,3,8317.52,10,7485.77,11,delivered,Card
O15538,C0100,P097,2024-02-07 0:00:00,3,7781,5,7391.95,3,DELIVERED,Card
O15539,C0195,P062,2025-01-30 0:00:00,2,8515.71,5,8089.92,1,delivered,COD
O15540,C0064,P088,2023-01-21 0:00:00,3,4069.96,0,4069.96,4,Delivered,Wallet
O15541,C0342,P053,2024-06-16 0:00:00,4,4590.3,15,3901.76,8,Returned,Wallet
O15542,C0446,P020,2024-12-23 0:00:00,5,1344.16,0,1344.16,12,Delivered,UPI
O15543,C0372,P085,2023-11-12 0:00:00,3,4090.24,5,3885.73,5,Returned,Card
O15544,C0040,P097,2024-02-02 0:00:00,2,3725.25,10,3352.72,6,Delivered,UPI
O15545,C0212,P017,2024-10-17 0:00:00,5,3225.16,15,2741.39,10,Delivered,UPI
O15546,C0419,P017,2023-06-02 0:00:00,5,6560.46,15,5576.39,2,delivered,UPI
O15547,C0111,P094,2023-02-10 0:00:00,5,4283.95,15,3641.36,3,DELIVERED,Wallet
O15548,C0456,P064,2025-07-11 0:00:00,5,3314.41,20,2651.53,10,DELIVERED,Wallet
O15549,C0116,P096,2023-09-03 0:00:00,4,9253.53,0,9253.53,2,Cancelled,Wallet
O15550,C0436,P050,2026-03-03 0:00:00,1,5702.39,5,5417.27,7,Returned,COD
O15551,C0230,P005,2023-09-30 0:00:00,3,8678.76,10,7810.88,10,delivered,Wallet
O15552,C0075,P009,2026-02-11 0:00:00,4,7051.03,5,6698.48,11,DELIVERED,COD
O15553,C0151,P024,2026-03-11 0:00:00,5,4083.81,20,3267.05,6,Returned,Wallet
O15554,C0229,P080,2025-09-24 0:00:00,3,5444.42,15,4627.76,9,DELIVERED,Wallet
O15555,C0341,P046,2024-11-11 0:00:00,4,7841.46,10,7057.31,7,Returned,UPI
O15556,C0109,P021,2024-09-08 0:00:00,3,1227.04,20,981.63,2,delivered,Wallet
O15557,C0147,P036,2025-03-19 0:00:00,3,2815.6,0,2815.6,6,delivered,COD
O15558,C0225,P051,2025-03-13 0:00:00,1,5140.75,15,4369.64,12,delivered,UPI
O15559,C0275,P051,2025-04-30 0:00:00,2,3781.89,5,3592.8,12,Delivered,Wallet
O15560,C0286,P028,2023-11-04 0:00:00,3,1245.83,0,1245.83,8,delivered,Wallet
O15561,C0122,P035,2024-02-11 0:00:00,5,1622.99,20,1298.39,12,Cancelled,Card
O15562,C0302,P068,2023-04-07 0:00:00,5,2799.6,15,2379.66,9,DELIVERED,Card
O15563,C0265,P091,2023-08-06 0:00:00,4,2637.7,15,2242.04,2,Delivered,UPI
O15564,C0261,P035,2025-11-25 0:00:00,1,1617.09,10,1455.38,11,Returned,COD
O15565,C0442,P098,2025-03-23 0:00:00,4,4852.46,20,3881.97,3,Returned,UPI
O15566,C0284,P051,2023-06-07 0:00:00,4,5717.87,10,5146.08,11,Returned,UPI
O15567,C0388,P078,2024-02-20 0:00:00,3,7734.76,15,6574.55,3,delivered,COD
O15568,C0017,P063,2026-03-12 0:00:00,5,8235.07,20,6588.06,7,Returned,Wallet
O15569,C0290,P061,2024-08-30 0:00:00,2,4727.41,10,4254.67,6,Cancelled,Wallet
O15570,C0398,P087,2023-11-19 0:00:00,2,2835.6,5,2693.82,9,Returned,COD
O15571,C0142,P061,2024-08-12 0:00:00,1,1314.54,0,1314.54,3,Delivered,COD
O15572,C0349,P023,2024-03-02 0:00:00,1,5533.24,0,5533.24,9,Returned,COD
O15573,C0112,P029,2024-11-10 0:00:00,1,9196.97,5,8737.12,10,Returned,Wallet
O15574,C0401,P053,2024-02-27 0:00:00,1,9364.28,0,9364.28,4,Returned,Wallet
O15575,C0005,P039,2023-02-10 0:00:00,3,5864.02,10,5277.62,2,Cancelled,Wallet
O15576,C0021,P090,2023-03-06 0:00:00,3,2433.32,0,2433.32,8,DELIVERED,UPI
O15577,C0335,P061,2025-06-22 0:00:00,1,3967.23,20,3173.78,1,Returned,COD
O15578,C0138,P050,2025-07-24 0:00:00,5,7815.58,10,7034.02,4,Cancelled,UPI
O15579,C0004,P079,2025-12-12 0:00:00,3,7359.44,20,5887.55,9,delivered,Wallet
O15580,C0351,P078,2025-06-19 0:00:00,5,9933.03,20,7946.42,11,delivered,UPI
O15581,C0191,P100,2026-01-08 0:00:00,3,9695.34,15,8241.04,5,Delivered,Card
O15582,C0111,P024,2025-07-15 0:00:00,2,3501.8,15,2976.53,8,DELIVERED,Wallet
O15583,C0108,P021,2023-04-27 0:00:00,3,4636.38,0,4636.38,1,Returned,COD
O15584,C0025,P023,2025-12-21 0:00:00,3,4403.97,20,3523.18,1,Returned,UPI
O15585,C0058,P056,2024-08-12 0:00:00,2,2331.47,10,2098.32,10,delivered,COD
O15586,C0098,P048,2025-11-27 0:00:00,4,6801.79,5,6461.7,2,delivered,Wallet
O15587,C0008,P034,2023-05-26 0:00:00,2,9591.68,15,8152.93,11,DELIVERED,UPI
O15588,C0190,P004,2024-11-24 0:00:00,1,9227.76,10,8304.98,4,Cancelled,Wallet
O15589,C0003,P065,2023-05-20 0:00:00,1,1233.73,0,1233.73,7,delivered,Wallet
O15590,C0342,P098,2025-08-11 0:00:00,2,5012.19,0,5012.19,7,delivered,Wallet
O15591,C0016,P048,2025-01-06 0:00:00,2,1717.35,10,1545.62,4,DELIVERED,Card
O15592,C0146,P007,2024-08-05 0:00:00,5,3370.1,10,3033.09,9,Cancelled,Card
O15593,C0224,P003,2024-05-18 0:00:00,4,9766.07,0,9766.07,11,Cancelled,COD
O15594,C0007,P031,2023-03-21 0:00:00,5,7971.36,0,7971.36,12,DELIVERED,Wallet
O15595,C0091,P027,2025-01-10 0:00:00,1,1950.96,20,1560.77,11,Cancelled,UPI
O15596,C0189,P043,2026-03-18 0:00:00,2,3527.04,15,2997.98,3,Delivered,Wallet
O15597,C0442,P097,2024-04-14 0:00:00,5,5671.71,5,5388.12,3,delivered,Wallet
O15598,C0105,P086,2025-08-15 0:00:00,4,7657.87,0,7657.87,5,DELIVERED,UPI
O15599,C0392,P014,2024-05-16 0:00:00,2,8382.27,5,7963.16,1,Returned,COD
O15600,C0400,P065,2025-02-12 0:00:00,2,7399.43,20,5919.54,5,DELIVERED,Card
O15601,C0092,P078,2023-05-12 0:00:00,1,2113.2,20,1690.56,5,delivered,COD
O15602,C0370,P056,2025-01-07 0:00:00,5,1918.6,10,1726.74,1,Returned,COD
O15603,C0074,P031,2025-09-15 0:00:00,3,2792.19,15,2373.36,9,delivered,Card
O15604,C0386,P047,2025-10-19 0:00:00,2,1622.32,0,1622.32,3,Returned,UPI
O15605,C0300,P055,2024-03-09 0:00:00,4,9910.96,10,8919.86,5,delivered,Card
O15606,C0083,P027,2024-07-05 0:00:00,2,4156.02,10,3740.42,3,Returned,Wallet
O15607,C0334,P093,2025-01-05 0:00:00,2,4352.63,5,4135,11,Returned,Wallet
O15608,C0178,P023,2024-08-28 0:00:00,5,7300.57,10,6570.51,3,delivered,Wallet
O15609,C0474,P020,2023-09-10 0:00:00,4,6418.97,10,5777.07,9,Delivered,UPI
O15610,C0001,P065,2026-01-03 0:00:00,2,1466.17,10,1319.55,8,delivered,UPI
O15611,C0354,P094,2025-05-07 0:00:00,2,4986.62,5,4737.29,2,delivered,UPI
O15612,C0271,P014,2023-03-11 0:00:00,2,4038.56,0,4038.56,3,Returned,COD
O15613,C0006,P090,2025-08-16 0:00:00,4,2852.67,15,2424.77,1,Returned,Card
O15614,C0041,P016,2023-07-05 0:00:00,4,2654.9,20,2123.92,11,delivered,UPI
O15615,C0152,P027,2023-09-22 0:00:00,2,9163.64,0,9163.64,8,Returned,UPI
O15616,C0231,P024,2025-07-02 0:00:00,2,582.82,20,466.26,12,delivered,COD
O15617,C0221,P093,2025-06-18 0:00:00,4,2392.01,10,2152.81,2,Cancelled,UPI
O15618,C0423,P058,2026-01-14 0:00:00,2,7877.21,15,6695.63,2,Cancelled,Wallet
O15619,C0444,P018,2024-06-28 0:00:00,2,2832.33,10,2549.1,2,delivered,Card
O15620,C0372,P036,2025-09-29 0:00:00,3,6152.23,0,6152.23,4,Returned,COD
O15621,C0434,P052,2023-12-11 0:00:00,5,4942.84,0,4942.84,11,delivered,Wallet
O15622,C0231,P065,2023-04-08 0:00:00,4,9765.35,10,8788.82,5,Cancelled,Wallet
O15623,C0124,P073,2025-08-22 0:00:00,2,894.74,15,760.53,7,Returned,COD
O15624,C0324,P074,2023-02-08 0:00:00,1,4598.38,15,3908.62,10,Returned,Wallet
O15625,C0303,P069,2023-07-10 0:00:00,2,6279.98,10,5651.98,2,Cancelled,Card
O15626,C0123,P074,2023-08-24 0:00:00,3,7380.2,0,7380.2,9,DELIVERED,Wallet
O15627,C0144,P003,2026-02-20 0:00:00,1,3373.73,5,3205.04,1,DELIVERED,Card
O15628,C0387,P008,2024-07-13 0:00:00,4,5162.48,20,4129.98,11,Delivered,UPI
O15629,C0037,P082,2024-02-18 0:00:00,2,7398.71,20,5918.97,7,Returned,Wallet
O15630,C0244,P028,2025-05-28 0:00:00,2,1136.25,10,1022.62,5,Delivered,Wallet
O15631,C0259,P042,2023-07-07 0:00:00,4,3514.32,15,2987.17,10,Delivered,Wallet
O15632,C0156,P033,2025-12-02 0:00:00,1,5208.67,10,4687.8,7,Delivered,Wallet
O15633,C0047,P087,2025-12-09 0:00:00,2,6135.15,10,5521.64,4,DELIVERED,COD
O15634,C0230,P073,2025-08-22 0:00:00,1,2010.03,0,2010.03,5,delivered,Card
O15635,C0465,P019,2023-11-22 0:00:00,2,4684.39,15,3981.73,5,Returned,UPI
O15636,C0268,P027,2023-08-03 0:00:00,3,2082.46,20,1665.97,7,Returned,Wallet
O15637,C0296,P078,2025-09-08 0:00:00,2,2849.32,5,2706.85,3,Returned,Card
O15638,C0336,P060,2025-06-12 0:00:00,2,5091.42,10,4582.28,4,Returned,UPI
O15639,C0442,P006,2024-08-12 0:00:00,2,7488.37,20,5990.7,7,Returned,COD
O15640,C0144,P007,2024-06-07 0:00:00,3,8648.38,20,6918.7,7,delivered,UPI
O15641,C0282,P036,2026-02-11 0:00:00,4,5355.29,5,5087.53,4,Returned,Wallet
O15642,C0499,P008,2024-12-08 0:00:00,4,7333.43,20,5866.74,7,Cancelled,Wallet
O15643,C0104,P047,2023-09-01 0:00:00,2,4740.85,15,4029.72,6,delivered,COD
O15644,C0421,P072,2024-03-20 0:00:00,3,7317.8,5,6951.91,8,Delivered,Wallet
O15645,C0349,P088,2024-09-22 0:00:00,3,542.57,10,488.31,8,Returned,UPI
O15646,C0324,P038,2024-12-09 0:00:00,3,6214.22,5,5903.51,4,Cancelled,COD
O15647,C0113,P062,2024-06-13 0:00:00,1,6555.98,0,6555.98,5,DELIVERED,Wallet
O15648,C0337,P099,2023-09-06 0:00:00,2,6645.4,5,6313.13,1,Delivered,Card
O15649,C0206,P047,2025-09-04 0:00:00,3,2302.93,15,1957.49,2,Returned,Wallet
O15650,C0402,P085,2025-09-30 0:00:00,2,2320.08,10,2088.07,9,Cancelled,COD
O15651,C0344,P060,2023-01-18 0:00:00,2,680.65,0,680.65,2,delivered,Wallet
O15652,C0187,P057,2025-01-17 0:00:00,2,9661.09,0,9661.09,7,DELIVERED,Wallet
O15653,C0175,P047,2024-04-06 0:00:00,2,8367.14,0,8367.14,7,Returned,Wallet
O15654,C0430,P076,2024-01-08 0:00:00,5,7429.79,10,6686.81,2,Delivered,Card
O15655,C0440,P006,2023-08-20 0:00:00,1,4896.49,10,4406.84,11,Cancelled,UPI
O15656,C0249,P041,2023-01-17 0:00:00,2,2584.15,10,2325.74,1,Returned,Wallet
O15657,C0262,P089,2025-03-04 0:00:00,1,2890.9,20,2312.72,9,Delivered,Card
O15658,C0398,P069,2024-10-24 0:00:00,5,7661.16,20,6128.93,2,Returned,UPI
O15659,C0274,P037,2026-03-09 0:00:00,2,2938.14,5,2791.23,9,Delivered,Card
O15660,C0363,P042,2025-04-13 0:00:00,1,4030.84,0,4030.84,4,DELIVERED,UPI
O15661,C0145,P085,2024-10-30 0:00:00,5,3519.56,10,3167.6,5,Returned,COD
O15662,C0345,P011,2023-05-29 0:00:00,3,5766.59,15,4901.6,9,Cancelled,Wallet
O15663,C0380,P099,2025-05-02 0:00:00,1,5180.76,15,4403.65,5,Cancelled,Wallet
O15664,C0199,P067,2024-02-05 0:00:00,4,6472.09,0,6472.09,1,Returned,Card
O15665,C0099,P071,2025-12-18 0:00:00,1,1996.13,10,1796.52,10,DELIVERED,COD
O15666,C0146,P020,2024-12-13 0:00:00,3,8681.63,0,8681.63,2,DELIVERED,COD
O15667,C0124,P083,2023-04-22 0:00:00,5,7874.09,5,7480.39,11,Delivered,Card
O15668,C0331,P095,2024-10-03 0:00:00,3,4010.44,10,3609.4,8,Cancelled,Wallet
O15669,C0015,P062,2024-09-20 0:00:00,5,4378.49,10,3940.64,3,Returned,Wallet
O15670,C0213,P073,2023-09-23 0:00:00,1,4261.94,5,4048.84,6,delivered,UPI
O15671,C0257,P100,2024-08-12 0:00:00,3,3306.8,10,2976.12,12,Returned,Wallet
O15672,C0323,P019,2026-03-20 0:00:00,1,1742.98,10,1568.68,1,Delivered,UPI
O15673,C0042,P078,2024-08-21 0:00:00,4,5534.58,5,5257.85,11,delivered,Card
O15674,C0079,P028,2023-04-20 0:00:00,4,9092.71,20,7274.17,9,Delivered,Wallet
O15675,C0446,P087,2025-03-26 0:00:00,2,7015.32,10,6313.79,5,Delivered,Wallet
O15676,C0261,P025,2024-08-10 0:00:00,1,1048.58,15,891.29,8,delivered,Wallet
O15677,C0217,P009,2026-02-16 0:00:00,1,7941.11,5,7544.05,5,delivered,Wallet
O15678,C0188,P049,2024-02-28 0:00:00,2,4914.84,15,4177.61,4,Returned,COD
O15679,C0196,P017,2024-05-08 0:00:00,1,8899.47,15,7564.55,12,DELIVERED,UPI
O15680,C0151,P084,2025-02-20 0:00:00,3,751.47,15,638.75,12,Delivered,Card
O15681,C0334,P090,2024-11-24 0:00:00,2,2379.88,20,1903.9,2,DELIVERED,COD
O15682,C0231,P059,2025-08-25 0:00:00,1,9314.04,15,7916.93,1,Returned,UPI
O15683,C0252,P040,2025-10-06 0:00:00,4,6957.07,5,6609.22,4,DELIVERED,Card
O15684,C0292,P086,2025-04-04 0:00:00,3,8984.94,15,7637.2,6,delivered,COD
O15685,C0238,P043,2025-03-29 0:00:00,2,5714.17,0,5714.17,3,DELIVERED,Card
O15686,C0207,P089,2026-04-07 0:00:00,2,8857.04,15,7528.48,6,delivered,Card
O15687,C0497,P060,2025-09-21 0:00:00,5,9066.39,10,8159.75,9,Returned,COD
O15688,C0067,P089,2025-02-27 0:00:00,5,9728.69,0,9728.69,6,Delivered,Wallet
O15689,C0482,P094,2025-10-04 0:00:00,5,2169.06,5,2060.61,12,Cancelled,UPI
O15690,C0050,P093,2024-02-16 0:00:00,1,1720.03,0,1720.03,2,DELIVERED,Wallet
O15691,C0384,P075,2023-09-20 0:00:00,1,4336.75,0,4336.75,12,Returned,Wallet
O15692,C0285,P063,2025-03-08 0:00:00,3,1242.53,10,1118.28,4,Delivered,Wallet
O15693,C0464,P043,2023-09-29 0:00:00,2,8540.22,0,8540.22,9,Returned,Wallet
O15694,C0221,P095,2023-05-15 0:00:00,3,4747.83,20,3798.26,9,delivered,Wallet
O15695,C0403,P003,2025-03-31 0:00:00,5,6256.94,0,6256.94,9,Returned,Wallet
O15696,C0352,P028,2024-10-04 0:00:00,4,8713.34,10,7842.01,3,Delivered,Card
O15697,C0012,P011,2026-04-13 0:00:00,3,867.17,0,867.17,4,Returned,Wallet
O15698,C0035,P020,2025-01-10 0:00:00,5,7992.8,0,7992.8,11,Cancelled,COD
O15699,C0388,P010,2025-09-14 0:00:00,5,4465.4,10,4018.86,2,delivered,Wallet
O15700,C0020,P050,2024-12-03 0:00:00,3,2193.37,15,1864.36,6,Cancelled,UPI
O15701,C0088,P069,2023-05-28 0:00:00,4,1263.52,15,1073.99,3,DELIVERED,UPI
O15702,C0170,P002,2023-09-03 0:00:00,3,3896.49,15,3312.02,10,Cancelled,Card
O15703,C0363,P087,2024-08-27 0:00:00,2,6099.89,15,5184.91,5,Cancelled,COD
O15704,C0074,P092,2024-08-20 0:00:00,3,7338.36,20,5870.69,5,Delivered,Wallet
O15705,C0188,P073,2024-10-08 0:00:00,2,8638.21,20,6910.57,9,Delivered,COD
O15706,C0098,P019,2023-07-30 0:00:00,4,6364.62,0,6364.62,1,Delivered,Card
O15707,C0074,P098,2024-07-31 0:00:00,5,7259.31,0,7259.31,3,Cancelled,Wallet
O15708,C0064,P076,2023-07-09 0:00:00,4,8635.16,20,6908.13,6,Delivered,Wallet
O15709,C0310,P053,2025-11-04 0:00:00,5,695.14,20,556.11,6,Returned,UPI
O15710,C0477,P056,2023-07-30 0:00:00,2,6447.12,20,5157.7,5,Delivered,COD
O15711,C0428,P082,2025-02-26 0:00:00,2,2986.75,10,2688.08,10,Cancelled,Wallet
O15712,C0257,P084,2025-03-01 0:00:00,2,2674.87,15,2273.64,2,Returned,Wallet
O15713,C0493,P015,2023-02-08 0:00:00,4,3699.68,5,3514.7,6,DELIVERED,UPI
O15714,C0089,P065,2023-06-16 0:00:00,2,8638.98,0,8638.98,9,delivered,Wallet
O15715,C0058,P060,2023-06-12 0:00:00,5,1814.36,20,1451.49,11,Returned,COD
O15716,C0286,P045,2023-12-17 0:00:00,3,4275.52,5,4061.74,4,delivered,UPI
O15717,C0318,P049,2024-09-29 0:00:00,4,7386.24,5,7016.93,2,Returned,Wallet
O15718,C0133,P030,2025-09-03 0:00:00,1,1447.61,10,1302.85,9,Cancelled,UPI
O15719,C0019,P086,2024-02-29 0:00:00,4,2201.79,5,2091.7,4,Delivered,Card
O15720,C0336,P011,2023-05-28 0:00:00,2,2472.22,20,1977.78,12,delivered,Wallet
O15721,C0033,P005,2025-04-25 0:00:00,5,5108.06,10,4597.25,8,DELIVERED,COD
O15722,C0113,P055,2023-04-27 0:00:00,5,2409.77,0,2409.77,10,Returned,Wallet
O15723,C0125,P038,2023-11-05 0:00:00,3,9464.66,5,8991.43,4,delivered,Wallet
O15724,C0326,P033,2024-12-28 0:00:00,2,1030.42,0,1030.42,9,Delivered,Wallet
O15725,C0451,P065,2025-04-03 0:00:00,4,5710.06,0,5710.06,5,Returned,UPI
O15726,C0182,P037,2023-01-26 0:00:00,3,9831.94,20,7865.55,5,delivered,Wallet
O15727,C0049,P080,2023-11-29 0:00:00,3,754.05,20,603.24,1,DELIVERED,Wallet
O15728,C0241,P009,2023-01-31 0:00:00,2,1156.59,0,1156.59,10,Cancelled,COD
O15729,C0123,P087,2026-02-05 0:00:00,3,6529.61,5,6203.13,4,Cancelled,UPI
O15730,C0033,P016,2026-03-26 0:00:00,5,950.09,10,855.08,3,Cancelled,COD
O15731,C0011,P067,2024-05-22 0:00:00,5,7531.78,0,7531.78,12,Delivered,Wallet
O15732,C0045,P072,2023-05-25 0:00:00,4,7261.28,10,6535.15,12,Cancelled,COD
O15733,C0304,P070,2024-02-24 0:00:00,4,7897.24,5,7502.38,9,Returned,Wallet
O15734,C0120,P060,2025-10-19 0:00:00,1,8695.32,15,7391.02,6,Cancelled,Card
O15735,C0235,P045,2025-12-17 0:00:00,1,7031.91,5,6680.31,12,Cancelled,COD
O15736,C0214,P009,2023-11-15 0:00:00,5,2601.31,20,2081.05,3,Delivered,Card
O15737,C0412,P020,2024-05-28 0:00:00,2,7418.92,10,6677.03,1,Returned,COD
O15738,C0253,P084,2024-04-21 0:00:00,3,4197.7,10,3777.93,1,delivered,Wallet
O15739,C0221,P057,2025-06-23 0:00:00,1,2143.13,5,2035.97,7,DELIVERED,Card
O15740,C0067,P089,2024-01-27 0:00:00,2,5990.34,10,5391.31,2,Delivered,Wallet
O15741,C0376,P069,2024-10-28 0:00:00,5,6751.22,10,6076.1,2,delivered,Wallet
O15742,C0395,P077,2025-02-22 0:00:00,3,3703.82,15,3148.25,10,DELIVERED,Wallet
O15743,C0110,P012,2025-11-07 0:00:00,3,3343.27,15,2841.78,8,Cancelled,Card
O15744,C0255,P004,2025-07-22 0:00:00,1,7886.82,5,7492.48,4,DELIVERED,COD
O15745,C0182,P016,2024-12-21 0:00:00,4,8674.58,5,8240.85,10,DELIVERED,COD
O15746,C0131,P072,2024-12-05 0:00:00,5,1282.16,15,1089.84,5,Cancelled,Card
O15747,C0189,P004,2024-11-24 0:00:00,5,6745.07,10,6070.56,2,Cancelled,Card
O15748,C0192,P071,2024-05-12 0:00:00,2,5570.14,15,4734.62,11,Cancelled,Wallet
O15749,C0046,P048,2026-03-31 0:00:00,4,9329.6,10,8396.64,11,Returned,COD
O15750,C0139,P093,2025-12-03 0:00:00,5,6258.82,10,5632.94,8,Delivered,UPI
O15751,C0211,P043,2023-02-23 0:00:00,1,2319.09,5,2203.14,4,Cancelled,UPI
O15752,C0389,P060,2025-04-23 0:00:00,3,7246.08,20,5796.86,6,DELIVERED,Wallet
O15753,C0484,P090,2023-08-12 0:00:00,2,1176.86,0,1176.86,3,DELIVERED,COD
O15754,C0157,P074,2024-03-04 0:00:00,4,6436.1,20,5148.88,12,Returned,Wallet
O15755,C0397,P070,2025-11-24 0:00:00,1,1849.16,15,1571.79,8,Delivered,Wallet
O15756,C0267,P025,2024-05-06 0:00:00,3,7979.71,10,7181.74,6,delivered,Wallet
O15757,C0472,P007,2023-11-06 0:00:00,3,3356.18,15,2852.75,2,delivered,Wallet
O15758,C0348,P016,2024-04-24 0:00:00,1,5308.01,5,5042.61,3,delivered,Card
O15759,C0483,P086,2024-05-05 0:00:00,4,3505.07,20,2804.06,10,delivered,Card
O15760,C0269,P010,2023-01-08 0:00:00,1,5079.93,5,4825.93,2,Cancelled,UPI
O15761,C0482,P085,2025-08-02 0:00:00,5,7499.01,20,5999.21,5,delivered,UPI
O15762,C0418,P040,2023-11-19 0:00:00,5,7804.64,0,7804.64,2,Cancelled,Wallet
O15763,C0334,P057,2024-05-17 0:00:00,5,8215.48,15,6983.16,12,DELIVERED,Wallet
O15764,C0483,P050,2025-02-28 0:00:00,4,1533.68,0,1533.68,10,Cancelled,Wallet
O15765,C0118,P091,2023-11-20 0:00:00,5,5319.27,5,5053.31,5,Returned,Card
O15766,C0210,P099,2024-04-20 0:00:00,5,7290.03,10,6561.03,1,DELIVERED,UPI
O15767,C0148,P072,2025-12-21 0:00:00,2,4179.25,10,3761.33,10,delivered,Card
O15768,C0121,P067,2025-01-27 0:00:00,3,888.19,5,843.78,9,delivered,COD
O15769,C0152,P076,2023-02-28 0:00:00,3,9927.36,5,9430.99,11,delivered,Wallet
O15770,C0450,P034,2023-12-30 0:00:00,3,1053.34,20,842.67,7,delivered,Wallet
O15771,C0348,P018,2023-02-01 0:00:00,2,7190.96,15,6112.32,4,delivered,COD
O15772,C0266,P044,2023-11-04 0:00:00,2,9844.97,0,9844.97,7,delivered,UPI
O15773,C0417,P098,2024-04-17 0:00:00,1,4495.78,15,3821.41,1,Cancelled,COD
O15774,C0120,P016,2024-08-29 0:00:00,1,4510.14,5,4284.63,11,DELIVERED,Wallet
O15775,C0218,P010,2024-03-14 0:00:00,4,2604.14,0,2604.14,12,Returned,Card
O15776,C0263,P097,2025-07-06 0:00:00,4,9250.72,15,7863.11,12,delivered,UPI
O15777,C0211,P065,2023-09-25 0:00:00,1,5266.37,20,4213.1,10,Returned,Wallet
O15778,C0242,P084,2023-11-16 0:00:00,5,9099.46,20,7279.57,7,Delivered,Wallet
O15779,C0411,P073,2024-12-02 0:00:00,4,7527.22,0,7527.22,5,delivered,UPI
O15780,C0456,P021,2026-04-11 0:00:00,1,1186.39,0,1186.39,8,Delivered,COD
O15781,C0093,P083,2024-03-31 0:00:00,2,5592.95,5,5313.3,5,Returned,Wallet
O15782,C0176,P006,2023-12-27 0:00:00,1,4747.01,15,4034.96,3,delivered,Wallet
O15783,C0029,P041,2023-09-08 0:00:00,2,2482.37,20,1985.9,5,Delivered,Wallet
O15784,C0350,P042,2024-02-29 0:00:00,1,5561.3,15,4727.11,3,DELIVERED,COD
O15785,C0205,P051,2024-07-04 0:00:00,3,3321.47,10,2989.32,5,DELIVERED,Wallet
O15786,C0419,P093,2023-10-28 0:00:00,1,768.23,0,768.23,12,Delivered,COD
O15787,C0353,P064,2025-09-16 0:00:00,4,5046.97,20,4037.58,8,delivered,Wallet
O15788,C0144,P005,2025-04-17 0:00:00,4,5829.43,20,4663.54,12,Delivered,COD
O15789,C0491,P086,2024-11-06 0:00:00,1,3494.36,20,2795.49,4,Returned,Wallet
O15790,C0329,P074,2026-03-07 0:00:00,2,1098.97,10,989.07,4,DELIVERED,Card
O15791,C0081,P063,2023-03-27 0:00:00,3,1409.69,5,1339.21,5,Returned,UPI
O15792,C0165,P092,2026-03-09 0:00:00,2,1473.37,15,1252.36,9,Returned,UPI
O15793,C0306,P055,2025-06-25 0:00:00,5,8754.49,5,8316.77,2,Delivered,Wallet
O15794,C0452,P082,2025-11-26 0:00:00,3,1651.93,20,1321.54,4,delivered,UPI
O15795,C0198,P059,2023-12-22 0:00:00,3,7774.99,10,6997.49,8,Cancelled,Wallet
O15796,C0006,P001,2024-05-17 0:00:00,5,6019.26,15,5116.37,1,Returned,Card
O15797,C0156,P028,2024-10-28 0:00:00,1,6797.54,5,6457.66,3,Returned,COD
O15798,C0318,P083,2024-09-01 0:00:00,2,6021.86,15,5118.58,11,Delivered,COD
O15799,C0212,P032,2024-03-02 0:00:00,4,3334.57,20,2667.66,7,delivered,Card
O15800,C0470,P066,2026-03-27 0:00:00,4,3123.89,10,2811.5,4,DELIVERED,UPI
O15801,C0314,P019,2025-04-16 0:00:00,5,7947.04,20,6357.63,11,DELIVERED,Card
O15802,C0422,P039,2024-10-19 0:00:00,3,7364.17,0,7364.17,2,Returned,Wallet
O15803,C0225,P051,2023-05-30 0:00:00,2,2896.48,10,2606.83,5,Returned,UPI
O15804,C0013,P084,2026-04-08 0:00:00,3,1592.43,15,1353.57,12,Delivered,Card
O15805,C0389,P035,2023-09-02 0:00:00,2,9358.74,20,7486.99,2,Delivered,COD
O15806,C0416,P004,2023-10-16 0:00:00,1,6979.58,20,5583.66,3,Delivered,UPI
O15807,C0075,P089,2025-06-08 0:00:00,4,2351.56,0,2351.56,10,Cancelled,Card
O15808,C0219,P018,2025-03-18 0:00:00,1,9700.16,5,9215.15,9,Returned,Wallet
O15809,C0015,P016,2026-01-10 0:00:00,1,7011.24,20,5608.99,9,delivered,COD
O15810,C0231,P065,2023-05-27 0:00:00,4,4357.93,15,3704.24,8,Delivered,UPI
O15811,C0082,P094,2024-01-11 0:00:00,1,4916.6,5,4670.77,4,DELIVERED,COD
O15812,C0191,P021,2026-03-15 0:00:00,5,3084.88,10,2776.39,4,delivered,Card
O15813,C0017,P069,2023-03-13 0:00:00,3,5345.02,5,5077.77,3,delivered,Wallet
O15814,C0172,P033,2024-03-25 0:00:00,3,5489.64,0,5489.64,9,Delivered,Wallet
O15815,C0459,P075,2024-03-28 0:00:00,3,4935.39,15,4195.08,11,Returned,UPI
O15816,C0448,P049,2024-02-10 0:00:00,4,7945.06,5,7547.81,11,Cancelled,COD
O15817,C0499,P061,2023-09-06 0:00:00,3,2583.72,15,2196.16,3,Returned,Wallet
O15818,C0243,P046,2023-01-28 0:00:00,4,1715.35,5,1629.58,8,DELIVERED,Wallet
O15819,C0150,P043,2023-05-09 0:00:00,4,4598.64,20,3678.91,10,Cancelled,COD
O15820,C0200,P008,2023-02-18 0:00:00,3,591.1,5,561.54,6,delivered,Card
O15821,C0017,P083,2024-02-15 0:00:00,1,5376.67,20,4301.34,10,Cancelled,Card
O15822,C0326,P100,2024-04-03 0:00:00,5,8469.92,15,7199.43,1,Returned,Wallet
O15823,C0357,P026,2023-11-27 0:00:00,2,1185.68,10,1067.11,11,Returned,Card
O15824,C0072,P042,2024-06-17 0:00:00,5,6531.64,20,5225.31,6,Delivered,COD
O15825,C0421,P049,2025-03-02 0:00:00,1,1949.7,15,1657.24,2,Cancelled,Card
O15826,C0049,P018,2024-10-30 0:00:00,3,1657.81,0,1657.81,12,Delivered,COD
O15827,C0473,P091,2025-10-17 0:00:00,3,6734.89,5,6398.15,8,delivered,Wallet
O15828,C0094,P028,2024-06-04 0:00:00,5,5272.55,10,4745.3,8,delivered,UPI
O15829,C0030,P089,2024-04-28 0:00:00,2,8902.73,0,8902.73,5,delivered,UPI
O15830,C0034,P008,2023-02-13 0:00:00,5,3648.45,15,3101.18,7,Cancelled,Wallet
O15831,C0134,P097,2023-05-18 0:00:00,4,5141.5,0,5141.5,7,Returned,COD
O15832,C0363,P050,2025-06-25 0:00:00,3,4233.08,5,4021.43,2,delivered,UPI
O15833,C0325,P100,2025-10-30 0:00:00,4,4502.28,15,3826.94,8,delivered,UPI
O15834,C0493,P003,2023-12-04 0:00:00,5,3412.2,15,2900.37,3,Returned,UPI
O15835,C0304,P052,2025-08-21 0:00:00,1,8325.15,0,8325.15,2,Returned,Card
O15836,C0397,P087,2023-06-28 0:00:00,4,1747.32,20,1397.86,10,Delivered,Card
O15837,C0192,P016,2025-06-02 0:00:00,3,8643.09,15,7346.63,4,Returned,COD
O15838,C0192,P029,2025-02-10 0:00:00,2,812.78,0,812.78,5,delivered,Wallet
O15839,C0056,P047,2024-06-15 0:00:00,1,2182.74,5,2073.6,2,Returned,Wallet
O15840,C0181,P020,2026-03-12 0:00:00,2,1044.09,20,835.27,12,Cancelled,COD
O15841,C0045,P064,2025-04-02 0:00:00,1,9982.66,15,8485.26,5,Delivered,Wallet
O15842,C0043,P026,2024-04-10 0:00:00,2,9135.79,10,8222.21,4,Returned,UPI
O15843,C0183,P017,2023-06-29 0:00:00,2,2752.53,10,2477.28,12,delivered,Wallet
O15844,C0352,P021,2025-03-30 0:00:00,3,7381.67,0,7381.67,2,delivered,COD
O15845,C0061,P015,2026-03-01 0:00:00,1,6829.67,0,6829.67,1,Delivered,Wallet
O15846,C0082,P013,2023-09-16 0:00:00,1,5685.81,5,5401.52,1,DELIVERED,Wallet
O15847,C0086,P043,2025-11-14 0:00:00,3,1010.69,0,1010.69,10,Returned,Card
O15848,C0031,P004,2024-04-06 0:00:00,5,5970.98,0,5970.98,6,Returned,Card
O15849,C0220,P007,2025-10-14 0:00:00,4,8211.22,15,6979.54,3,Cancelled,COD
O15850,C0264,P009,2024-06-04 0:00:00,3,5554.16,20,4443.33,3,DELIVERED,Card
O15851,C0263,P021,2023-08-30 0:00:00,5,3550.17,5,3372.66,2,Returned,Wallet
O15852,C0422,P059,2024-04-29 0:00:00,4,1984.55,5,1885.32,9,Cancelled,Wallet
O15853,C0287,P074,2024-01-06 0:00:00,2,1384.78,5,1315.54,12,DELIVERED,UPI
O15854,C0126,P076,2024-01-06 0:00:00,4,1096.62,0,1096.62,7,Returned,Wallet
O15855,C0112,P021,2024-07-30 0:00:00,3,3173.85,5,3015.16,1,Returned,Wallet
O15856,C0184,P095,2024-02-09 0:00:00,2,4252.77,5,4040.13,6,Returned,UPI
O15857,C0079,P046,2024-09-05 0:00:00,5,1304.99,15,1109.24,6,Cancelled,Wallet
O15858,C0452,P023,2024-12-11 0:00:00,3,8315.12,15,7067.85,5,DELIVERED,Wallet
O15859,C0447,P092,2024-10-07 0:00:00,4,3406.44,15,2895.47,10,Delivered,UPI
O15860,C0073,P070,2023-02-20 0:00:00,2,6565.04,15,5580.28,10,Cancelled,Wallet
O15861,C0045,P041,2023-02-20 0:00:00,1,4691.63,5,4457.05,3,Returned,Card
O15862,C0220,P054,2025-02-20 0:00:00,1,3237.4,0,3237.4,3,Delivered,Wallet
O15863,C0223,P005,2025-10-25 0:00:00,5,7044.29,15,5987.65,8,Delivered,Wallet
O15864,C0297,P017,2025-08-25 0:00:00,1,2198.92,0,2198.92,5,Cancelled,Wallet
O15865,C0197,P078,2024-07-24 0:00:00,3,5593.73,20,4474.98,5,delivered,Card
O15866,C0076,P079,2024-05-03 0:00:00,4,1446.43,0,1446.43,12,Returned,Wallet
O15867,C0211,P014,2025-02-04 0:00:00,3,4948.67,5,4701.24,12,Cancelled,Wallet
O15868,C0197,P054,2025-06-27 0:00:00,2,7972.44,0,7972.44,11,Returned,COD
O15869,C0422,P041,2025-01-26 0:00:00,3,7230.49,15,6145.92,12,Cancelled,UPI
O15870,C0098,P028,2024-07-28 0:00:00,3,7615.68,10,6854.11,10,Returned,Wallet
O15871,C0138,P049,2024-08-01 0:00:00,4,4138.85,20,3311.08,6,DELIVERED,Wallet
O15872,C0413,P033,2023-10-02 0:00:00,2,6180.73,5,5871.69,6,Delivered,Card
O15873,C0257,P052,2026-03-23 0:00:00,4,7924.25,20,6339.4,9,DELIVERED,Wallet
O15874,C0036,P071,2023-04-01 0:00:00,3,5583.42,5,5304.25,5,Returned,Wallet
O15875,C0241,P040,2025-04-03 0:00:00,4,8005.72,10,7205.15,7,delivered,Wallet
O15876,C0376,P015,2025-04-01 0:00:00,1,7552.32,20,6041.86,1,Cancelled,COD
O15877,C0002,P073,2025-02-19 0:00:00,2,9939.66,10,8945.69,3,Cancelled,Wallet
O15878,C0257,P093,2023-07-06 0:00:00,3,6402.43,20,5121.94,9,Delivered,COD
O15879,C0062,P052,2024-08-30 0:00:00,5,9959.61,0,9959.61,1,DELIVERED,COD
O15880,C0211,P013,2024-06-30 0:00:00,2,4217.88,15,3585.2,11,delivered,COD
O15881,C0123,P064,2024-03-25 0:00:00,1,9313.49,0,9313.49,2,delivered,COD
O15882,C0216,P071,2024-04-12 0:00:00,2,2515.96,20,2012.77,5,Cancelled,Wallet
O15883,C0180,P007,2026-01-02 0:00:00,3,6468.13,10,5821.32,7,DELIVERED,Card
O15884,C0146,P025,2025-11-18 0:00:00,5,3913.14,20,3130.51,7,delivered,Wallet
O15885,C0027,P027,2024-12-10 0:00:00,3,3344.43,15,2842.77,7,Cancelled,COD
O15886,C0235,P009,2023-10-14 0:00:00,1,7271.24,15,6180.55,6,Cancelled,Card
O15887,C0165,P075,2025-07-20 0:00:00,5,8274.38,0,8274.38,9,Cancelled,UPI
O15888,C0477,P071,2026-03-12 0:00:00,4,2774.1,10,2496.69,12,DELIVERED,Wallet
O15889,C0080,P043,2025-04-21 0:00:00,3,6958.92,0,6958.92,11,Returned,Wallet
O15890,C0226,P074,2025-08-31 0:00:00,2,3000.34,20,2400.27,8,delivered,Card
O15891,C0132,P050,2026-01-01 0:00:00,1,6435.11,0,6435.11,8,Returned,COD
O15892,C0213,P018,2023-07-07 0:00:00,3,1008.39,10,907.55,2,Returned,Wallet
O15893,C0388,P080,2025-04-19 0:00:00,4,8667.59,20,6934.07,2,delivered,Wallet
O15894,C0165,P052,2023-05-24 0:00:00,3,1401.94,0,1401.94,10,DELIVERED,UPI
O15895,C0336,P001,2024-07-13 0:00:00,5,9892.48,10,8903.23,4,delivered,COD
O15896,C0016,P069,2023-09-19 0:00:00,2,2809.02,20,2247.22,6,delivered,Wallet
O15897,C0161,P006,2023-06-15 0:00:00,4,5389.6,15,4581.16,1,Delivered,UPI
O15898,C0302,P009,2024-12-25 0:00:00,3,773.16,5,734.5,9,Delivered,Wallet
O15899,C0463,P068,2025-12-24 0:00:00,3,3085.49,5,2931.22,8,delivered,Wallet
O15900,C0171,P021,2023-03-15 0:00:00,1,7224.98,20,5779.98,12,delivered,UPI
O15901,C0390,P060,2026-03-17 0:00:00,3,5220.75,15,4437.64,10,Delivered,UPI
O15902,C0023,P028,2025-01-29 0:00:00,3,9346.95,20,7477.56,4,DELIVERED,Card
O15903,C0275,P096,2026-04-01 0:00:00,2,7817.31,20,6253.85,11,Delivered,Card
O15904,C0233,P024,2025-02-23 0:00:00,4,5913.47,5,5617.8,11,Returned,Wallet
O15905,C0377,P086,2026-02-17 0:00:00,1,802.89,0,802.89,6,delivered,Wallet
O15906,C0435,P067,2023-01-01 0:00:00,2,6529.22,10,5876.3,12,Cancelled,Card
O15907,C0485,P013,2023-01-15 0:00:00,1,9377.49,5,8908.62,2,DELIVERED,COD
O15908,C0462,P053,2025-01-10 0:00:00,5,8364.85,5,7946.61,2,Cancelled,Wallet
O15909,C0104,P054,2023-02-16 0:00:00,1,547.54,20,438.03,10,delivered,Wallet
O15910,C0274,P028,2023-09-12 0:00:00,3,8959.62,5,8511.64,11,Returned,COD
O15911,C0328,P011,2023-08-20 0:00:00,2,3517.43,5,3341.56,12,Cancelled,Wallet
O15912,C0115,P072,2026-01-06 0:00:00,2,2298.7,0,2298.7,7,Cancelled,COD
O15913,C0408,P014,2024-06-16 0:00:00,3,2012.6,20,1610.08,3,delivered,COD
O15914,C0292,P014,2023-08-18 0:00:00,4,2155.22,5,2047.46,5,Delivered,UPI
O15915,C0375,P008,2025-12-08 0:00:00,3,3917.05,10,3525.35,2,Cancelled,Wallet
O15916,C0155,P065,2023-09-13 0:00:00,5,1816.76,10,1635.08,4,Delivered,Wallet
O15917,C0195,P046,2023-12-27 0:00:00,4,9783.9,10,8805.51,12,delivered,Wallet
O15918,C0015,P048,2023-05-11 0:00:00,2,7721.21,10,6949.09,6,Returned,COD
O15919,C0213,P055,2024-11-01 0:00:00,5,558.14,0,558.14,4,Cancelled,COD
O15920,C0358,P043,2025-01-29 0:00:00,3,7206.82,5,6846.48,11,DELIVERED,COD
O15921,C0075,P039,2024-05-29 0:00:00,4,7813.26,20,6250.61,10,Cancelled,Wallet
O15922,C0125,P057,2023-05-07 0:00:00,1,1447.66,20,1158.13,5,Cancelled,Wallet
O15923,C0023,P027,2025-06-08 0:00:00,2,3580.52,0,3580.52,10,Returned,COD
O15924,C0428,P052,2025-09-03 0:00:00,2,7756.24,0,7756.24,8,delivered,Card
O15925,C0232,P045,2025-09-12 0:00:00,4,7984.75,5,7585.51,10,Returned,UPI
O15926,C0136,P006,2023-06-23 0:00:00,1,6022.61,20,4818.09,4,delivered,UPI
O15927,C0148,P092,2026-02-27 0:00:00,4,5173.66,15,4397.61,12,Returned,Wallet
O15928,C0388,P069,2023-10-17 0:00:00,2,3537.64,5,3360.76,8,delivered,COD
O15929,C0097,P005,2023-07-18 0:00:00,5,4454.58,10,4009.12,12,Delivered,Wallet
O15930,C0018,P096,2024-10-31 0:00:00,1,7062.89,20,5650.31,3,Cancelled,Card
O15931,C0080,P072,2023-10-02 0:00:00,4,2444.76,0,2444.76,4,delivered,UPI
O15932,C0119,P022,2024-03-24 0:00:00,1,1606.67,10,1446,6,delivered,UPI
O15933,C0333,P051,2024-06-12 0:00:00,4,6945.34,10,6250.81,12,DELIVERED,Wallet
O15934,C0013,P057,2023-06-27 0:00:00,1,7954.76,15,6761.55,1,DELIVERED,Card
O15935,C0228,P048,2025-08-12 0:00:00,4,1304.52,10,1174.07,9,Returned,UPI
O15936,C0054,P001,2023-12-13 0:00:00,1,5234.43,5,4972.71,10,Delivered,Card
O15937,C0143,P074,2024-01-06 0:00:00,5,3745.06,0,3745.06,8,Cancelled,Card
O15938,C0259,P044,2025-03-19 0:00:00,3,9423.73,10,8481.36,5,delivered,Wallet
O15939,C0216,P015,2023-03-23 0:00:00,4,6588.46,15,5600.19,9,DELIVERED,Card
O15940,C0384,P090,2025-09-10 0:00:00,1,8392.85,15,7133.92,9,Cancelled,UPI
O15941,C0079,P096,2023-08-21 0:00:00,3,9773.38,0,9773.38,4,Cancelled,UPI
O15942,C0420,P082,2024-03-06 0:00:00,2,2179.54,10,1961.59,12,Returned,Card
O15943,C0419,P057,2025-04-06 0:00:00,3,8758.7,5,8320.76,2,Cancelled,Card
O15944,C0461,P002,2024-08-19 0:00:00,5,9595.85,0,9595.85,5,Delivered,Wallet
O15945,C0187,P003,2026-03-09 0:00:00,4,3766.61,10,3389.95,2,Delivered,Wallet
O15946,C0066,P011,2023-01-25 0:00:00,3,7796.02,15,6626.62,4,Returned,COD
O15947,C0092,P046,2025-03-30 0:00:00,4,1506.42,5,1431.1,3,Cancelled,Card
O15948,C0223,P062,2023-10-30 0:00:00,1,7406.47,10,6665.82,10,Delivered,Wallet
O15949,C0031,P069,2023-03-03 0:00:00,1,6861.06,0,6861.06,8,Returned,Wallet
O15950,C0445,P062,2024-05-25 0:00:00,1,5259.19,5,4996.23,8,DELIVERED,Card
O15951,C0204,P096,2023-10-06 0:00:00,5,780.54,10,702.49,12,Returned,Wallet
O15952,C0420,P004,2025-01-22 0:00:00,2,5820.78,0,5820.78,6,Delivered,Wallet
O15953,C0127,P098,2023-02-20 0:00:00,5,9412.92,20,7530.34,12,Delivered,Card
O15954,C0259,P035,2024-07-24 0:00:00,1,3886.43,0,3886.43,5,Returned,Card
O15955,C0222,P024,2023-01-11 0:00:00,1,5606.34,10,5045.71,1,Cancelled,Wallet
O15956,C0442,P078,2024-09-30 0:00:00,2,3946.92,0,3946.92,1,DELIVERED,Card
O15957,C0032,P025,2023-04-01 0:00:00,4,9401.36,10,8461.22,4,Returned,Wallet
O15958,C0015,P015,2026-01-11 0:00:00,3,5123.97,20,4099.18,12,Returned,Wallet
O15959,C0271,P051,2025-10-13 0:00:00,3,5677.26,0,5677.26,11,Delivered,Card
O15960,C0350,P059,2024-07-15 0:00:00,2,3596.02,15,3056.62,4,Returned,Wallet
O15961,C0180,P041,2024-03-05 0:00:00,3,9122.2,5,8666.09,8,DELIVERED,Card
O15962,C0023,P007,2023-12-24 0:00:00,4,6802.92,5,6462.77,10,delivered,UPI
O15963,C0381,P049,2026-01-16 0:00:00,5,1700.49,0,1700.49,8,Delivered,Wallet
O15964,C0356,P059,2024-02-13 0:00:00,1,6583.12,20,5266.5,2,Cancelled,Wallet
O15965,C0496,P072,2023-12-30 0:00:00,5,2921.5,20,2337.2,12,Delivered,Wallet
O15966,C0293,P038,2023-10-13 0:00:00,5,1132.9,0,1132.9,8,delivered,UPI
O15967,C0145,P024,2025-10-16 0:00:00,3,8252.01,15,7014.21,1,Cancelled,Wallet
O15968,C0379,P008,2023-10-14 0:00:00,5,9749.72,5,9262.23,10,Returned,UPI
O15969,C0020,P033,2024-07-16 0:00:00,2,8173.47,20,6538.78,1,delivered,Card
O15970,C0454,P041,2024-02-29 0:00:00,5,2498.37,5,2373.45,9,DELIVERED,UPI
O15971,C0441,P057,2024-03-20 0:00:00,1,7154.37,20,5723.5,3,DELIVERED,UPI
O15972,C0005,P051,2023-08-08 0:00:00,3,4693.75,0,4693.75,11,Returned,UPI
O15973,C0004,P030,2023-12-29 0:00:00,5,9475.23,20,7580.18,7,DELIVERED,COD
O15974,C0292,P036,2025-09-25 0:00:00,4,606.14,5,575.83,2,Cancelled,Wallet
O15975,C0381,P017,2023-08-11 0:00:00,5,2747.36,5,2609.99,9,Delivered,Wallet
O15976,C0219,P007,2024-06-07 0:00:00,3,5135.42,20,4108.34,4,delivered,Wallet
O15977,C0351,P064,2025-10-11 0:00:00,2,7613.18,10,6851.86,4,DELIVERED,Wallet
O15978,C0414,P058,2026-02-21 0:00:00,4,2737.09,20,2189.67,12,Delivered,UPI
O15979,C0051,P077,2023-09-08 0:00:00,3,9275.33,20,7420.26,11,Returned,UPI
O15980,C0308,P094,2024-07-03 0:00:00,3,3731.19,5,3544.63,4,DELIVERED,COD
O15981,C0011,P035,2025-08-23 0:00:00,3,3331.27,15,2831.58,9,Delivered,Wallet
O15982,C0119,P057,2025-11-13 0:00:00,1,9847.65,10,8862.89,1,DELIVERED,Card
O15983,C0394,P022,2023-09-22 0:00:00,5,2142.83,15,1821.41,9,Returned,UPI
O15984,C0168,P079,2024-09-08 0:00:00,5,6291.73,0,6291.73,12,delivered,Wallet
O15985,C0367,P035,2025-12-20 0:00:00,3,4344.21,5,4127,11,Delivered,COD
O15986,C0450,P047,2023-06-18 0:00:00,4,6278.88,10,5650.99,1,Delivered,Wallet
O15987,C0279,P033,2023-12-06 0:00:00,1,6702.63,20,5362.1,5,DELIVERED,Wallet
O15988,C0295,P059,2026-03-01 0:00:00,2,9370.05,20,7496.04,6,DELIVERED,Card
O15989,C0432,P011,2024-08-15 0:00:00,1,2356.07,5,2238.27,8,Cancelled,UPI
O15990,C0077,P009,2024-02-13 0:00:00,3,9034.25,20,7227.4,7,Returned,Wallet
O15991,C0203,P010,2024-07-20 0:00:00,1,4303.26,20,3442.61,5,DELIVERED,Wallet
O15992,C0072,P065,2026-04-05 0:00:00,3,6549.08,15,5566.72,10,Delivered,Wallet
O15993,C0450,P080,2024-04-11 0:00:00,5,1580.04,0,1580.04,1,DELIVERED,COD
O15994,C0419,P025,2024-02-08 0:00:00,3,2963,20,2370.4,7,delivered,Wallet
O15995,C0232,P022,2023-05-15 0:00:00,3,6572.02,15,5586.22,5,DELIVERED,Wallet
O15996,C0004,P100,2025-12-25 0:00:00,4,6581.47,15,5594.25,7,Returned,UPI
O15997,C0452,P034,2025-12-20 0:00:00,4,1448.3,15,1231.05,2,delivered,UPI
O15998,C0245,P099,2024-04-22 0:00:00,4,6938.51,10,6244.66,4,Delivered,COD
O15999,C0170,P020,2023-01-12 0:00:00,2,6640.71,5,6308.67,4,Cancelled,Card
O16000,C0069,P027,2026-03-27 0:00:00,4,2256.97,10,2031.27,2,DELIVERED,Wallet
O16001,C0055,P095,2023-05-23 0:00:00,5,3979.85,20,3183.88,6,Cancelled,Card
O16002,C0167,P072,2024-10-23 0:00:00,5,5753.57,0,5753.57,9,Delivered,Wallet
O16003,C0472,P057,2025-10-25 0:00:00,2,633.03,5,601.38,3,Cancelled,Card
O16004,C0106,P042,2024-06-22 0:00:00,2,2719.31,10,2447.38,8,DELIVERED,COD
O16005,C0352,P011,2025-01-29 0:00:00,1,4951.3,5,4703.73,2,DELIVERED,Wallet
O16006,C0389,P067,2023-12-10 0:00:00,1,5946.29,10,5351.66,8,Cancelled,COD
O16007,C0204,P065,2026-03-08 0:00:00,5,7275.4,20,5820.32,11,delivered,UPI
O16008,C0078,P094,2024-04-28 0:00:00,1,7378.33,5,7009.41,3,Cancelled,COD
O16009,C0149,P020,2023-01-08 0:00:00,1,2192.23,0,2192.23,3,Delivered,UPI
O16010,C0172,P057,2024-10-08 0:00:00,3,4610.54,10,4149.49,10,Delivered,COD
O16011,C0176,P036,2024-11-05 0:00:00,2,7028.96,0,7028.96,10,DELIVERED,Wallet
O16012,C0482,P050,2023-10-01 0:00:00,1,5767.84,0,5767.84,1,Returned,Wallet
O16013,C0375,P057,2023-06-10 0:00:00,5,5464.43,10,4917.99,7,Cancelled,Card
O16014,C0405,P021,2023-04-09 0:00:00,3,6897.73,0,6897.73,3,Delivered,Wallet
O16015,C0260,P096,2023-05-21 0:00:00,2,6035.16,15,5129.89,12,DELIVERED,UPI
O16016,C0391,P045,2025-07-04 0:00:00,4,8557.19,15,7273.61,9,Delivered,Wallet
O16017,C0206,P048,2025-02-28 0:00:00,3,8356.12,0,8356.12,3,DELIVERED,COD
O16018,C0307,P049,2024-04-03 0:00:00,2,2487.92,15,2114.73,7,Delivered,Wallet
O16019,C0483,P007,2023-09-30 0:00:00,5,2953.84,0,2953.84,2,Delivered,Wallet
O16020,C0338,P066,2026-02-06 0:00:00,5,3364.48,15,2859.81,1,Returned,Wallet
O16021,C0257,P099,2023-09-11 0:00:00,4,4414.41,5,4193.69,12,Cancelled,Wallet
O16022,C0500,P055,2025-02-19 0:00:00,5,7388.25,0,7388.25,7,Delivered,Wallet
O16023,C0181,P078,2024-09-09 0:00:00,5,8297.19,15,7052.61,8,Returned,COD
O16024,C0345,P009,2024-02-01 0:00:00,2,3991.16,5,3791.6,11,Cancelled,Wallet
O16025,C0495,P087,2024-05-01 0:00:00,2,5319.56,0,5319.56,5,DELIVERED,Wallet
O16026,C0041,P047,2023-10-04 0:00:00,5,8642.95,10,7778.66,9,Delivered,Wallet
O16027,C0324,P024,2025-04-06 0:00:00,4,664.03,0,664.03,10,Returned,Wallet
O16028,C0144,P008,2023-09-17 0:00:00,2,1002,0,1002,7,delivered,Wallet
O16029,C0061,P033,2025-04-03 0:00:00,2,9258.9,20,7407.12,10,Cancelled,Wallet
O16030,C0170,P031,2026-01-06 0:00:00,3,9721.74,15,8263.48,6,delivered,UPI
O16031,C0132,P088,2025-03-19 0:00:00,2,9518.58,10,8566.72,9,Returned,COD
O16032,C0367,P091,2024-01-10 0:00:00,2,7536.7,5,7159.86,7,Returned,UPI
O16033,C0122,P009,2025-04-08 0:00:00,3,8432.83,0,8432.83,11,delivered,Wallet
O16034,C0315,P009,2025-09-06 0:00:00,5,6574.36,0,6574.36,10,Cancelled,UPI
O16035,C0177,P065,2024-02-18 0:00:00,1,3556.94,20,2845.55,3,Delivered,Wallet
O16036,C0112,P089,2024-12-28 0:00:00,4,6232.53,20,4986.02,4,Delivered,COD
O16037,C0390,P029,2025-05-30 0:00:00,5,1214.73,10,1093.26,11,Delivered,Wallet
O16038,C0167,P063,2023-11-24 0:00:00,5,658.12,10,592.31,3,Delivered,Card
O16039,C0300,P057,2023-06-23 0:00:00,5,4442.04,5,4219.94,12,Returned,Wallet
O16040,C0127,P046,2026-01-30 0:00:00,1,5719.76,0,5719.76,3,Cancelled,COD
O16041,C0290,P006,2025-05-18 0:00:00,4,4436.98,5,4215.13,11,delivered,Wallet
O16042,C0416,P090,2023-01-21 0:00:00,3,6025.39,20,4820.31,12,delivered,Wallet
O16043,C0098,P029,2025-12-10 0:00:00,1,8337.64,0,8337.64,3,delivered,Wallet
O16044,C0211,P089,2023-07-14 0:00:00,2,8413.27,20,6730.62,10,Cancelled,COD
O16045,C0278,P026,2023-09-28 0:00:00,5,3404.77,15,2894.05,6,DELIVERED,Wallet
O16046,C0236,P031,2026-01-12 0:00:00,3,9049.66,5,8597.18,10,Cancelled,Card
O16047,C0476,P008,2023-08-21 0:00:00,1,6194.44,5,5884.72,5,DELIVERED,COD
O16048,C0416,P055,2024-07-11 0:00:00,2,9584.9,5,9105.65,6,Delivered,COD
O16049,C0207,P070,2024-07-11 0:00:00,4,4038.84,10,3634.96,11,Cancelled,Wallet
O16050,C0331,P031,2025-11-26 0:00:00,1,2396.59,0,2396.59,6,DELIVERED,Wallet
O16051,C0228,P037,2024-09-01 0:00:00,4,5294.07,15,4499.96,12,Cancelled,Wallet
O16052,C0437,P097,2024-10-21 0:00:00,3,2772.31,10,2495.08,11,Delivered,UPI
O16053,C0389,P046,2025-12-06 0:00:00,5,5122.77,5,4866.63,4,DELIVERED,Wallet
O16054,C0117,P067,2023-11-25 0:00:00,3,3708.68,15,3152.38,4,delivered,COD
O16055,C0090,P045,2023-11-13 0:00:00,5,6761.58,10,6085.42,6,Delivered,COD
O16056,C0433,P011,2025-05-15 0:00:00,5,1046.72,10,942.05,11,Cancelled,COD
O16057,C0136,P057,2024-08-13 0:00:00,5,1274.36,20,1019.49,11,delivered,COD
O16058,C0409,P016,2025-01-22 0:00:00,5,8496.83,10,7647.15,12,Returned,UPI
O16059,C0186,P013,2024-11-14 0:00:00,5,1079.26,20,863.41,9,DELIVERED,Wallet
O16060,C0095,P045,2023-08-02 0:00:00,2,8329.81,15,7080.34,1,Returned,Wallet
O16061,C0456,P079,2025-08-13 0:00:00,5,9673.38,0,9673.38,7,delivered,Wallet
O16062,C0464,P017,2024-01-16 0:00:00,3,4492.63,20,3594.1,11,DELIVERED,Wallet
O16063,C0274,P051,2023-04-17 0:00:00,4,9649.53,15,8202.1,12,Delivered,COD
O16064,C0342,P088,2023-01-25 0:00:00,5,7827.35,0,7827.35,6,delivered,Wallet
O16065,C0449,P024,2023-07-01 0:00:00,2,8822.09,0,8822.09,2,Delivered,Wallet
O16066,C0409,P022,2024-02-22 0:00:00,1,9278.29,0,9278.29,6,Delivered,Wallet
O16067,C0270,P074,2023-05-31 0:00:00,4,4650.32,10,4185.29,11,Returned,Wallet
O16068,C0351,P043,2024-12-07 0:00:00,5,8877.56,15,7545.93,6,Delivered,COD
O16069,C0216,P002,2025-05-23 0:00:00,3,1327.9,15,1128.72,8,Returned,UPI
O16070,C0240,P054,2023-01-06 0:00:00,2,2769.45,0,2769.45,4,Cancelled,Wallet
O16071,C0431,P099,2023-04-22 0:00:00,4,2969.88,15,2524.4,5,Cancelled,Card
O16072,C0418,P001,2023-11-03 0:00:00,3,3424.93,20,2739.94,9,Cancelled,UPI
O16073,C0274,P030,2026-03-24 0:00:00,5,5096.82,20,4077.46,2,Returned,UPI
O16074,C0123,P005,2024-03-19 0:00:00,1,9730.27,10,8757.24,4,Delivered,Wallet
O16075,C0108,P071,2024-08-27 0:00:00,4,1285.36,0,1285.36,9,Returned,Wallet
O16076,C0321,P029,2026-01-08 0:00:00,2,5533.15,5,5256.49,5,DELIVERED,Wallet
O16077,C0203,P027,2024-06-30 0:00:00,2,7589.42,20,6071.54,9,Cancelled,UPI
O16078,C0398,P096,2024-09-24 0:00:00,3,3735.02,0,3735.02,4,DELIVERED,Wallet
O16079,C0133,P088,2024-12-17 0:00:00,4,3028.37,15,2574.11,3,Delivered,Wallet
O16080,C0427,P014,2023-12-29 0:00:00,5,4936.89,15,4196.36,10,delivered,Wallet
O16081,C0472,P003,2025-01-04 0:00:00,2,1619.02,15,1376.17,2,DELIVERED,Wallet
O16082,C0452,P062,2026-02-17 0:00:00,2,1283.24,5,1219.08,8,Returned,UPI
O16083,C0493,P073,2025-02-14 0:00:00,3,7047.97,20,5638.38,1,delivered,Card
O16084,C0190,P073,2024-12-12 0:00:00,5,6060.32,20,4848.26,10,delivered,Wallet
O16085,C0136,P001,2025-06-18 0:00:00,2,3815.02,0,3815.02,4,Cancelled,UPI
O16086,C0101,P024,2025-11-29 0:00:00,1,9077.29,20,7261.83,10,Cancelled,Card
O16087,C0360,P027,2024-12-16 0:00:00,1,8276.36,5,7862.54,12,delivered,Card
O16088,C0466,P069,2025-03-27 0:00:00,1,2276.45,0,2276.45,7,Delivered,Wallet
O16089,C0185,P005,2025-11-12 0:00:00,3,7578.8,10,6820.92,11,Delivered,UPI
O16090,C0241,P017,2025-11-23 0:00:00,4,2017.76,10,1815.98,10,Delivered,Wallet
O16091,C0402,P029,2024-08-22 0:00:00,1,7329.75,10,6596.78,4,DELIVERED,UPI
O16092,C0212,P030,2025-05-03 0:00:00,5,4248.89,15,3611.56,9,Cancelled,Card
O16093,C0091,P045,2023-10-13 0:00:00,3,908.37,10,817.53,3,delivered,UPI
O16094,C0240,P037,2025-01-30 0:00:00,2,3880.83,5,3686.79,4,delivered,COD
O16095,C0410,P073,2024-08-16 0:00:00,1,2118.67,0,2118.67,4,Returned,UPI
O16096,C0191,P044,2025-08-20 0:00:00,3,7456.17,10,6710.55,8,delivered,Card
O16097,C0087,P090,2026-01-10 0:00:00,2,6020.48,15,5117.41,2,DELIVERED,COD
O16098,C0488,P094,2024-02-02 0:00:00,4,959.79,0,959.79,3,DELIVERED,Card
O16099,C0468,P052,2024-05-10 0:00:00,1,8074.25,15,6863.11,12,Cancelled,Wallet
O16100,C0306,P087,2024-08-01 0:00:00,1,5679.48,20,4543.58,7,DELIVERED,Wallet
O16101,C0394,P011,2023-01-23 0:00:00,5,3112.63,15,2645.74,8,DELIVERED,Card
O16102,C0106,P040,2024-02-01 0:00:00,1,8280.14,10,7452.13,4,DELIVERED,Wallet
O16103,C0056,P055,2023-03-01 0:00:00,1,2706.63,15,2300.64,11,Cancelled,Card
O16104,C0257,P043,2023-09-07 0:00:00,5,756.56,0,756.56,9,Returned,Wallet
O16105,C0089,P049,2024-01-04 0:00:00,3,8571.32,15,7285.62,1,Delivered,Wallet
O16106,C0272,P048,2023-05-02 0:00:00,4,4302.01,0,4302.01,8,Delivered,COD
O16107,C0136,P023,2026-03-19 0:00:00,1,8706.34,5,8271.02,5,Cancelled,Wallet
O16108,C0002,P019,2023-05-26 0:00:00,3,5643.43,5,5361.26,4,DELIVERED,Wallet
O16109,C0131,P059,2025-11-14 0:00:00,4,8966.96,5,8518.61,4,Cancelled,COD
O16110,C0489,P047,2026-04-09 0:00:00,3,4447.38,10,4002.64,2,Cancelled,Card
O16111,C0131,P091,2023-07-22 0:00:00,3,7071.52,5,6717.94,12,Delivered,Wallet
O16112,C0154,P092,2023-01-29 0:00:00,5,7015.57,5,6664.79,2,Delivered,Card
O16113,C0234,P023,2025-07-10 0:00:00,1,3745.47,10,3370.92,12,DELIVERED,Card
O16114,C0055,P054,2026-01-21 0:00:00,5,2719.64,0,2719.64,1,delivered,Wallet
O16115,C0431,P032,2023-05-15 0:00:00,5,820.9,20,656.72,-2,DELIVERED,Wallet
O16116,C0017,P092,2024-03-06 0:00:00,5,7968.51,15,6773.23,6,Returned,COD
O16117,C0069,P100,2024-06-29 0:00:00,4,8267.02,15,7026.97,10,delivered,UPI
O16118,C0294,P091,2024-11-15 0:00:00,1,9960.63,5,9462.6,2,Cancelled,Card
O16119,C0258,P055,2023-08-10 0:00:00,4,4193.28,15,3564.29,1,Cancelled,UPI
O16120,C0334,P011,2026-03-15 0:00:00,1,1779.61,5,1690.63,9,Cancelled,Wallet
O16121,C0426,P084,2023-10-08 0:00:00,5,973.46,0,973.46,3,Cancelled,COD
O16122,C0209,P082,2023-09-23 0:00:00,2,7443.43,15,6326.92,12,DELIVERED,Wallet
O16123,C0332,P007,2024-05-16 0:00:00,5,6776.4,10,6098.76,9,Cancelled,Wallet
O16124,C0350,P042,2025-08-12 0:00:00,1,2888.58,15,2455.29,12,Returned,UPI
O16125,C0056,P060,2024-01-18 0:00:00,3,5779.97,5,5490.97,7,delivered,Wallet
O16126,C0304,P052,2025-06-17 0:00:00,4,9329.63,5,8863.15,1,delivered,COD
O16127,C0013,P048,2023-10-27 0:00:00,1,7578.54,20,6062.83,10,Delivered,Wallet
O16128,C0102,P028,2023-02-16 0:00:00,5,1433.32,0,1433.32,6,delivered,COD
O16129,C0057,P045,2024-09-09 0:00:00,4,7152.38,5,6794.76,11,Cancelled,Card
O16130,C0146,P007,2023-11-05 0:00:00,3,8353.06,20,6682.45,7,Cancelled,Wallet
O16131,C0303,P091,2024-10-05 0:00:00,2,5668.35,15,4818.1,4,delivered,Wallet
O16132,C0205,P027,2025-01-18 0:00:00,5,9579.57,5,9100.59,10,delivered,COD
O16133,C0252,P095,2024-12-29 0:00:00,4,1891.24,0,1891.24,4,Delivered,COD
O16134,C0353,P093,2023-12-16 0:00:00,1,8773.94,0,8773.94,2,DELIVERED,Card
O16135,C0392,P037,2024-09-07 0:00:00,1,6736.79,0,6736.79,1,Cancelled,Wallet
O16136,C0127,P041,2026-02-22 0:00:00,4,6681.09,10,6012.98,1,Returned,Wallet
O16137,C0040,P020,2026-02-19 0:00:00,3,8998.52,5,8548.59,6,DELIVERED,UPI
O16138,C0475,P017,2023-11-15 0:00:00,3,8299.72,15,7054.76,1,Delivered,Wallet
O16139,C0497,P025,2023-05-12 0:00:00,4,9510.98,15,8084.33,12,delivered,UPI
O16140,C0433,P095,2025-03-02 0:00:00,4,1123.92,0,1123.92,4,delivered,COD
O16141,C0468,P078,2024-10-07 0:00:00,2,8552.23,0,8552.23,1,Cancelled,COD
O16142,C0407,P046,2025-05-21 0:00:00,2,8273.03,5,7859.38,8,DELIVERED,Card
O16143,C0229,P078,2025-01-13 0:00:00,3,8056.19,15,6847.76,9,DELIVERED,Card
O16144,C0378,P059,2025-09-13 0:00:00,2,7495.19,20,5996.15,11,Returned,COD
O16145,C0146,P044,2023-10-04 0:00:00,2,1735.86,5,1649.07,9,DELIVERED,Card
O16146,C0160,P050,2024-11-22 0:00:00,2,4184.02,0,4184.02,9,Delivered,UPI
O16147,C0374,P076,2026-01-02 0:00:00,2,7129.82,5,6773.33,6,delivered,Wallet
O16148,C0432,P032,2023-11-19 0:00:00,4,3892.42,20,3113.94,3,Delivered,Wallet
O16149,C0177,P036,2026-02-26 0:00:00,4,8208.28,15,6977.04,3,Cancelled,Card
O16150,C0381,P022,2024-10-22 0:00:00,4,760.51,15,646.43,7,DELIVERED,Wallet
O16151,C0007,P055,2024-11-22 0:00:00,3,4017.99,15,3415.29,7,DELIVERED,UPI
O16152,C0136,P003,2024-05-05 0:00:00,5,2167.4,15,1842.29,3,DELIVERED,UPI
O16153,C0202,P080,2024-06-24 0:00:00,1,3468.08,10,3121.27,7,DELIVERED,Wallet
O16154,C0157,P075,2026-01-19 0:00:00,4,6598.11,0,6598.11,10,DELIVERED,COD
O16155,C0222,P053,2024-06-29 0:00:00,2,1149.57,5,1092.09,8,DELIVERED,Wallet
O16156,C0162,P060,2024-11-04 0:00:00,4,2131.51,20,1705.21,6,Cancelled,Wallet
O16157,C0263,P003,2024-11-02 0:00:00,1,1560.6,0,1560.6,8,Delivered,Card
O16158,C0405,P029,2025-05-19 0:00:00,4,8610.88,10,7749.79,11,Returned,Wallet
O16159,C0347,P056,2024-12-14 0:00:00,3,9057.6,10,8151.84,10,delivered,Wallet
O16160,C0257,P074,2025-12-03 0:00:00,5,8995.92,20,7196.74,1,DELIVERED,Card
O16161,C0468,P085,2023-11-16 0:00:00,4,2511.08,0,2511.08,1,DELIVERED,Wallet
O16162,C0089,P079,2023-08-26 0:00:00,5,4449.43,5,4226.96,10,Delivered,UPI
O16163,C0344,P001,2024-05-27 0:00:00,2,5024.35,0,5024.35,11,Cancelled,COD
O16164,C0298,P026,2025-11-26 0:00:00,1,3031.27,10,2728.14,10,Delivered,Wallet
O16165,C0058,P034,2023-07-21 0:00:00,1,5135.92,15,4365.53,6,DELIVERED,UPI
O16166,C0045,P033,2023-09-24 0:00:00,4,9329.53,0,9329.53,8,DELIVERED,COD
O16167,C0242,P082,2023-12-01 0:00:00,5,9427.24,15,8013.15,4,DELIVERED,Card
O16168,C0314,P058,2024-03-16 0:00:00,3,6985.54,5,6636.26,7,Returned,COD
O16169,C0041,P096,2026-03-15 0:00:00,3,7671.76,0,7671.76,12,Returned,COD
O16170,C0099,P091,2025-08-29 0:00:00,5,2798.52,0,2798.52,7,DELIVERED,COD
O16171,C0213,P071,2024-09-20 0:00:00,2,3840.28,15,3264.24,4,Cancelled,Wallet
O16172,C0312,P006,2023-11-27 0:00:00,1,3821.66,5,3630.58,5,delivered,Card
O16173,C0060,P080,2026-03-23 0:00:00,2,5379.09,15,4572.23,12,DELIVERED,Wallet
O16174,C0253,P032,2023-01-07 0:00:00,4,2688.27,10,2419.44,5,delivered,COD
O16175,C0427,P058,2023-09-06 0:00:00,4,9410.61,0,9410.61,12,Returned,Card
O16176,C0310,P029,2026-03-14 0:00:00,2,6220.27,10,5598.24,6,Cancelled,UPI
O16177,C0145,P055,2024-10-31 0:00:00,2,7384.74,5,7015.5,8,Cancelled,UPI
O16178,C0042,P040,2024-11-10 0:00:00,1,8002.78,10,7202.5,12,Cancelled,Wallet
O16179,C0067,P017,2025-06-29 0:00:00,4,9445.25,0,9445.25,4,DELIVERED,UPI
O16180,C0285,P084,2023-04-15 0:00:00,1,6544.03,5,6216.83,6,delivered,Card
O16181,C0297,P016,2023-07-03 0:00:00,4,666.99,15,566.94,6,Delivered,COD
O16182,C0329,P053,2023-01-11 0:00:00,2,3672.97,15,3122.02,10,Delivered,Card
O16183,C0305,P001,2025-03-04 0:00:00,4,1554.27,5,1476.56,11,Returned,Card
O16184,C0302,P002,2024-04-19 0:00:00,5,9846.04,10,8861.44,8,DELIVERED,Wallet
O16185,C0485,P013,2023-09-25 0:00:00,5,3144.22,20,2515.38,1,Cancelled,Wallet
O16186,C0171,P004,2024-01-25 0:00:00,5,6273.3,10,5645.97,11,Delivered,UPI
O16187,C0101,P090,2025-08-28 0:00:00,3,7584.39,5,7205.17,11,Delivered,UPI
O16188,C0408,P019,2026-01-07 0:00:00,4,8171.69,5,7763.11,1,Cancelled,UPI
O16189,C0308,P071,2025-11-23 0:00:00,4,6444.54,5,6122.31,7,Cancelled,Wallet
O16190,C0390,P095,2025-07-06 0:00:00,5,6062.6,0,6062.6,1,Delivered,UPI
O16191,C0029,P056,2023-03-15 0:00:00,1,3583.28,15,3045.79,7,Cancelled,UPI
O16192,C0011,P049,2026-04-07 0:00:00,3,3792.43,15,3223.57,9,DELIVERED,Card
O16193,C0030,P078,2024-09-10 0:00:00,5,7753.63,15,6590.59,1,delivered,Wallet
O16194,C0172,P093,2024-05-25 0:00:00,4,2303.62,20,1842.9,11,Delivered,Wallet
O16195,C0357,P027,2023-04-18 0:00:00,5,5846.92,0,5846.92,3,Delivered,Wallet
O16196,C0389,P020,2023-04-10 0:00:00,4,7417.16,0,7417.16,7,Cancelled,Wallet
O16197,C0120,P073,2025-01-31 0:00:00,2,6306.25,20,5045,8,delivered,Wallet
O16198,C0357,P050,2024-01-22 0:00:00,3,1603.95,20,1283.16,9,Returned,COD
O16199,C0226,P041,2024-04-16 0:00:00,1,6294.4,20,5035.52,3,Cancelled,Wallet
O16200,C0486,P100,2024-05-15 0:00:00,1,4996.4,0,4996.4,12,Delivered,COD
O16201,C0161,P092,2026-02-21 0:00:00,5,5081.3,10,4573.17,6,Cancelled,Wallet
O16202,C0398,P074,2026-02-26 0:00:00,4,9072.69,5,8619.06,5,Returned,UPI
O16203,C0327,P049,2024-05-13 0:00:00,1,2755.95,5,2618.15,10,delivered,Card
O16204,C0075,P047,2025-03-09 0:00:00,3,981.19,20,784.95,8,Cancelled,Card
O16205,C0010,P058,2023-05-09 0:00:00,4,5450.48,5,5177.96,7,Cancelled,Wallet
O16206,C0415,P024,2026-02-01 0:00:00,2,9665.44,15,8215.62,2,Cancelled,Wallet
O16207,C0220,P041,2025-03-15 0:00:00,4,1857.28,5,1764.42,4,DELIVERED,Wallet
O16208,C0301,P020,2024-01-10 0:00:00,4,4310.7,5,4095.16,11,Returned,UPI
O16209,C0059,P077,2024-03-06 0:00:00,4,3611.19,15,3069.51,2,DELIVERED,Wallet
O16210,C0445,P014,2024-06-21 0:00:00,5,5183.95,5,4924.75,3,delivered,Wallet
O16211,C0459,P025,2023-01-30 0:00:00,5,1541.68,5,1464.6,2,Delivered,Wallet
O16212,C0185,P064,2023-09-05 0:00:00,3,4294.75,20,3435.8,7,Returned,Wallet
O16213,C0393,P083,2023-03-21 0:00:00,2,4715.61,5,4479.83,1,Delivered,UPI
O16214,C0095,P068,2024-07-15 0:00:00,1,4414.19,0,4414.19,9,Delivered,Wallet
O16215,C0450,P087,2025-02-21 0:00:00,1,8056.91,20,6445.53,9,Delivered,Wallet
O16216,C0105,P074,2024-07-29 0:00:00,3,8920.69,15,7582.59,3,DELIVERED,Wallet
O16217,C0207,P016,2026-03-03 0:00:00,3,960.59,15,816.5,2,Cancelled,COD
O16218,C0290,P053,2025-09-20 0:00:00,3,3752.37,15,3189.51,9,Returned,Card
O16219,C0341,P079,2023-12-13 0:00:00,4,8735.5,5,8298.73,7,Cancelled,Wallet
O16220,C0443,P050,2024-10-09 0:00:00,1,9950.21,15,8457.68,5,Returned,COD
O16221,C0154,P002,2025-03-11 0:00:00,5,4555.6,0,4555.6,7,delivered,UPI
O16222,C0336,P030,2025-12-08 0:00:00,1,9737.63,15,8276.99,7,DELIVERED,COD
O16223,C0025,P095,2026-03-22 0:00:00,4,9938.92,5,9441.97,3,Cancelled,Wallet
O16224,C0460,P092,2024-02-15 0:00:00,3,792.52,20,634.02,2,DELIVERED,Card
O16225,C0075,P004,2026-02-27 0:00:00,3,1581.08,5,1502.03,4,DELIVERED,Card
O16226,C0460,P051,2025-12-28 0:00:00,2,4343.77,15,3692.2,8,delivered,Wallet
O16227,C0130,P057,2023-11-04 0:00:00,3,8658.92,10,7793.03,11,delivered,UPI
O16228,C0058,P055,2024-08-21 0:00:00,3,3593.29,5,3413.63,10,Delivered,Wallet
O16229,C0042,P053,2025-08-01 0:00:00,3,7701.87,5,7316.78,3,DELIVERED,Card
O16230,C0326,P084,2024-12-20 0:00:00,3,5722.45,10,5150.2,9,Cancelled,COD
O16231,C0269,P024,2025-10-26 0:00:00,5,7683.47,5,7299.3,3,DELIVERED,Wallet
O16232,C0414,P025,2023-11-17 0:00:00,5,2442.81,0,2442.81,4,DELIVERED,Wallet
O16233,C0149,P033,2023-05-22 0:00:00,2,5023.63,0,5023.63,10,Cancelled,UPI
O16234,C0047,P083,2023-05-23 0:00:00,5,568.44,5,540.02,7,Cancelled,Card
O16235,C0498,P018,2024-04-26 0:00:00,1,6934.54,10,6241.09,6,Delivered,UPI
O16236,C0021,P025,2024-05-22 0:00:00,2,9190.46,15,7811.89,4,delivered,Wallet
O16237,C0407,P083,2026-02-24 0:00:00,2,4399.98,0,4399.98,5,Delivered,Wallet
O16238,C0413,P095,2024-10-19 0:00:00,5,7170.36,5,6811.84,12,Returned,UPI
O16239,C0179,P022,2024-05-11 0:00:00,3,2354.02,5,2236.32,4,Returned,COD
O16240,C0064,P006,2024-06-01 0:00:00,5,1123.24,20,898.59,9,Returned,COD
O16241,C0343,P032,2024-09-04 0:00:00,4,8535.47,5,8108.7,7,Cancelled,UPI
O16242,C0263,P058,2024-01-17 0:00:00,5,9771.46,15,8305.74,9,delivered,Wallet
O16243,C0132,P021,2025-02-11 0:00:00,4,1701.67,20,1361.34,12,DELIVERED,Wallet
O16244,C0059,P024,2025-11-07 0:00:00,2,2615.03,5,2484.28,11,Delivered,Wallet
O16245,C0173,P024,2023-01-06 0:00:00,3,6921.89,15,5883.61,8,Delivered,Wallet
O16246,C0128,P007,2024-10-19 0:00:00,5,615.65,20,492.52,2,Returned,UPI
O16247,C0423,P090,2025-06-11 0:00:00,3,5640.19,20,4512.15,11,Delivered,Wallet
O16248,C0005,P028,2026-04-15 0:00:00,2,4496.97,20,3597.58,11,Cancelled,Wallet
O16249,C0062,P098,2025-05-12 0:00:00,2,3408.03,10,3067.23,12,delivered,Card
O16250,C0459,P070,2025-12-25 0:00:00,1,6405.16,5,6084.9,6,delivered,Card
O16251,C0169,P034,2024-04-28 0:00:00,5,6167.72,10,5550.95,12,DELIVERED,UPI
O16252,C0389,P088,2025-10-18 0:00:00,4,5485.49,5,5211.22,12,Cancelled,Wallet
O16253,C0261,P036,2025-12-25 0:00:00,2,6959.08,10,6263.17,8,Cancelled,Card
O16254,C0270,P032,2023-08-06 0:00:00,3,6981.83,20,5585.46,11,DELIVERED,Wallet
O16255,C0287,P071,2023-12-17 0:00:00,4,8173.88,20,6539.1,4,delivered,Card
O16256,C0095,P061,2023-03-27 0:00:00,5,1926.05,20,1540.84,10,Delivered,UPI
O16257,C0462,P014,2024-11-13 0:00:00,1,1900.78,10,1710.7,12,Cancelled,Wallet
O16258,C0093,P033,2023-01-27 0:00:00,5,1483.56,0,1483.56,1,Delivered,Wallet
O16259,C0411,P072,2026-03-01 0:00:00,1,4635.27,20,3708.22,3,Delivered,Card
O16260,C0028,P093,2023-04-13 0:00:00,2,9053.73,15,7695.67,12,delivered,Wallet
O16261,C0174,P100,2023-09-28 0:00:00,3,1141.38,20,913.1,9,DELIVERED,Wallet
O16262,C0182,P012,2023-06-02 0:00:00,1,3343.8,20,2675.04,9,Returned,UPI
O16263,C0169,P081,2024-01-15 0:00:00,4,5820.82,20,4656.66,7,Delivered,COD
O16264,C0378,P079,2025-04-23 0:00:00,5,6559.05,0,6559.05,9,Delivered,Card
O16265,C0416,P077,2025-08-23 0:00:00,4,8394.63,20,6715.7,11,Cancelled,UPI
O16266,C0214,P045,2023-04-29 0:00:00,3,674.3,0,674.3,4,delivered,COD
O16267,C0146,P029,2023-06-14 0:00:00,4,8406.21,5,7985.9,12,delivered,Wallet
O16268,C0141,P048,2026-02-07 0:00:00,1,1410.21,0,1410.21,1,Cancelled,Wallet
O16269,C0303,P038,2023-11-20 0:00:00,4,8284.17,5,7869.96,11,Returned,Wallet
O16270,C0135,P009,2024-08-24 0:00:00,4,3672,20,2937.6,6,delivered,COD
O16271,C0078,P015,2024-07-03 0:00:00,5,6251.63,20,5001.3,6,Cancelled,Card
O16272,C0405,P027,2024-07-12 0:00:00,1,5298.19,0,5298.19,6,Cancelled,Card
O16273,C0050,P081,2024-05-20 0:00:00,3,7920.62,20,6336.5,4,Returned,Wallet
O16274,C0361,P096,2025-05-23 0:00:00,3,945.15,5,897.89,5,delivered,Wallet
O16275,C0296,P049,2025-02-08 0:00:00,2,4511.31,5,4285.74,12,Delivered,COD
O16276,C0267,P092,2024-11-25 0:00:00,5,2718.55,10,2446.7,6,Returned,UPI
O16277,C0453,P073,2026-02-01 0:00:00,1,6400.67,10,5760.6,11,DELIVERED,Card
O16278,C0369,P012,2023-12-21 0:00:00,1,9242.05,0,9242.05,8,Returned,Wallet
O16279,C0399,P073,2025-10-03 0:00:00,2,6603.54,0,6603.54,5,Delivered,UPI
O16280,C0107,P054,2025-01-08 0:00:00,3,579.11,5,550.15,10,Cancelled,COD
O16281,C0139,P001,2025-04-16 0:00:00,3,8684.98,15,7382.23,5,Delivered,COD
O16282,C0039,P045,2025-10-08 0:00:00,3,4790.35,10,4311.32,1,Delivered,Wallet
O16283,C0021,P032,2026-03-19 0:00:00,3,2178.23,20,1742.58,2,Delivered,Wallet
O16284,C0149,P042,2023-12-13 0:00:00,5,8069.19,15,6858.81,3,Cancelled,Wallet
O16285,C0164,P027,2023-06-14 0:00:00,3,9792.24,10,8813.02,7,DELIVERED,UPI
O16286,C0002,P043,2023-07-15 0:00:00,1,4983.89,20,3987.11,11,DELIVERED,Wallet
O16287,C0338,P081,2023-10-24 0:00:00,1,9792.83,0,9792.83,4,Cancelled,Wallet
O16288,C0238,P075,2024-02-07 0:00:00,3,3411.16,15,2899.49,3,DELIVERED,UPI
O16289,C0360,P029,2024-01-18 0:00:00,1,9881.9,20,7905.52,7,Cancelled,Card
O16290,C0009,P004,2024-02-25 0:00:00,1,5587.01,5,5307.66,9,Cancelled,Card
O16291,C0413,P098,2023-01-20 0:00:00,4,1535.84,20,1228.67,3,Cancelled,Card
O16292,C0390,P097,2025-07-21 0:00:00,1,3637.07,20,2909.66,12,Cancelled,Card
O16293,C0390,P093,2026-01-24 0:00:00,4,6974.29,5,6625.58,4,Delivered,Wallet
O16294,C0480,P019,2023-09-08 0:00:00,2,5457.57,5,5184.69,4,Cancelled,Card
O16295,C0438,P029,2024-10-01 0:00:00,3,9956.7,20,7965.36,8,Cancelled,UPI
O16296,C0092,P069,2023-04-26 0:00:00,2,1555.68,5,1477.9,9,Delivered,Wallet
O16297,C0268,P085,2024-06-02 0:00:00,2,5678.84,0,5678.84,11,Returned,Wallet
O16298,C0350,P046,2025-11-11 0:00:00,2,8244.21,5,7832,8,Cancelled,Wallet
O16299,C0046,P001,2025-09-22 0:00:00,3,7116.15,10,6404.53,2,delivered,UPI
O16300,C0098,P058,2026-03-27 0:00:00,1,2713.32,0,2713.32,11,Cancelled,COD
O16301,C0391,P009,2023-02-17 0:00:00,5,9087.91,15,7724.72,10,DELIVERED,Card
O16302,C0312,P073,2023-12-11 0:00:00,5,9698.77,15,8243.95,11,Delivered,Wallet
O16303,C0280,P042,2023-10-28 0:00:00,4,8624.37,0,8624.37,10,delivered,COD
O16304,C0309,P026,2025-05-24 0:00:00,5,8768.14,10,7891.33,10,DELIVERED,COD
O16305,C0138,P098,2023-06-18 0:00:00,4,5037.28,15,4281.69,8,DELIVERED,Card
O16306,C0303,P085,2023-09-05 0:00:00,1,5053.42,15,4295.41,9,Returned,Wallet
O16307,C0430,P033,2024-07-02 0:00:00,4,4100.58,0,4100.58,6,Cancelled,UPI
O16308,C0377,P070,2024-02-13 0:00:00,2,5522.62,10,4970.36,3,Cancelled,Wallet
O16309,C0073,P077,2023-03-26 0:00:00,3,9337.39,10,8403.65,6,Delivered,Wallet
O16310,C0459,P024,2024-04-22 0:00:00,1,3144.48,5,2987.26,3,DELIVERED,Wallet
O16311,C0295,P004,2025-09-09 0:00:00,4,5473.58,5,5199.9,11,delivered,Card
O16312,C0195,P070,2024-01-25 0:00:00,3,3621.36,15,3078.16,9,delivered,UPI
O16313,C0426,P037,2024-12-21 0:00:00,4,8574.6,10,7717.14,10,Delivered,Card
O16314,C0146,P004,2024-07-25 0:00:00,4,730.57,0,730.57,8,Delivered,UPI
O16315,C0060,P023,2024-09-17 0:00:00,1,3965.15,0,3965.15,11,DELIVERED,Wallet
O16316,C0497,P062,2024-04-03 0:00:00,1,8523.93,15,7245.34,7,delivered,UPI
O16317,C0324,P028,2025-08-11 0:00:00,4,4965.17,5,4716.91,11,delivered,Wallet
O16318,C0238,P015,2026-01-05 0:00:00,1,547.79,10,493.01,8,Returned,COD
O16319,C0222,P047,2024-10-22 0:00:00,4,3111.94,15,2645.15,7,Returned,COD
O16320,C0056,P010,2026-02-15 0:00:00,2,6020.92,10,5418.83,2,Cancelled,COD
O16321,C0151,P020,2023-01-15 0:00:00,4,2255.56,15,1917.23,-1,delivered,Wallet
O16322,C0089,P017,2024-09-29 0:00:00,1,6886.79,15,5853.77,7,Delivered,UPI
O16323,C0250,P074,2024-07-02 0:00:00,4,2632.38,0,2632.38,10,Returned,Wallet
O16324,C0075,P082,2025-04-14 0:00:00,4,6391.91,0,6391.91,7,Cancelled,COD
O16325,C0317,P011,2024-10-08 0:00:00,5,4074.2,5,3870.49,11,Delivered,Card
O16326,C0339,P040,2025-05-15 0:00:00,2,8915.79,15,7578.42,3,Delivered,Wallet
O16327,C0395,P048,2025-07-08 0:00:00,1,2477.37,20,1981.9,10,Cancelled,COD
O16328,C0446,P064,2023-12-17 0:00:00,1,1948.43,15,1656.17,3,delivered,Wallet
O16329,C0458,P046,2025-12-30 0:00:00,1,6599.23,10,5939.31,6,Returned,COD
O16330,C0180,P079,2023-07-17 0:00:00,2,7108.4,20,5686.72,9,DELIVERED,Wallet
O16331,C0056,P014,2023-07-15 0:00:00,2,2491.67,15,2117.92,6,delivered,UPI
O16332,C0017,P046,2026-01-29 0:00:00,4,5977,0,5977,1,DELIVERED,Card
O16333,C0084,P100,2024-11-15 0:00:00,3,1036.47,0,1036.47,6,Cancelled,Wallet
O16334,C0400,P005,2025-08-29 0:00:00,3,8771.92,10,7894.73,9,Returned,Wallet
O16335,C0252,P079,2024-02-15 0:00:00,4,4324.61,15,3675.92,3,delivered,Wallet
O16336,C0127,P049,2025-07-09 0:00:00,2,8874.81,10,7987.33,6,Cancelled,Wallet
O16337,C0213,P014,2023-03-08 0:00:00,4,9220.27,5,8759.26,9,Returned,COD
O16338,C0220,P100,2023-09-15 0:00:00,5,4479.05,0,4479.05,9,Cancelled,COD
O16339,C0088,P068,2023-03-10 0:00:00,5,1831.24,0,1831.24,3,Returned,Card
O16340,C0350,P032,2023-11-28 0:00:00,1,3057.66,15,2599.01,8,delivered,UPI
O16341,C0279,P081,2024-09-29 0:00:00,1,7530.72,15,6401.11,11,Delivered,COD
O16342,C0110,P034,2024-08-22 0:00:00,4,9456.24,20,7564.99,10,delivered,Card
O16343,C0013,P004,2026-02-27 0:00:00,3,9896,10,8906.4,1,DELIVERED,Wallet
O16344,C0381,P003,2025-10-24 0:00:00,5,5897.89,0,5897.89,9,Delivered,Wallet
O16345,C0350,P055,2025-09-16 0:00:00,5,6500.97,5,6175.92,11,delivered,UPI
O16346,C0240,P001,2023-08-29 0:00:00,2,4566.24,20,3652.99,12,delivered,COD
O16347,C0453,P007,2024-07-10 0:00:00,3,976.94,5,928.09,5,DELIVERED,Card
O16348,C0111,P090,2024-08-03 0:00:00,2,4243.73,20,3394.98,4,Delivered,Wallet
O16349,C0091,P081,2023-09-25 0:00:00,5,8898.57,20,7118.86,1,DELIVERED,COD
O16350,C0411,P075,2024-01-26 0:00:00,3,4329.1,15,3679.74,7,delivered,COD
O16351,C0131,P041,2025-06-05 0:00:00,5,6721.11,10,6049,7,Returned,Wallet
O16352,C0223,P074,2023-03-17 0:00:00,3,1936.2,20,1548.96,1,Returned,Card
O16353,C0297,P011,2025-10-19 0:00:00,2,3316.83,5,3150.99,2,DELIVERED,Wallet
O16354,C0498,P040,2025-09-28 0:00:00,5,5490.43,5,5215.91,10,DELIVERED,Card
O16355,C0495,P071,2025-04-06 0:00:00,4,5195.06,0,5195.06,7,Cancelled,Card
O16356,C0422,P020,2024-04-03 0:00:00,2,503.22,15,427.74,5,Returned,Wallet
O16357,C0321,P088,2026-01-01 0:00:00,3,1914.38,5,1818.66,8,DELIVERED,UPI
O16358,C0223,P056,2024-02-29 0:00:00,4,2554.88,0,2554.88,12,Cancelled,Wallet
O16359,C0083,P090,2024-09-24 0:00:00,4,9627.71,5,9146.32,3,delivered,UPI
O16360,C0333,P024,2023-06-01 0:00:00,3,6911.9,20,5529.52,6,Returned,Wallet
O16361,C0221,P001,2023-11-09 0:00:00,3,4539.69,10,4085.72,1,Returned,Card
O16362,C0151,P085,2024-06-03 0:00:00,2,2836.66,0,2836.66,12,delivered,Card
O16363,C0054,P043,2025-04-01 0:00:00,1,5392.64,15,4583.74,5,DELIVERED,Wallet
O16364,C0053,P026,2025-11-05 0:00:00,3,3944.49,5,3747.27,11,Delivered,UPI
O16365,C0234,P006,2023-04-05 0:00:00,2,2845.52,15,2418.69,5,Cancelled,Card
O16366,C0407,P100,2024-09-16 0:00:00,2,6853.08,0,6853.08,2,Returned,COD
O16367,C0253,P084,2024-05-21 0:00:00,5,2021.34,15,1718.14,10,Delivered,UPI
O16368,C0316,P010,2025-06-11 0:00:00,2,6068.67,20,4854.94,2,Delivered,Card
O16369,C0217,P041,2023-08-22 0:00:00,3,2741.66,5,2604.58,11,delivered,Card
O16370,C0319,P006,2023-06-23 0:00:00,5,9872.54,20,7898.03,4,Returned,Wallet
O16371,C0067,P036,2024-04-05 0:00:00,4,2546.3,20,2037.04,6,DELIVERED,Wallet
O16372,C0207,P016,2024-03-21 0:00:00,1,6524.29,15,5545.65,6,DELIVERED,COD
O16373,C0457,P032,2023-09-14 0:00:00,5,923.34,5,877.17,5,Cancelled,UPI
O16374,C0354,P085,2024-06-08 0:00:00,4,9413.56,10,8472.2,7,delivered,UPI
O16375,C0342,P025,2023-05-01 0:00:00,2,6189.38,0,6189.38,1,delivered,COD
O16376,C0155,P047,2023-01-30 0:00:00,4,9836.65,5,9344.82,2,Delivered,COD
O16377,C0232,P061,2024-09-04 0:00:00,1,9073.98,10,8166.58,2,Cancelled,Card
O16378,C0123,P019,2025-06-03 0:00:00,4,2287.23,15,1944.15,3,Returned,Wallet
O16379,C0193,P069,2024-01-29 0:00:00,5,8492.9,5,8068.25,4,DELIVERED,UPI
O16380,C0438,P004,2024-10-11 0:00:00,1,3836.97,10,3453.27,2,DELIVERED,Wallet
O16381,C0247,P033,2023-07-18 0:00:00,2,3351.27,20,2681.02,11,Returned,UPI
O16382,C0275,P001,2025-06-16 0:00:00,4,5410.87,0,5410.87,9,Cancelled,UPI
O16383,C0402,P032,2025-01-15 0:00:00,1,2297.78,5,2182.89,10,delivered,COD
O16384,C0398,P033,2024-10-28 0:00:00,4,1812.88,10,1631.59,2,Cancelled,COD
O16385,C0062,P035,2025-07-10 0:00:00,4,9683.53,20,7746.82,12,delivered,COD
O16386,C0420,P038,2024-02-21 0:00:00,5,7047.12,15,5990.05,11,Cancelled,Card
O16387,C0246,P094,2025-11-19 0:00:00,2,5965.01,15,5070.26,8,Returned,COD
O16388,C0201,P062,2023-08-04 0:00:00,4,3455.8,0,3455.8,9,delivered,Wallet
O16389,C0008,P037,2025-01-31 0:00:00,1,9427.22,20,7541.78,1,DELIVERED,Wallet
O16390,C0101,P010,2023-10-23 0:00:00,5,9878.17,10,8890.35,2,Cancelled,Card
O16391,C0193,P022,2024-09-30 0:00:00,5,8527.55,15,7248.42,1,Delivered,UPI
O16392,C0081,P060,2023-11-11 0:00:00,2,8714.02,20,6971.22,2,Cancelled,COD
O16393,C0443,P033,2025-09-10 0:00:00,3,2093.67,20,1674.94,12,delivered,Wallet
O16394,C0019,P036,2024-12-08 0:00:00,4,2822.78,15,2399.36,8,Cancelled,Wallet
O16395,C0258,P099,2025-06-17 0:00:00,5,2643.23,10,2378.91,6,Returned,UPI
O16396,C0177,P046,2023-07-05 0:00:00,2,3861.86,10,3475.67,7,Delivered,Wallet
O16397,C0125,P068,2024-11-26 0:00:00,1,9040.41,0,9040.41,10,delivered,Card
O16398,C0243,P053,2024-07-20 0:00:00,1,6626.73,10,5964.06,5,Returned,Wallet
O16399,C0017,P021,2024-12-28 0:00:00,4,5435,10,4891.5,7,Cancelled,Wallet
O16400,C0317,P065,2025-02-02 0:00:00,3,7176.99,15,6100.44,6,DELIVERED,UPI
O16401,C0324,P016,2024-08-26 0:00:00,3,8167.77,15,6942.6,8,Delivered,UPI
O16402,C0483,P083,2025-02-02 0:00:00,2,584.84,20,467.87,5,Returned,Card
O16403,C0462,P036,2025-05-24 0:00:00,1,5590.78,10,5031.7,4,Delivered,UPI
O16404,C0345,P086,2025-11-04 0:00:00,5,6629.33,20,5303.46,4,DELIVERED,Card
O16405,C0425,P060,2024-01-12 0:00:00,3,9131.9,15,7762.11,10,Delivered,UPI
O16406,C0148,P089,2023-02-06 0:00:00,4,4680.63,0,4680.63,4,Cancelled,Wallet
O16407,C0043,P017,2026-01-29 0:00:00,3,8907.81,0,8907.81,8,DELIVERED,Card
O16408,C0025,P043,2026-01-31 0:00:00,5,8744.48,15,7432.81,5,delivered,UPI
O16409,C0489,P050,2023-11-21 0:00:00,3,4843.46,15,4116.94,11,Returned,COD
O16410,C0089,P088,2023-04-09 0:00:00,2,5532.2,20,4425.76,11,delivered,COD
O16411,C0165,P071,2023-10-27 0:00:00,1,8804.15,15,7483.53,1,DELIVERED,Card
O16412,C0315,P069,2024-04-26 0:00:00,4,7534.84,0,7534.84,8,delivered,UPI
O16413,C0467,P075,2025-02-09 0:00:00,5,9377.94,15,7971.25,10,Delivered,Wallet
O16414,C0080,P063,2025-06-27 0:00:00,1,4353.71,5,4136.02,1,delivered,Wallet
O16415,C0396,P067,2025-04-07 0:00:00,3,3077.9,5,2924.01,12,delivered,COD
O16416,C0192,P065,2025-12-01 0:00:00,5,3804.55,5,3614.32,1,Cancelled,COD
O16417,C0118,P078,2025-02-28 0:00:00,5,9122.35,10,8210.11,12,DELIVERED,COD
O16418,C0495,P005,2025-06-16 0:00:00,5,7050.21,10,6345.19,8,Returned,Wallet
O16419,C0012,P010,2025-11-27 0:00:00,1,7169.66,5,6811.18,8,DELIVERED,Card
O16420,C0280,P016,2023-04-07 0:00:00,2,5675.32,15,4824.02,5,delivered,Wallet
O16421,C0225,P032,2023-09-26 0:00:00,2,3427.52,15,2913.39,3,delivered,Wallet
O16422,C0168,P050,2023-08-30 0:00:00,5,6841.62,10,6157.46,11,Returned,Wallet
O16423,C0184,P075,2025-12-27 0:00:00,2,3808.13,15,3236.91,3,delivered,Wallet
O16424,C0234,P098,2024-07-30 0:00:00,4,5863.17,10,5276.85,3,Cancelled,Wallet
O16425,C0290,P084,2024-09-07 0:00:00,2,1199.2,5,1139.24,12,Delivered,Card
O16426,C0473,P042,2025-08-24 0:00:00,5,9202.08,10,8281.87,10,delivered,Wallet
O16427,C0174,P049,2023-01-28 0:00:00,3,8800.59,10,7920.53,1,delivered,UPI
O16428,C0110,P055,2023-07-05 0:00:00,3,3685.74,20,2948.59,5,Cancelled,UPI
O16429,C0188,P043,2023-03-17 0:00:00,3,1634.06,5,1552.36,6,Delivered,Card
O16430,C0455,P021,2023-06-26 0:00:00,5,9487.21,15,8064.13,11,Delivered,UPI
O16431,C0200,P051,2026-03-06 0:00:00,1,1010.93,15,859.29,7,DELIVERED,COD
O16432,C0057,P065,2024-01-22 0:00:00,5,3337.18,5,3170.32,6,delivered,Wallet
O16433,C0448,P028,2024-07-12 0:00:00,2,8803.42,15,7482.91,9,Returned,Wallet
O16434,C0118,P038,2024-01-16 0:00:00,5,8360.41,15,7106.35,3,Cancelled,UPI
O16435,C0062,P007,2023-10-16 0:00:00,4,4178.49,20,3342.79,12,Returned,UPI
O16436,C0211,P006,2025-04-17 0:00:00,1,3857.88,5,3664.99,12,Cancelled,Wallet
O16437,C0056,P086,2024-05-11 0:00:00,1,1777.61,20,1422.09,5,Returned,UPI
O16438,C0048,P052,2024-07-23 0:00:00,2,4432.98,20,3546.38,9,Returned,UPI
O16439,C0309,P041,2023-07-04 0:00:00,2,8432.68,10,7589.41,3,Delivered,COD
O16440,C0276,P058,2024-12-18 0:00:00,3,2923.8,20,2339.04,5,delivered,COD
O16441,C0192,P075,2023-08-23 0:00:00,1,4400.43,20,3520.34,7,Cancelled,COD
O16442,C0190,P094,2024-10-04 0:00:00,1,5038.1,10,4534.29,5,delivered,Wallet
O16443,C0486,P039,2024-03-04 0:00:00,5,4426.32,0,4426.32,11,delivered,COD
O16444,C0043,P069,2024-07-20 0:00:00,4,1600.53,15,1360.45,4,Delivered,COD
O16445,C0004,P086,2023-08-08 0:00:00,3,2080.7,20,1664.56,6,Returned,Wallet
O16446,C0408,P099,2024-12-03 0:00:00,5,3387.48,10,3048.73,7,delivered,COD
O16447,C0484,P025,2024-02-19 0:00:00,2,9819.39,0,9819.39,6,Cancelled,Card
O16448,C0117,P091,2025-10-14 0:00:00,4,9287.26,5,8822.9,11,Delivered,COD
O16449,C0231,P024,2024-01-25 0:00:00,2,8751.89,5,8314.3,2,Delivered,Wallet
O16450,C0235,P022,2023-07-15 0:00:00,2,6422.03,10,5779.83,3,DELIVERED,Wallet
O16451,C0126,P062,2023-03-12 0:00:00,1,7637.67,5,7255.79,12,Returned,Wallet
O16452,C0153,P082,2025-01-11 0:00:00,2,4295.29,20,3436.23,3,delivered,Wallet
O16453,C0102,P010,2023-03-19 0:00:00,1,6634.3,0,6634.3,5,delivered,Card
O16454,C0437,P089,2025-08-27 0:00:00,1,7733.18,5,7346.52,10,delivered,COD
O16455,C0483,P035,2024-10-11 0:00:00,5,4910,20,3928,12,DELIVERED,Wallet
O16456,C0025,P089,2023-06-27 0:00:00,3,1235.46,20,988.37,6,Cancelled,UPI
O16457,C0107,P089,2024-01-04 0:00:00,3,1268.4,10,1141.56,8,Cancelled,Card
O16458,C0113,P041,2024-12-24 0:00:00,1,1880.07,0,1880.07,10,delivered,UPI
O16459,C0410,P082,2024-01-26 0:00:00,5,2177.83,0,2177.83,11,Cancelled,Card
O16460,C0344,P060,2026-04-04 0:00:00,1,7503.28,0,7503.28,1,Returned,COD
O16461,C0301,P067,2024-01-02 0:00:00,5,8767.12,20,7013.7,8,delivered,Card
O16462,C0132,P051,2023-11-25 0:00:00,4,4616.7,20,3693.36,1,Delivered,Card
O16463,C0423,P027,2025-01-06 0:00:00,2,9777.71,20,7822.17,4,Delivered,UPI
O16464,C0177,P046,2023-10-07 0:00:00,1,4334.99,10,3901.49,9,Delivered,Wallet
O16465,C0272,P092,2025-06-12 0:00:00,4,1808.8,15,1537.48,9,delivered,UPI
O16466,C0484,P056,2025-05-17 0:00:00,4,6499.51,0,6499.51,5,Cancelled,UPI
O16467,C0358,P007,2023-03-05 0:00:00,3,4328.22,10,3895.4,7,Returned,Wallet
O16468,C0252,P040,2025-06-14 0:00:00,2,2827.02,20,2261.62,1,Returned,UPI
O16469,C0294,P013,2024-12-31 0:00:00,4,6204.39,10,5583.95,5,delivered,COD
O16470,C0158,P004,2023-05-07 0:00:00,4,9571.79,10,8614.61,12,Returned,Card
O16471,C0479,P067,2024-12-04 0:00:00,5,7412.82,10,6671.54,4,DELIVERED,COD
O16472,C0338,P020,2026-02-11 0:00:00,1,4986.34,5,4737.02,8,Returned,Card
O16473,C0375,P059,2026-02-15 0:00:00,2,1725.88,15,1467,11,Returned,Wallet
O16474,C0325,P034,2024-08-15 0:00:00,4,7311.86,15,6215.08,7,Cancelled,COD
O16475,C0361,P007,2026-02-25 0:00:00,5,2975.39,20,2380.31,12,Delivered,Wallet
O16476,C0493,P023,2023-04-03 0:00:00,1,2444.54,0,2444.54,7,Delivered,COD
O16477,C0316,P065,2026-01-09 0:00:00,4,1732.06,0,1732.06,8,DELIVERED,Wallet
O16478,C0209,P063,2024-12-25 0:00:00,2,7347.92,15,6245.73,10,Cancelled,UPI
O16479,C0184,P042,2024-09-13 0:00:00,1,3519.21,10,3167.29,4,DELIVERED,Wallet
O16480,C0414,P002,2025-08-18 0:00:00,4,7325.72,20,5860.58,10,delivered,UPI
O16481,C0338,P076,2023-06-02 0:00:00,4,3151.4,0,3151.4,11,Cancelled,COD
O16482,C0315,P093,2024-10-16 0:00:00,5,8241.13,5,7829.07,8,delivered,COD
O16483,C0332,P030,2025-01-25 0:00:00,2,4096.93,0,4096.93,12,Delivered,Wallet
O16484,C0068,P011,2024-04-22 0:00:00,5,6399.86,5,6079.87,3,Cancelled,COD
O16485,C0489,P031,2026-03-22 0:00:00,3,7767.77,20,6214.22,5,Returned,Card
O16486,C0463,P070,2025-01-14 0:00:00,3,4926.85,0,4926.85,5,Returned,Card
O16487,C0271,P100,2023-10-19 0:00:00,2,9196.75,20,7357.4,3,Cancelled,Wallet
O16488,C0408,P012,2023-08-02 0:00:00,5,3119.03,5,2963.08,9,Cancelled,Wallet
O16489,C0234,P026,2025-08-03 0:00:00,1,4792.6,15,4073.71,9,Returned,UPI
O16490,C0358,P049,2024-11-19 0:00:00,3,6605.74,20,5284.59,6,Cancelled,Wallet
O16491,C0130,P052,2024-11-06 0:00:00,4,9410.38,20,7528.3,5,Returned,COD
O16492,C0173,P002,2025-12-15 0:00:00,3,8049.53,15,6842.1,6,Cancelled,Card
O16493,C0156,P070,2024-10-27 0:00:00,4,9314.08,10,8382.67,5,Delivered,Card
O16494,C0023,P072,2023-10-17 0:00:00,1,3498.27,10,3148.44,4,delivered,Card
O16495,C0473,P011,2023-01-25 0:00:00,1,7088.75,15,6025.44,6,Returned,Wallet
O16496,C0136,P065,2023-12-08 0:00:00,1,2444.01,0,2444.01,8,Returned,UPI
O16497,C0330,P033,2025-09-18 0:00:00,1,6606.2,10,5945.58,5,Delivered,Wallet
O16498,C0187,P086,2025-03-23 0:00:00,1,3056.59,10,2750.93,12,Delivered,Wallet
O16499,C0330,P062,2023-12-07 0:00:00,1,967.36,0,967.36,4,DELIVERED,Wallet
O16500,C0215,P077,2025-08-18 0:00:00,3,6482.77,20,5186.22,4,Cancelled,UPI
O16501,C0338,P056,2023-02-04 0:00:00,2,7292.07,10,6562.86,12,DELIVERED,UPI
O16502,C0254,P082,2025-06-18 0:00:00,1,6779.18,5,6440.22,8,Cancelled,Card
O16503,C0198,P017,2026-03-18 0:00:00,5,4265.39,5,4052.12,2,Returned,Wallet
O16504,C0323,P043,2023-07-20 0:00:00,5,4668.88,10,4201.99,4,Returned,COD
O16505,C0245,P100,2023-08-21 0:00:00,1,7562.61,15,6428.22,7,Delivered,Wallet
O16506,C0340,P027,2024-10-07 0:00:00,3,8575.41,0,8575.41,7,Cancelled,COD
O16507,C0275,P091,2025-11-05 0:00:00,5,567.15,15,482.08,9,Cancelled,COD
O16508,C0142,P032,2023-02-16 0:00:00,5,4276.46,0,4276.46,10,Delivered,Wallet
O16509,C0018,P094,2025-12-21 0:00:00,2,1235.56,10,1112,7,delivered,Wallet
O16510,C0192,P014,2025-02-24 0:00:00,1,3052.53,5,2899.9,2,Returned,UPI
O16511,C0297,P075,2026-02-15 0:00:00,3,5629.26,5,5347.8,9,Cancelled,UPI
O16512,C0027,P009,2025-02-25 0:00:00,1,903.7,15,768.14,4,Delivered,UPI
O16513,C0158,P056,2023-09-01 0:00:00,5,9041.49,20,7233.19,5,DELIVERED,COD
O16514,C0051,P079,2025-02-16 0:00:00,4,9162.11,0,9162.11,3,Returned,UPI
O16515,C0128,P085,2025-05-19 0:00:00,1,7507.34,20,6005.87,10,Cancelled,Wallet
O16516,C0401,P084,2025-05-28 0:00:00,3,8104.43,15,6888.77,10,Delivered,UPI
O16517,C0387,P012,2023-11-27 0:00:00,1,8190.94,5,7781.39,9,Returned,Wallet
O16518,C0044,P098,2025-02-08 0:00:00,5,586.78,5,557.44,8,Delivered,Card
O16519,C0054,P028,2026-02-26 0:00:00,1,6532.47,5,6205.85,9,Returned,COD
O16520,C0118,P066,2023-12-21 0:00:00,5,3271.08,20,2616.86,2,DELIVERED,Wallet
O16521,C0420,P078,2024-11-29 0:00:00,5,2464.72,5,2341.48,3,Returned,Wallet
O16522,C0327,P095,2025-02-16 0:00:00,4,1644.26,10,1479.83,1,Cancelled,Wallet
O16523,C0075,P081,2024-08-11 0:00:00,4,1580.64,20,1264.51,4,delivered,Wallet
O16524,C0346,P041,2023-05-24 0:00:00,5,8630.62,0,8630.62,9,DELIVERED,Wallet
O16525,C0311,P070,2024-10-29 0:00:00,2,4786.14,5,4546.83,3,Returned,Card
O16526,C0167,P039,2025-07-15 0:00:00,4,9043.79,20,7235.03,7,Returned,Wallet
O16527,C0017,P004,2023-08-05 0:00:00,3,2139.64,5,2032.66,9,Cancelled,Wallet
O16528,C0238,P098,2024-07-26 0:00:00,4,5879.98,15,4997.98,12,DELIVERED,COD
O16529,C0340,P016,2023-09-08 0:00:00,2,5886.46,10,5297.81,8,DELIVERED,Card
O16530,C0074,P037,2023-12-23 0:00:00,4,8439.58,5,8017.6,8,Returned,COD
O16531,C0107,P079,2025-07-09 0:00:00,2,1016.95,0,1016.95,6,Cancelled,UPI
O16532,C0345,P033,2024-01-03 0:00:00,2,3843.74,15,3267.18,6,delivered,COD
O16533,C0483,P024,2025-10-26 0:00:00,2,8497.12,15,7222.55,12,delivered,Wallet
O16534,C0178,P025,2025-05-28 0:00:00,3,656.81,20,525.45,12,DELIVERED,UPI
O16535,C0357,P078,2023-05-07 0:00:00,1,4033.17,5,3831.51,8,Delivered,Wallet
O16536,C0324,P091,2024-01-31 0:00:00,3,1610.23,20,1288.18,9,Returned,UPI
O16537,C0446,P056,2023-10-26 0:00:00,1,7807.5,20,6246,6,delivered,UPI
O16538,C0392,P023,2023-09-08 0:00:00,1,928.53,10,835.68,11,DELIVERED,Wallet
O16539,C0379,P079,2026-02-11 0:00:00,4,3871.84,0,3871.84,8,Cancelled,Wallet
O16540,C0437,P027,2023-12-27 0:00:00,3,9350.1,10,8415.09,4,Returned,Card
O16541,C0120,P082,2025-03-27 0:00:00,4,7218.58,5,6857.65,10,DELIVERED,COD
O16542,C0306,P057,2025-03-28 0:00:00,1,2823.7,15,2400.14,11,Cancelled,COD
O16543,C0168,P012,2023-11-01 0:00:00,1,6931.26,5,6584.7,9,Returned,Wallet
O16544,C0365,P084,2023-01-03 0:00:00,1,8396.23,15,7136.8,12,DELIVERED,Card
O16545,C0159,P086,2025-01-05 0:00:00,2,4633.53,10,4170.18,12,Returned,UPI
O16546,C0319,P015,2025-05-28 0:00:00,4,8772.62,10,7895.36,5,delivered,Card
O16547,C0355,P062,2024-07-23 0:00:00,3,9713.9,5,9228.2,8,delivered,Wallet
O16548,C0267,P063,2024-07-02 0:00:00,4,3638.41,10,3274.57,7,Returned,Wallet
O16549,C0181,P008,2025-12-11 0:00:00,5,9539.22,0,9539.22,12,DELIVERED,COD
O16550,C0220,P078,2026-03-10 0:00:00,4,2403.01,5,2282.86,8,Cancelled,Card
O16551,C0485,P024,2023-01-12 0:00:00,2,7618.13,20,6094.5,6,Cancelled,Wallet
O16552,C0248,P020,2024-04-21 0:00:00,2,9447.97,15,8030.77,6,delivered,Wallet
O16553,C0016,P010,2023-06-03 0:00:00,5,675.98,5,642.18,5,DELIVERED,UPI
O16554,C0048,P026,2024-05-28 0:00:00,2,1087.85,0,1087.85,7,DELIVERED,Wallet
O16555,C0025,P053,2024-07-28 0:00:00,4,6477.93,0,6477.93,6,Delivered,Wallet
O16556,C0242,P095,2026-03-01 0:00:00,3,8182.39,10,7364.15,5,DELIVERED,Card
O16557,C0498,P058,2023-08-06 0:00:00,3,8243.96,0,8243.96,2,Delivered,UPI
O16558,C0113,P054,2023-04-26 0:00:00,2,2242.74,5,2130.6,2,Delivered,COD
O16559,C0388,P035,2023-04-16 0:00:00,3,4617.42,5,4386.55,7,Delivered,Wallet
O16560,C0300,P047,2025-08-27 0:00:00,2,3043.3,10,2738.97,11,Cancelled,UPI
O16561,C0434,P001,2025-06-16 0:00:00,1,4472.9,5,4249.25,6,Returned,Wallet
O16562,C0015,P026,2024-05-18 0:00:00,1,6396.5,15,5437.02,4,delivered,Wallet
O16563,C0405,P074,2023-12-08 0:00:00,3,8297.76,10,7467.98,6,delivered,Wallet
O16564,C0158,P083,2024-04-25 0:00:00,2,3960.78,0,3960.78,1,DELIVERED,Card
O16565,C0284,P038,2023-04-29 0:00:00,2,8712,10,7840.8,8,delivered,UPI
O16566,C0101,P094,2025-04-25 0:00:00,4,9438.45,10,8494.61,10,Returned,Card
O16567,C0369,P003,2024-06-12 0:00:00,1,5786.54,20,4629.23,6,delivered,COD
O16568,C0294,P003,2023-12-02 0:00:00,3,605.09,15,514.33,6,DELIVERED,COD
O16569,C0233,P015,2025-03-25 0:00:00,5,3078.2,10,2770.38,11,Returned,COD
O16570,C0494,P076,2024-06-10 0:00:00,1,9825.72,10,8843.15,4,Delivered,Wallet
O16571,C0370,P045,2025-07-10 0:00:00,4,7241.42,20,5793.14,5,delivered,COD
O16572,C0496,P062,2024-04-12 0:00:00,5,5397.69,20,4318.15,1,Returned,Wallet
O16573,C0154,P047,2024-09-30 0:00:00,3,8518.61,5,8092.68,11,Returned,Wallet
O16574,C0481,P025,2025-01-30 0:00:00,3,9700.06,10,8730.05,1,Cancelled,Wallet
O16575,C0126,P085,2025-05-11 0:00:00,5,4102.32,15,3486.97,4,Cancelled,Wallet
O16576,C0395,P034,2024-03-31 0:00:00,4,3126.23,10,2813.61,6,delivered,COD
O16577,C0227,P056,2025-12-03 0:00:00,4,5032.74,10,4529.47,12,Cancelled,COD
O16578,C0303,P089,2023-05-21 0:00:00,5,7782,5,7392.9,1,DELIVERED,UPI
O16579,C0461,P044,2025-06-23 0:00:00,2,3608.7,20,2886.96,7,Returned,Wallet
O16580,C0016,P042,2025-05-02 0:00:00,1,9176.22,20,7340.98,7,Delivered,Wallet
O16581,C0437,P059,2026-03-29 0:00:00,3,3758.71,20,3006.97,1,Delivered,COD
O16582,C0360,P043,2025-12-27 0:00:00,5,8186.92,0,8186.92,4,DELIVERED,Card
O16583,C0430,P059,2025-07-01 0:00:00,5,1382.34,0,1382.34,12,Returned,Card
O16584,C0373,P100,2026-02-19 0:00:00,1,8573.93,15,7287.84,10,Delivered,UPI
O16585,C0339,P066,2026-04-02 0:00:00,5,3270.47,20,2616.38,8,Returned,Wallet
O16586,C0447,P090,2025-03-18 0:00:00,1,8906.17,10,8015.55,9,delivered,Wallet
O16587,C0500,P011,2025-03-27 0:00:00,3,4323.14,0,4323.14,10,delivered,COD
O16588,C0007,P051,2026-01-13 0:00:00,3,4034.8,10,3631.32,11,delivered,Wallet
O16589,C0477,P092,2025-07-09 0:00:00,1,9949.03,20,7959.22,4,DELIVERED,COD
O16590,C0211,P041,2023-07-24 0:00:00,2,908.86,15,772.53,4,Cancelled,Wallet
O16591,C0191,P044,2026-03-25 0:00:00,1,8231.27,15,6996.58,3,delivered,Card
O16592,C0269,P061,2023-08-16 0:00:00,2,6648.04,15,5650.83,2,Delivered,UPI
O16593,C0025,P037,2023-03-02 0:00:00,4,4145.26,15,3523.47,8,delivered,UPI
O16594,C0044,P094,2026-01-13 0:00:00,4,7662.87,0,7662.87,3,delivered,UPI
O16595,C0307,P043,2023-02-10 0:00:00,3,4905.92,0,4905.92,5,Delivered,Wallet
O16596,C0119,P017,2025-03-27 0:00:00,3,2035.01,15,1729.76,3,Delivered,UPI
O16597,C0013,P095,2025-09-18 0:00:00,5,4864.59,20,3891.67,2,DELIVERED,Wallet
O16598,C0134,P079,2023-03-11 0:00:00,2,8703.21,5,8268.05,5,Returned,COD
O16599,C0125,P086,2023-10-13 0:00:00,2,2357.91,10,2122.12,7,delivered,UPI
O16600,C0365,P054,2025-03-27 0:00:00,5,3346.34,5,3179.02,9,Cancelled,Card
O16601,C0309,P014,2023-10-28 0:00:00,1,7751.48,10,6976.33,5,DELIVERED,COD
O16602,C0141,P080,2025-03-28 0:00:00,5,4080.1,5,3876.09,7,delivered,COD
O16603,C0372,P043,2025-07-21 0:00:00,5,5938.15,15,5047.43,8,Cancelled,Card
O16604,C0269,P042,2023-09-10 0:00:00,4,8867.27,15,7537.18,8,Delivered,Wallet
O16605,C0079,P027,2023-03-15 0:00:00,3,3715.95,20,2972.76,1,delivered,Card
O16606,C0072,P073,2026-01-14 0:00:00,5,9583.27,10,8624.94,2,Cancelled,COD
O16607,C0425,P028,2025-01-06 0:00:00,2,605.28,0,605.28,7,delivered,COD
O16608,C0482,P030,2025-08-21 0:00:00,4,9744.07,0,9744.07,2,Returned,Wallet
O16609,C0357,P026,2025-12-29 0:00:00,1,1311.7,15,1114.94,3,Cancelled,Card
O16610,C0108,P009,2026-02-20 0:00:00,3,5900.37,20,4720.3,2,Delivered,UPI
O16611,C0173,P036,2024-01-06 0:00:00,1,9566.26,0,9566.26,8,DELIVERED,Card
O16612,C0473,P081,2025-12-01 0:00:00,1,8145.54,15,6923.71,1,DELIVERED,Wallet
O16613,C0147,P023,2023-01-15 0:00:00,4,3847.79,10,3463.01,9,Cancelled,Wallet
O16614,C0385,P066,2026-03-15 0:00:00,5,1272.05,10,1144.85,1,DELIVERED,UPI
O16615,C0123,P070,2023-08-15 0:00:00,2,4279.49,20,3423.59,1,Delivered,COD
O16616,C0446,P095,2024-02-08 0:00:00,1,8623.93,20,6899.14,4,delivered,Wallet
O16617,C0132,P021,2026-02-20 0:00:00,1,6418.75,15,5455.94,12,Delivered,Wallet
O16618,C0015,P001,2024-09-21 0:00:00,5,9417.37,15,8004.76,8,DELIVERED,COD
O16619,C0349,P045,2026-01-11 0:00:00,1,7161.87,15,6087.59,9,DELIVERED,Wallet
O16620,C0427,P038,2025-06-01 0:00:00,3,2615.95,0,2615.95,12,Cancelled,Wallet
O16621,C0170,P027,2024-07-02 0:00:00,4,8718.43,20,6974.74,7,DELIVERED,Wallet
O16622,C0220,P019,2024-06-05 0:00:00,3,3478.56,20,2782.85,4,Delivered,Wallet
O16623,C0179,P003,2024-06-04 0:00:00,4,3350.26,20,2680.21,7,Returned,COD
O16624,C0371,P056,2026-03-05 0:00:00,2,935.08,20,748.06,9,Delivered,Card
O16625,C0041,P040,2023-11-17 0:00:00,4,6860.45,10,6174.4,7,Returned,Card
O16626,C0083,P078,2023-04-19 0:00:00,4,4280.79,20,3424.63,4,delivered,Wallet
O16627,C0027,P099,2025-02-15 0:00:00,4,6714.14,0,6714.14,5,delivered,Wallet
O16628,C0198,P044,2024-01-01 0:00:00,3,4352.56,10,3917.3,3,Returned,UPI
O16629,C0475,P004,2023-12-09 0:00:00,4,1055.87,20,844.7,10,delivered,COD
O16630,C0010,P095,2023-08-31 0:00:00,4,4165.64,0,4165.64,1,Returned,UPI
O16631,C0390,P076,2023-01-19 0:00:00,4,6297.61,10,5667.85,3,Cancelled,UPI
O16632,C0396,P063,2023-04-11 0:00:00,3,6684.77,0,6684.77,7,Returned,Card
O16633,C0124,P072,2023-11-06 0:00:00,3,7796.23,5,7406.42,7,Returned,Card
O16634,C0289,P095,2026-02-03 0:00:00,3,6727.38,20,5381.9,9,Cancelled,UPI
O16635,C0271,P084,2025-05-08 0:00:00,1,6811.67,5,6471.09,11,Returned,Wallet
O16636,C0085,P051,2025-04-03 0:00:00,2,7393,10,6653.7,5,DELIVERED,Wallet
O16637,C0364,P063,2023-01-29 0:00:00,4,8712.96,5,8277.31,4,Cancelled,Wallet
O16638,C0452,P021,2024-04-08 0:00:00,1,3932.83,20,3146.26,5,Returned,Wallet
O16639,C0172,P084,2023-05-22 0:00:00,2,7466.88,15,6346.85,11,Returned,COD
O16640,C0019,P031,2025-01-01 0:00:00,5,3999.71,15,3399.75,2,DELIVERED,Wallet
O16641,C0167,P060,2026-02-14 0:00:00,2,4176.54,10,3758.89,10,Returned,Wallet
O16642,C0482,P061,2026-01-25 0:00:00,4,2668.16,15,2267.94,1,Returned,Wallet
O16643,C0172,P008,2024-03-19 0:00:00,5,9234.82,5,8773.08,6,DELIVERED,Card
O16644,C0293,P036,2023-06-08 0:00:00,3,5492.65,20,4394.12,3,Delivered,Card
O16645,C0111,P044,2026-04-13 0:00:00,2,9490.25,20,7592.2,6,Returned,COD
O16646,C0180,P055,2025-10-15 0:00:00,4,8981.3,0,8981.3,11,delivered,Wallet
O16647,C0436,P035,2025-09-01 0:00:00,1,6226.8,0,6226.8,3,DELIVERED,UPI
O16648,C0018,P063,2023-04-02 0:00:00,2,2885.32,0,2885.32,4,delivered,Wallet
O16649,C0056,P086,2024-11-18 0:00:00,2,7445.74,5,7073.45,9,Returned,Wallet
O16650,C0181,P053,2023-07-08 0:00:00,2,1621.71,10,1459.54,9,Cancelled,Card
O16651,C0140,P021,2023-07-23 0:00:00,4,5538.22,20,4430.58,7,Cancelled,UPI
O16652,C0336,P020,2024-03-20 0:00:00,3,3249.29,20,2599.43,12,Cancelled,UPI
O16653,C0294,P072,2024-02-12 0:00:00,2,9683.71,20,7746.97,12,delivered,Wallet
O16654,C0071,P003,2023-01-20 0:00:00,4,7809.45,0,7809.45,7,delivered,Wallet
O16655,C0308,P098,2024-07-18 0:00:00,4,6148.16,5,5840.75,9,Cancelled,Wallet
O16656,C0250,P021,2025-10-27 0:00:00,1,1147.39,20,917.91,2,DELIVERED,Card
O16657,C0322,P064,2024-03-19 0:00:00,5,5298.23,20,4238.58,6,Delivered,Card
O16658,C0260,P068,2025-11-21 0:00:00,2,4323.99,5,4107.79,1,Delivered,Card
O16659,C0240,P003,2025-04-07 0:00:00,5,5162.51,10,4646.26,5,DELIVERED,Wallet
O16660,C0104,P067,2025-03-30 0:00:00,1,2281.55,15,1939.32,4,Cancelled,COD
O16661,C0153,P079,2023-03-02 0:00:00,5,1339.82,0,1339.82,4,DELIVERED,Wallet
O16662,C0181,P086,2025-08-24 0:00:00,2,7344.29,15,6242.65,4,Delivered,COD
O16663,C0044,P040,2025-08-28 0:00:00,1,7728.51,15,6569.23,8,Cancelled,COD
O16664,C0363,P057,2023-06-12 0:00:00,5,9639.11,5,9157.15,1,Returned,Wallet
O16665,C0054,P073,2025-03-26 0:00:00,5,2684.86,15,2282.13,6,DELIVERED,Card
O16666,C0219,P005,2024-02-04 0:00:00,2,1290.29,0,1290.29,9,Cancelled,Wallet
O16667,C0326,P037,2025-07-05 0:00:00,3,8310.39,0,8310.39,12,Delivered,COD
O16668,C0328,P035,2023-05-21 0:00:00,4,4111.98,10,3700.78,5,delivered,UPI
O16669,C0077,P067,2024-05-28 0:00:00,2,8762.49,20,7009.99,7,Delivered,COD
O16670,C0274,P023,2023-04-21 0:00:00,1,1193.56,20,954.85,6,delivered,Card
O16671,C0339,P041,2023-06-07 0:00:00,5,9107.21,0,9107.21,6,DELIVERED,Wallet
O16672,C0139,P066,2023-01-18 0:00:00,1,3809.47,20,3047.58,8,Cancelled,Card
O16673,C0471,P073,2025-03-22 0:00:00,4,9881.37,0,9881.37,8,Cancelled,COD
O16674,C0051,P039,2025-05-30 0:00:00,1,6463.29,20,5170.63,5,DELIVERED,Wallet
O16675,C0244,P092,2023-08-15 0:00:00,5,6767.01,10,6090.31,6,Cancelled,Wallet
O16676,C0175,P055,2025-01-21 0:00:00,2,6081.39,20,4865.11,2,Returned,COD
O16677,C0224,P086,2025-09-03 0:00:00,4,7102.91,15,6037.47,5,Returned,Card
O16678,C0401,P004,2026-02-05 0:00:00,4,8918.29,10,8026.46,9,DELIVERED,UPI
O16679,C0003,P008,2024-01-24 0:00:00,5,5835.54,15,4960.21,1,Cancelled,UPI
O16680,C0476,P014,2025-06-02 0:00:00,2,1555.37,10,1399.83,9,Returned,Wallet
O16681,C0495,P018,2025-11-25 0:00:00,1,3846.64,0,3846.64,7,Returned,Wallet
O16682,C0495,P015,2026-04-10 0:00:00,2,5664.71,20,4531.77,6,Delivered,UPI
O16683,C0051,P080,2025-01-22 0:00:00,2,1041.02,20,832.82,2,Cancelled,Wallet
O16684,C0137,P073,2024-03-14 0:00:00,1,2803.61,15,2383.07,9,delivered,Card
O16685,C0325,P057,2025-10-20 0:00:00,1,2161.49,0,2161.49,5,DELIVERED,Wallet
O16686,C0307,P062,2023-08-21 0:00:00,4,5688.75,5,5404.31,1,delivered,UPI
O16687,C0457,P068,2026-04-12 0:00:00,4,2612.29,15,2220.45,11,Delivered,Wallet
O16688,C0085,P042,2024-12-15 0:00:00,2,2522.3,10,2270.07,9,delivered,COD
O16689,C0061,P022,2024-05-10 0:00:00,4,2330.58,0,2330.58,4,delivered,Wallet
O16690,C0141,P058,2025-09-16 0:00:00,2,9989.63,20,7991.7,9,delivered,COD
O16691,C0029,P010,2025-07-11 0:00:00,5,8632.44,20,6905.95,3,Delivered,Wallet
O16692,C0234,P050,2023-02-15 0:00:00,1,5562.93,5,5284.78,12,Delivered,UPI
O16693,C0298,P016,2023-04-04 0:00:00,3,529.67,10,476.7,7,Returned,Wallet
O16694,C0084,P010,2023-05-18 0:00:00,2,4648.06,20,3718.45,2,DELIVERED,COD
O16695,C0049,P069,2025-11-01 0:00:00,2,653.08,10,587.77,3,Delivered,UPI
O16696,C0232,P032,2023-11-01 0:00:00,2,7228.22,10,6505.4,4,Cancelled,Card
O16697,C0403,P039,2025-12-01 0:00:00,3,2104.02,20,1683.22,1,Returned,Card
O16698,C0378,P053,2025-02-11 0:00:00,4,4383.28,0,4383.28,10,delivered,Card
O16699,C0153,P034,2025-12-02 0:00:00,3,4600.66,10,4140.59,11,Delivered,Card
O16700,C0055,P038,2025-02-11 0:00:00,3,8699.46,10,7829.51,2,Cancelled,COD
O16701,C0277,P061,2023-11-01 0:00:00,2,8882.36,0,8882.36,7,DELIVERED,Card
O16702,C0309,P099,2024-04-11 0:00:00,3,8537.38,10,7683.64,4,DELIVERED,Wallet
O16703,C0411,P055,2024-04-12 0:00:00,2,6485.72,20,5188.58,1,DELIVERED,Wallet
O16704,C0409,P081,2026-01-21 0:00:00,1,2525.45,10,2272.9,7,Returned,Wallet
O16705,C0398,P016,2023-11-28 0:00:00,1,1534.62,20,1227.7,11,Delivered,UPI
O16706,C0302,P055,2024-02-04 0:00:00,1,4534.56,0,4534.56,5,Returned,Wallet
O16707,C0180,P009,2023-08-01 0:00:00,2,7648.67,15,6501.37,1,delivered,Card
O16708,C0457,P064,2023-02-20 0:00:00,4,6454.47,10,5809.02,10,DELIVERED,UPI
O16709,C0150,P024,2025-02-14 0:00:00,3,3007.61,20,2406.09,10,delivered,COD
O16710,C0290,P023,2025-10-07 0:00:00,5,8251.41,0,8251.41,5,Cancelled,Wallet
O16711,C0442,P025,2024-01-17 0:00:00,3,6037.76,0,6037.76,2,Delivered,COD
O16712,C0345,P099,2025-08-07 0:00:00,5,9829.39,20,7863.51,4,delivered,UPI
O16713,C0474,P098,2025-11-08 0:00:00,3,8300.36,20,6640.29,10,Cancelled,COD
O16714,C0035,P034,2024-03-29 0:00:00,3,7534.78,0,7534.78,2,Delivered,Wallet
O16715,C0129,P055,2025-08-05 0:00:00,5,6721.84,0,6721.84,9,Returned,Wallet
O16716,C0394,P004,2023-10-25 0:00:00,1,7826.94,0,7826.94,3,delivered,UPI
O16717,C0426,P078,2024-05-28 0:00:00,2,3089.73,0,3089.73,5,Delivered,UPI
O16718,C0179,P039,2024-01-18 0:00:00,5,1488.13,0,1488.13,3,Delivered,Card
O16719,C0117,P060,2025-10-30 0:00:00,1,2309.58,15,1963.14,1,Returned,UPI
O16720,C0209,P018,2024-04-20 0:00:00,4,7520.02,10,6768.02,6,DELIVERED,UPI
O16721,C0345,P025,2023-07-29 0:00:00,5,6797.4,20,5437.92,2,delivered,UPI
O16722,C0130,P026,2025-07-31 0:00:00,1,9761.71,0,9761.71,4,Returned,Wallet
O16723,C0039,P069,2023-12-09 0:00:00,3,5015.27,15,4262.98,7,DELIVERED,UPI
O16724,C0078,P032,2024-10-15 0:00:00,5,664.04,5,630.84,5,Delivered,Card
O16725,C0429,P046,2024-12-29 0:00:00,2,1696.93,15,1442.39,3,DELIVERED,UPI
O16726,C0494,P055,2024-12-25 0:00:00,2,9144.82,5,8687.58,12,Returned,Card
O16727,C0111,P045,2025-07-21 0:00:00,4,2943.91,15,2502.32,5,Returned,COD
O16728,C0135,P075,2024-11-13 0:00:00,2,8979.5,5,8530.52,10,Returned,UPI
O16729,C0232,P045,2025-10-05 0:00:00,5,9797.9,20,7838.32,5,Cancelled,COD
O16730,C0500,P037,2025-08-31 0:00:00,1,1378.39,0,1378.39,9,delivered,Wallet
O16731,C0110,P041,2026-01-30 0:00:00,4,1047.72,20,838.18,9,DELIVERED,UPI
O16732,C0488,P066,2023-05-17 0:00:00,2,7970.08,20,6376.06,10,Returned,COD
O16733,C0393,P022,2025-02-07 0:00:00,3,3137.78,15,2667.11,11,DELIVERED,Wallet
O16734,C0289,P025,2024-10-21 0:00:00,5,5735.65,0,5735.65,4,Delivered,Card
O16735,C0161,P008,2025-10-24 0:00:00,2,9239.48,10,8315.53,12,delivered,UPI
O16736,C0404,P088,2025-05-13 0:00:00,2,1123.94,10,1011.55,12,DELIVERED,Wallet
O16737,C0172,P045,2023-06-28 0:00:00,3,7344.18,15,6242.55,11,Delivered,Card
O16738,C0003,P022,2024-08-07 0:00:00,5,1029.48,15,875.06,8,Cancelled,Card
O16739,C0176,P054,2025-07-27 0:00:00,4,5893.13,20,4714.5,10,Cancelled,Wallet
O16740,C0387,P033,2024-08-02 0:00:00,4,5368.04,15,4562.83,3,Cancelled,Wallet
O16741,C0407,P063,2024-04-02 0:00:00,5,3225.43,15,2741.62,7,Delivered,Wallet
O16742,C0211,P037,2024-05-18 0:00:00,2,1049.67,0,1049.67,1,DELIVERED,Card
O16743,C0433,P045,2024-11-08 0:00:00,4,1693.43,5,1608.76,4,Cancelled,COD
O16744,C0422,P065,2024-08-24 0:00:00,4,9788.97,10,8810.07,1,DELIVERED,Card
O16745,C0090,P061,2025-01-20 0:00:00,4,4477.4,10,4029.66,10,delivered,Wallet
O16746,C0203,P026,2026-01-18 0:00:00,3,7015.45,0,7015.45,5,Delivered,Card
O16747,C0407,P067,2023-02-12 0:00:00,4,2372.53,5,2253.9,9,Delivered,Card
O16748,C0474,P018,2023-07-19 0:00:00,2,7706.78,15,6550.76,12,Returned,UPI
O16749,C0162,P011,2025-03-20 0:00:00,1,6228.62,20,4982.9,4,Returned,COD
O16750,C0296,P065,2026-01-09 0:00:00,2,7972.56,5,7573.93,9,Delivered,UPI
O16751,C0119,P097,2024-01-11 0:00:00,5,3802.19,20,3041.75,10,delivered,Card
O16752,C0295,P099,2024-10-28 0:00:00,5,9439.19,5,8967.23,12,DELIVERED,Card
O16753,C0198,P075,2023-02-13 0:00:00,1,4732.74,10,4259.47,7,delivered,UPI
O16754,C0218,P022,2023-12-31 0:00:00,3,1540.13,5,1463.12,4,Returned,Wallet
O16755,C0271,P095,2025-09-29 0:00:00,4,7466.07,5,7092.77,5,Cancelled,Card
O16756,C0242,P039,2023-01-13 0:00:00,1,2820.71,20,2256.57,3,Returned,Card
O16757,C0406,P023,2025-09-12 0:00:00,2,9817.42,0,9817.42,4,Returned,COD
O16758,C0310,P023,2025-10-01 0:00:00,3,1727.35,0,1727.35,7,Returned,Wallet
O16759,C0432,P031,2024-07-09 0:00:00,3,4301.24,20,3440.99,8,DELIVERED,Wallet
O16760,C0063,P010,2023-05-10 0:00:00,4,6220.99,20,4976.79,4,Returned,UPI
O16761,C0163,P087,2024-09-14 0:00:00,1,5227.71,20,4182.17,9,Delivered,UPI
O16762,C0394,P094,2025-04-02 0:00:00,3,9297.89,10,8368.1,2,Delivered,UPI
O16763,C0172,P022,2025-07-14 0:00:00,1,6248.73,0,6248.73,9,Returned,Wallet
O16764,C0157,P088,2024-08-29 0:00:00,2,850.79,20,680.63,8,DELIVERED,Wallet
O16765,C0093,P076,2024-05-17 0:00:00,5,5510.32,0,5510.32,1,delivered,UPI
O16766,C0444,P020,2025-10-14 0:00:00,3,1238.03,15,1052.33,10,Returned,Card
O16767,C0288,P004,2024-05-20 0:00:00,1,9048.59,10,8143.73,9,Cancelled,COD
O16768,C0408,P097,2023-04-04 0:00:00,3,3469.4,20,2775.52,11,delivered,Card
O16769,C0161,P058,2026-02-04 0:00:00,4,6791.59,10,6112.43,12,Returned,Wallet
O16770,C0382,P091,2024-04-27 0:00:00,4,4900.13,0,4900.13,8,Delivered,Wallet
O16771,C0150,P062,2023-11-08 0:00:00,5,1542.01,10,1387.81,5,DELIVERED,COD
O16772,C0082,P013,2024-02-11 0:00:00,2,960.07,10,864.06,1,Delivered,UPI
O16773,C0149,P098,2023-01-24 0:00:00,4,2988.16,5,2838.75,12,Delivered,Wallet
O16774,C0241,P004,2024-03-17 0:00:00,2,702.23,5,667.12,9,DELIVERED,UPI
O16775,C0472,P091,2023-12-30 0:00:00,4,1961.48,0,1961.48,2,Returned,UPI
O16776,C0026,P069,2025-12-28 0:00:00,1,7216.33,0,7216.33,3,Cancelled,Wallet
O16777,C0436,P019,2024-02-25 0:00:00,5,5246.95,20,4197.56,11,DELIVERED,Wallet
O16778,C0382,P009,2023-09-12 0:00:00,5,958.83,15,815.01,9,Cancelled,Wallet
O16779,C0122,P087,2023-03-17 0:00:00,3,1253.52,20,1002.82,11,delivered,Wallet
O16780,C0324,P029,2025-12-01 0:00:00,3,4864.71,10,4378.24,11,Returned,Wallet
O16781,C0269,P087,2025-12-26 0:00:00,5,5187.34,5,4927.97,12,Returned,Wallet
O16782,C0241,P064,2025-05-31 0:00:00,2,1911.76,10,1720.58,8,Returned,COD
O16783,C0145,P075,2023-10-24 0:00:00,2,6174.15,20,4939.32,10,Returned,Card
O16784,C0293,P044,2025-03-02 0:00:00,1,7814.94,5,7424.19,11,Cancelled,UPI
O16785,C0475,P063,2023-04-24 0:00:00,5,3793.41,15,3224.4,7,Delivered,Wallet
O16786,C0051,P005,2025-10-17 0:00:00,1,518.71,20,414.97,3,Returned,COD
O16787,C0203,P032,2023-09-26 0:00:00,5,3638.51,0,3638.51,9,Returned,Wallet
O16788,C0338,P007,2024-01-17 0:00:00,3,9350.18,5,8882.67,3,Cancelled,Wallet
O16789,C0394,P089,2024-04-02 0:00:00,2,7429.03,20,5943.22,5,Cancelled,COD
O16790,C0468,P009,2024-02-25 0:00:00,1,2675,5,2541.25,2,Delivered,Wallet
O16791,C0105,P019,2024-08-12 0:00:00,2,2856.03,20,2284.82,4,Delivered,COD
O16792,C0169,P039,2026-01-14 0:00:00,1,4990.17,5,4740.66,12,Returned,Card
O16793,C0067,P003,2024-05-22 0:00:00,5,5198.42,5,4938.5,2,Cancelled,UPI
O16794,C0106,P075,2023-09-27 0:00:00,1,8134.27,10,7320.84,3,Cancelled,Card
O16795,C0129,P012,2025-06-16 0:00:00,4,3986.62,20,3189.3,7,Cancelled,Card
O16796,C0487,P002,2023-05-25 0:00:00,2,8994.07,10,8094.66,2,delivered,Wallet
O16797,C0160,P034,2025-09-09 0:00:00,5,6746.99,0,6746.99,2,delivered,Wallet
O16798,C0190,P025,2024-09-30 0:00:00,5,9111.87,5,8656.28,9,Delivered,COD
O16799,C0462,P022,2025-08-16 0:00:00,1,8687.26,0,8687.26,2,delivered,COD
O16800,C0478,P054,2025-05-05 0:00:00,5,6215.32,20,4972.26,1,Returned,Wallet
O16801,C0128,P099,2023-06-09 0:00:00,4,2508.6,15,2132.31,6,DELIVERED,COD
O16802,C0464,P047,2024-05-01 0:00:00,2,3962.87,0,3962.87,3,Cancelled,UPI
O16803,C0445,P030,2024-02-02 0:00:00,1,8996.73,15,7647.22,12,Cancelled,Card
O16804,C0004,P067,2025-11-05 0:00:00,1,3432.95,0,3432.95,5,DELIVERED,COD
O16805,C0342,P095,2026-04-02 0:00:00,3,3220.4,5,3059.38,12,Delivered,Wallet
O16806,C0257,P021,2024-07-26 0:00:00,1,6573.46,20,5258.77,7,delivered,Wallet
O16807,C0347,P030,2023-11-22 0:00:00,2,4117.86,5,3911.97,12,DELIVERED,Wallet
O16808,C0286,P052,2023-08-23 0:00:00,2,7419.11,5,7048.15,9,Delivered,Wallet
O16809,C0272,P087,2024-09-19 0:00:00,1,7342.23,20,5873.78,2,Returned,COD
O16810,C0067,P060,2023-06-01 0:00:00,3,5909.89,10,5318.9,1,DELIVERED,COD
O16811,C0190,P084,2025-04-24 0:00:00,5,850.81,20,680.65,12,Delivered,COD
O16812,C0135,P039,2024-04-08 0:00:00,1,9985.19,20,7988.15,2,Cancelled,Wallet
O16813,C0123,P024,2025-06-15 0:00:00,2,7724.69,5,7338.46,8,DELIVERED,COD
O16814,C0182,P054,2023-11-21 0:00:00,5,8265.92,15,7026.03,5,Returned,Wallet
O16815,C0209,P025,2023-05-25 0:00:00,4,4592.38,5,4362.76,7,DELIVERED,Wallet
O16816,C0405,P046,2023-02-04 0:00:00,4,2990.04,10,2691.04,10,Cancelled,COD
O16817,C0499,P054,2023-02-04 0:00:00,1,3521.15,10,3169.04,4,Delivered,UPI
O16818,C0206,P076,2024-10-04 0:00:00,3,8676.98,20,6941.58,7,DELIVERED,COD
O16819,C0278,P077,2025-03-23 0:00:00,3,9104.24,0,9104.24,2,DELIVERED,Wallet
O16820,C0415,P088,2025-01-29 0:00:00,1,2839.96,15,2413.97,5,delivered,Card
O16821,C0265,P001,2023-11-21 0:00:00,1,7264.32,5,6901.1,7,Cancelled,COD
O16822,C0023,P096,2024-08-26 0:00:00,5,8202.62,0,8202.62,7,Returned,Wallet
O16823,C0484,P049,2023-08-26 0:00:00,3,9307.05,0,9307.05,10,Returned,Wallet
O16824,C0112,P033,2025-09-21 0:00:00,1,773.45,15,657.43,4,delivered,UPI
O16825,C0049,P055,2024-12-29 0:00:00,3,2224.6,15,1890.91,4,Returned,UPI
O16826,C0068,P080,2023-07-07 0:00:00,3,6441.64,5,6119.56,3,DELIVERED,Card
O16827,C0165,P069,2023-07-17 0:00:00,2,3792.39,10,3413.15,10,Returned,COD
O16828,C0033,P035,2025-11-09 0:00:00,3,1879.48,5,1785.51,7,delivered,Card
O16829,C0276,P084,2023-01-13 0:00:00,4,2615.64,0,2615.64,1,Returned,Wallet
O16830,C0335,P011,2025-03-09 0:00:00,1,9414.4,15,8002.24,2,Delivered,COD
O16831,C0166,P087,2023-03-25 0:00:00,1,1457.79,5,1384.9,2,Delivered,Wallet
O16832,C0122,P012,2025-04-18 0:00:00,2,928.1,0,928.1,12,Cancelled,UPI
O16833,C0351,P025,2026-03-09 0:00:00,4,6253.66,15,5315.61,1,Cancelled,Wallet
O16834,C0189,P011,2023-11-02 0:00:00,3,3926.73,0,3926.73,10,delivered,Wallet
O16835,C0439,P036,2024-11-23 0:00:00,4,8603.85,0,8603.85,3,Cancelled,COD
O16836,C0095,P022,2023-10-02 0:00:00,5,549.61,20,439.69,1,Delivered,UPI
O16837,C0453,P041,2023-07-01 0:00:00,4,5843.33,15,4966.83,10,Returned,Card
O16838,C0231,P053,2024-04-29 0:00:00,4,1927.32,10,1734.59,8,Delivered,COD
O16839,C0450,P037,2025-06-16 0:00:00,4,5803.13,10,5222.82,1,DELIVERED,Wallet
O16840,C0424,P075,2023-07-31 0:00:00,3,1154.77,15,981.55,9,delivered,COD
O16841,C0145,P083,2025-02-16 0:00:00,3,4845.99,0,4845.99,11,DELIVERED,UPI
O16842,C0459,P066,2023-09-26 0:00:00,2,1255.94,20,1004.75,2,delivered,Wallet
O16843,C0283,P055,2025-06-07 0:00:00,4,4433.53,10,3990.18,3,DELIVERED,COD
O16844,C0464,P057,2023-05-24 0:00:00,4,6556.16,10,5900.54,3,Returned,UPI
O16845,C0416,P038,2023-03-10 0:00:00,2,9777.12,20,7821.7,1,DELIVERED,Wallet
O16846,C0411,P084,2024-07-07 0:00:00,1,2470.75,5,2347.21,10,delivered,COD
O16847,C0005,P036,2023-04-07 0:00:00,5,6012.02,20,4809.62,4,Delivered,Wallet
O16848,C0126,P089,2023-09-12 0:00:00,4,7160.61,5,6802.58,8,Cancelled,Wallet
O16849,C0177,P009,2024-07-06 0:00:00,2,6908.25,15,5872.01,2,Delivered,COD
O16850,C0459,P070,2025-08-24 0:00:00,3,2928.2,20,2342.56,12,DELIVERED,Wallet
O16851,C0191,P026,2025-05-31 0:00:00,2,9063.09,15,7703.63,1,delivered,Wallet
O16852,C0095,P031,2024-11-22 0:00:00,2,7865.81,20,6292.65,7,delivered,Wallet
O16853,C0327,P043,2023-03-14 0:00:00,3,5253.99,15,4465.89,3,Delivered,Wallet
O16854,C0100,P019,2025-11-04 0:00:00,4,1823.54,20,1458.83,6,Cancelled,COD
O16855,C0092,P027,2025-09-19 0:00:00,3,3681.76,5,3497.67,3,delivered,Card
O16856,C0430,P010,2025-10-30 0:00:00,4,9655.73,10,8690.16,2,Delivered,Card
O16857,C0346,P095,2026-04-08 0:00:00,3,3169.24,0,3169.24,8,DELIVERED,UPI
O16858,C0236,P003,2025-07-31 0:00:00,5,5009.95,15,4258.46,12,delivered,Wallet
O16859,C0337,P005,2023-05-12 0:00:00,3,4436.47,0,4436.47,6,delivered,Card
O16860,C0306,P039,2025-04-11 0:00:00,3,1911.86,20,1529.49,8,Returned,UPI
O16861,C0038,P048,2023-09-12 0:00:00,4,9173.32,5,8714.65,3,Delivered,COD
O16862,C0069,P055,2025-12-14 0:00:00,4,8628.26,10,7765.43,9,DELIVERED,Wallet
O16863,C0076,P092,2023-09-16 0:00:00,4,5950.43,10,5355.39,6,Delivered,Wallet
O16864,C0452,P098,2024-04-10 0:00:00,4,5363.38,0,5363.38,1,Returned,Wallet
O16865,C0462,P030,2023-07-24 0:00:00,2,1192.31,10,1073.08,9,delivered,Wallet
O16866,C0293,P011,2025-10-03 0:00:00,2,1067.49,10,960.74,11,DELIVERED,UPI
O16867,C0348,P050,2025-01-18 0:00:00,1,2228.04,10,2005.24,11,Returned,Wallet
O16868,C0213,P012,2023-10-17 0:00:00,5,719.17,10,647.25,4,delivered,Wallet
O16869,C0372,P040,2023-06-16 0:00:00,2,1292.33,5,1227.71,12,DELIVERED,Card
O16870,C0211,P022,2025-06-18 0:00:00,1,8640.88,0,8640.88,11,Returned,UPI
O16871,C0068,P088,2025-11-17 0:00:00,3,4818.9,20,3855.12,1,Delivered,Card
O16872,C0458,P062,2026-04-09 0:00:00,3,3372.22,15,2866.39,12,Cancelled,Wallet
O16873,C0366,P055,2025-03-11 0:00:00,1,2998.95,15,2549.11,8,delivered,UPI
O16874,C0352,P046,2023-01-02 0:00:00,3,3525.94,15,2997.05,11,Cancelled,Wallet
O16875,C0383,P063,2024-05-21 0:00:00,5,6248.83,0,6248.83,7,delivered,UPI
O16876,C0389,P029,2025-02-11 0:00:00,5,8410.19,15,7148.66,1,Delivered,Card
O16877,C0232,P097,2023-08-01 0:00:00,4,2438.46,10,2194.61,10,delivered,COD
O16878,C0489,P087,2025-05-29 0:00:00,4,3111.95,5,2956.35,5,delivered,Wallet
O16879,C0128,P095,2023-02-22 0:00:00,1,5977.66,5,5678.78,7,delivered,COD
O16880,C0366,P090,2025-05-07 0:00:00,5,1044.84,0,1044.84,2,Returned,Wallet
O16881,C0443,P019,2023-02-03 0:00:00,3,4803.05,15,4082.59,6,Cancelled,Wallet
O16882,C0275,P048,2023-09-29 0:00:00,2,9087.27,15,7724.18,9,DELIVERED,COD
O16883,C0474,P002,2026-03-31 0:00:00,2,7742.92,10,6968.63,4,DELIVERED,COD
O16884,C0461,P046,2025-09-21 0:00:00,2,4579.95,15,3892.96,10,delivered,Wallet
O16885,C0300,P064,2023-08-12 0:00:00,5,9356.49,0,9356.49,5,DELIVERED,Wallet
O16886,C0180,P066,2026-02-05 0:00:00,3,3232.09,5,3070.49,5,delivered,UPI
O16887,C0076,P017,2025-05-06 0:00:00,5,7610.29,20,6088.23,2,DELIVERED,Wallet
O16888,C0485,P019,2025-02-18 0:00:00,1,1378.63,20,1102.9,3,delivered,COD
O16889,C0447,P040,2023-12-30 0:00:00,2,2762.02,5,2623.92,12,Returned,Wallet
O16890,C0132,P068,2023-07-23 0:00:00,2,8302.18,10,7471.96,7,Cancelled,Card
O16891,C0050,P100,2024-06-20 0:00:00,2,3016.1,5,2865.29,8,Returned,Card
O16892,C0217,P001,2026-04-15 0:00:00,2,3310.38,10,2979.34,3,Returned,UPI
O16893,C0299,P016,2025-10-06 0:00:00,3,1826.21,15,1552.28,5,Cancelled,Wallet
O16894,C0119,P087,2024-04-13 0:00:00,3,687.51,5,653.13,5,Delivered,UPI
O16895,C0327,P077,2024-11-25 0:00:00,2,4128.11,20,3302.49,8,Cancelled,COD
O16896,C0230,P006,2024-12-04 0:00:00,2,6036.3,15,5130.86,6,Delivered,UPI
O16897,C0469,P017,2023-06-12 0:00:00,1,1179.29,10,1061.36,7,delivered,Card
O16898,C0253,P048,2023-01-27 0:00:00,5,7821.94,10,7039.75,8,Returned,COD
O16899,C0134,P019,2024-12-24 0:00:00,2,9284.48,10,8356.03,10,delivered,UPI
O16900,C0137,P077,2023-05-04 0:00:00,5,4886.9,10,4398.21,1,Delivered,COD
O16901,C0465,P064,2023-09-27 0:00:00,2,9024.14,20,7219.31,5,delivered,COD
O16902,C0219,P045,2025-08-08 0:00:00,1,7713.05,15,6556.09,9,delivered,Wallet
O16903,C0242,P045,2024-08-18 0:00:00,3,8169.5,10,7352.55,7,Returned,Card
O16904,C0477,P053,2023-11-28 0:00:00,5,3593.09,15,3054.13,3,Returned,Wallet
O16905,C0222,P078,2025-02-11 0:00:00,4,4506.25,0,4506.25,1,Returned,Wallet
O16906,C0038,P083,2024-12-05 0:00:00,2,6817.89,10,6136.1,3,Delivered,Card
O16907,C0103,P058,2023-06-26 0:00:00,1,3966.92,0,3966.92,5,Returned,Wallet
O16908,C0085,P047,2024-06-20 0:00:00,2,6001.45,20,4801.16,5,DELIVERED,Wallet
O16909,C0134,P075,2024-12-31 0:00:00,4,3224.32,10,2901.89,3,Cancelled,UPI
O16910,C0245,P069,2025-09-25 0:00:00,4,1991.49,0,1991.49,5,Returned,Card
O16911,C0383,P019,2025-04-10 0:00:00,4,8024.79,15,6821.07,11,Delivered,Card
O16912,C0448,P007,2023-05-25 0:00:00,5,3379.34,5,3210.37,6,DELIVERED,Wallet
O16913,C0085,P030,2024-05-17 0:00:00,5,7729.63,0,7729.63,10,delivered,UPI
O16914,C0252,P014,2025-05-26 0:00:00,5,7882.63,15,6700.24,6,delivered,COD
O16915,C0499,P077,2025-01-28 0:00:00,4,6281.45,20,5025.16,7,delivered,Wallet
O16916,C0109,P078,2024-04-11 0:00:00,1,3022.42,10,2720.18,12,delivered,Wallet
O16917,C0157,P061,2024-07-06 0:00:00,3,9678.5,5,9194.57,6,DELIVERED,COD
O16918,C0199,P089,2025-04-16 0:00:00,4,7473.72,10,6726.35,2,DELIVERED,Card
O16919,C0275,P002,2023-01-18 0:00:00,2,8773.08,0,8773.08,3,Delivered,Wallet
O16920,C0463,P072,2023-12-15 0:00:00,3,2762.8,0,2762.8,12,Cancelled,Wallet
O16921,C0226,P076,2025-09-26 0:00:00,4,2109.6,20,1687.68,2,DELIVERED,Card
O16922,C0150,P020,2024-08-01 0:00:00,5,4446.89,20,3557.51,3,Returned,Card
O16923,C0407,P087,2025-12-10 0:00:00,2,545.22,15,463.44,10,DELIVERED,Wallet
O16924,C0218,P024,2024-12-01 0:00:00,3,1333.94,20,1067.15,5,Returned,Card
O16925,C0372,P100,2023-11-13 0:00:00,1,1066.64,15,906.64,5,delivered,COD
O16926,C0421,P098,2024-05-14 0:00:00,2,1205.65,20,964.52,1,DELIVERED,COD
O16927,C0492,P056,2023-12-07 0:00:00,4,7745.47,15,6583.65,8,DELIVERED,Card
O16928,C0126,P098,2025-08-12 0:00:00,5,5627.82,15,4783.65,1,Returned,Wallet
O16929,C0125,P079,2025-06-23 0:00:00,3,1897.09,10,1707.38,9,Delivered,COD
O16930,C0157,P002,2025-04-06 0:00:00,2,5307.97,10,4777.17,11,delivered,Wallet
O16931,C0216,P019,2024-10-20 0:00:00,2,5393.2,10,4853.88,1,Delivered,Wallet
O16932,C0459,P053,2025-05-17 0:00:00,3,9016,20,7212.8,7,Cancelled,COD
O16933,C0420,P031,2023-03-29 0:00:00,3,3275.53,10,2947.98,11,Delivered,Wallet
O16934,C0347,P097,2024-11-18 0:00:00,3,8369.6,0,8369.6,12,DELIVERED,COD
O16935,C0250,P098,2024-07-04 0:00:00,4,9565.12,15,8130.35,4,Delivered,UPI
O16936,C0104,P054,2024-05-09 0:00:00,2,8310.77,15,7064.15,8,Cancelled,Card
O16937,C0170,P095,2024-12-07 0:00:00,5,8445.7,20,6756.56,4,Returned,COD
O16938,C0067,P007,2024-09-22 0:00:00,3,6718.38,15,5710.62,12,DELIVERED,Card
O16939,C0375,P089,2025-05-12 0:00:00,1,3195.75,5,3035.96,4,Returned,Card
O16940,C0479,P072,2023-10-21 0:00:00,2,7923.51,0,7923.51,6,delivered,UPI
O16941,C0268,P011,2025-01-29 0:00:00,3,9521,15,8092.85,1,DELIVERED,Wallet
O16942,C0160,P063,2024-08-12 0:00:00,4,4473.12,10,4025.81,2,Delivered,COD
O16943,C0137,P015,2026-04-05 0:00:00,2,7354.7,15,6251.49,4,delivered,Wallet
O16944,C0122,P070,2023-05-23 0:00:00,3,612.78,10,551.5,1,delivered,Card
O16945,C0278,P034,2023-12-20 0:00:00,4,7427.3,10,6684.57,2,Returned,COD
O16946,C0052,P087,2023-07-28 0:00:00,4,6934.49,5,6587.77,10,Cancelled,COD
O16947,C0454,P063,2025-09-29 0:00:00,2,4134.53,15,3514.35,2,Cancelled,Wallet
O16948,C0388,P096,2025-04-18 0:00:00,5,5376.15,15,4569.73,4,Returned,Wallet
O16949,C0206,P083,2023-04-24 0:00:00,1,3202.2,15,2721.87,5,Returned,Wallet
O16950,C0208,P024,2025-06-26 0:00:00,5,9780.1,20,7824.08,8,Cancelled,COD
O16951,C0282,P039,2024-02-18 0:00:00,2,3766.89,0,3766.89,4,Delivered,UPI
O16952,C0369,P062,2025-12-29 0:00:00,2,8257.14,5,7844.28,12,Cancelled,Wallet
O16953,C0095,P066,2024-01-18 0:00:00,1,1076.15,0,1076.15,1,DELIVERED,UPI
O16954,C0497,P090,2026-01-12 0:00:00,3,838.94,15,713.1,5,Returned,UPI
O16955,C0478,P079,2024-11-28 0:00:00,4,8081.55,10,7273.4,6,delivered,Wallet
O16956,C0434,P022,2023-07-06 0:00:00,4,687.48,5,653.11,6,Delivered,UPI
O16957,C0040,P032,2026-03-08 0:00:00,1,2250.96,0,2250.96,10,DELIVERED,COD
O16958,C0040,P097,2025-10-27 0:00:00,1,7242.48,15,6156.11,4,Returned,Card
O16959,C0398,P059,2024-04-25 0:00:00,5,8387.34,5,7967.97,2,DELIVERED,Wallet
O16960,C0300,P044,2024-08-28 0:00:00,1,7144.96,10,6430.46,1,Delivered,Wallet
O16961,C0420,P028,2025-03-13 0:00:00,1,8601.43,20,6881.14,8,Returned,Card
O16962,C0108,P100,2025-09-30 0:00:00,4,5070.77,10,4563.69,10,Returned,UPI
O16963,C0396,P001,2024-03-06 0:00:00,1,9629.96,5,9148.46,6,DELIVERED,UPI
O16964,C0181,P071,2023-10-30 0:00:00,3,3869.1,20,3095.28,4,Delivered,Wallet
O16965,C0313,P002,2023-11-07 0:00:00,4,3852.04,20,3081.63,2,Delivered,UPI
O16966,C0219,P040,2025-03-09 0:00:00,2,7627.81,10,6865.03,4,delivered,COD
O16967,C0395,P068,2025-09-05 0:00:00,1,2131.2,5,2024.64,8,Cancelled,COD
O16968,C0449,P041,2023-08-02 0:00:00,4,2888.36,15,2455.11,2,Returned,Wallet
O16969,C0387,P086,2023-04-16 0:00:00,3,4835.07,15,4109.81,3,Returned,Wallet
O16970,C0220,P010,2023-11-29 0:00:00,4,3534.61,20,2827.69,8,Delivered,Wallet
O16971,C0128,P019,2023-02-07 0:00:00,4,8123.63,20,6498.9,12,Returned,Wallet
O16972,C0117,P067,2025-07-21 0:00:00,2,4187.91,0,4187.91,5,Cancelled,Wallet
O16973,C0022,P084,2023-08-02 0:00:00,1,635.47,20,508.38,9,Cancelled,COD
O16974,C0343,P004,2024-03-16 0:00:00,3,6891.23,0,6891.23,11,delivered,Wallet
O16975,C0488,P056,2025-07-25 0:00:00,4,3066.11,20,2452.89,10,delivered,Wallet
O16976,C0177,P077,2026-02-09 0:00:00,2,1279.75,20,1023.8,2,Returned,UPI
O16977,C0176,P069,2024-06-25 0:00:00,1,8721.74,20,6977.39,7,DELIVERED,Wallet
O16978,C0486,P015,2026-01-02 0:00:00,2,8442.35,5,8020.23,3,Returned,UPI
O16979,C0333,P052,2026-02-13 0:00:00,3,6640.77,10,5976.69,9,DELIVERED,Card
O16980,C0240,P034,2023-07-07 0:00:00,2,6060.51,5,5757.48,1,delivered,UPI
O16981,C0345,P011,2024-10-31 0:00:00,4,5028.53,0,5028.53,3,Returned,UPI
O16982,C0467,P099,2024-04-09 0:00:00,3,8188.2,5,7778.79,7,Returned,Card
O16983,C0476,P009,2025-05-19 0:00:00,1,9588.53,10,8629.68,3,Cancelled,UPI
O16984,C0345,P097,2024-06-14 0:00:00,5,4319.43,5,4103.46,5,Cancelled,Card
O16985,C0373,P027,2023-09-30 0:00:00,5,7234.5,15,6149.32,12,Cancelled,UPI
O16986,C0189,P075,2023-06-14 0:00:00,5,3323.52,0,3323.52,3,Returned,COD
O16987,C0284,P097,2026-02-11 0:00:00,5,8573.65,10,7716.28,9,Cancelled,Wallet
O16988,C0231,P007,2024-07-10 0:00:00,2,7055.92,5,6703.12,11,Cancelled,Card
O16989,C0419,P083,2024-03-03 0:00:00,4,6785.57,10,6107.01,12,Returned,Wallet
O16990,C0154,P001,2023-10-31 0:00:00,2,7397.82,20,5918.26,11,delivered,UPI
O16991,C0434,P009,2023-03-18 0:00:00,4,2775.45,15,2359.13,11,Cancelled,UPI
O16992,C0239,P055,2025-09-07 0:00:00,4,7808.9,0,7808.9,12,Delivered,UPI
O16993,C0253,P005,2025-05-25 0:00:00,3,4835.52,0,4835.52,10,Returned,Card
O16994,C0397,P031,2024-09-14 0:00:00,1,7114.34,10,6402.91,11,delivered,UPI
O16995,C0316,P075,2023-08-26 0:00:00,4,5447.92,5,5175.52,8,delivered,Card
O16996,C0119,P008,2025-04-04 0:00:00,2,9052.63,15,7694.74,4,Delivered,Card
O16997,C0086,P062,2023-04-28 0:00:00,5,6877.34,5,6533.47,5,Returned,Wallet
O16998,C0270,P047,2024-06-30 0:00:00,1,7496.51,15,6372.03,5,Delivered,Wallet
O16999,C0187,P014,2023-03-18 0:00:00,2,2662.73,20,2130.18,2,delivered,Wallet
O17000,C0283,P072,2025-12-21 0:00:00,4,8863.54,20,7090.83,7,Delivered,COD
O17001,C0499,P052,2024-03-05 0:00:00,1,9769.79,0,9769.79,1,Delivered,Wallet
O17002,C0420,P100,2026-02-26 0:00:00,3,2115,15,1797.75,9,DELIVERED,COD
O17003,C0462,P034,2024-09-27 0:00:00,4,8514.43,20,6811.54,7,DELIVERED,UPI
O17004,C0184,P061,2023-09-06 0:00:00,1,6008.34,20,4806.67,3,Delivered,Wallet
O17005,C0313,P044,2024-11-13 0:00:00,5,4913.1,10,4421.79,9,Cancelled,UPI
O17006,C0467,P059,2025-02-28 0:00:00,4,2745.37,0,2745.37,3,Cancelled,COD
O17007,C0250,P054,2024-07-06 0:00:00,4,2898.13,5,2753.22,9,DELIVERED,Wallet
O17008,C0054,P004,2025-10-12 0:00:00,3,2208.07,10,1987.26,7,Returned,COD
O17009,C0246,P060,2025-11-03 0:00:00,2,3448.82,0,3448.82,3,Cancelled,Wallet
O17010,C0176,P098,2024-09-10 0:00:00,4,7532.75,15,6402.84,12,Returned,COD
O17011,C0423,P019,2025-01-13 0:00:00,5,3406.55,5,3236.22,11,Delivered,Card
O17012,C0150,P077,2026-03-12 0:00:00,2,5556.38,20,4445.1,2,Cancelled,Card
O17013,C0040,P068,2025-08-18 0:00:00,4,8073.72,0,8073.72,8,Delivered,Card
O17014,C0074,P100,2023-04-08 0:00:00,4,3054.86,5,2902.12,5,Returned,Wallet
O17015,C0190,P019,2024-08-03 0:00:00,5,1212.35,10,1091.12,1,Cancelled,Wallet
O17016,C0207,P041,2024-12-23 0:00:00,3,8445.08,5,8022.83,2,delivered,COD
O17017,C0317,P011,2023-04-08 0:00:00,3,7888.22,5,7493.81,1,Delivered,Wallet
O17018,C0416,P026,2023-06-12 0:00:00,3,9150.41,20,7320.33,8,Delivered,Card
O17019,C0104,P051,2025-03-05 0:00:00,4,7761.5,20,6209.2,11,Delivered,UPI
O17020,C0401,P099,2026-02-11 0:00:00,1,3023.21,20,2418.57,7,Cancelled,COD
O17021,C0489,P025,2025-04-25 0:00:00,3,3367.9,15,2862.72,11,Delivered,Wallet
O17022,C0316,P026,2026-03-24 0:00:00,3,4299.5,20,3439.6,7,Returned,UPI
O17023,C0029,P013,2024-10-04 0:00:00,3,5048.49,20,4038.79,9,DELIVERED,COD
O17024,C0296,P076,2023-07-06 0:00:00,3,1769.23,5,1680.77,2,Returned,UPI
O17025,C0345,P069,2026-03-17 0:00:00,5,3078.71,0,3078.71,4,Returned,UPI
O17026,C0342,P056,2023-10-10 0:00:00,5,614.7,0,614.7,2,delivered,Wallet
O17027,C0052,P023,2023-05-02 0:00:00,1,5530.94,5,5254.39,10,Delivered,Card
O17028,C0163,P025,2023-12-06 0:00:00,1,2353.16,20,1882.53,7,Returned,Wallet
O17029,C0080,P040,2023-06-30 0:00:00,3,6781.86,20,5425.49,2,Delivered,COD
O17030,C0267,P075,2024-03-15 0:00:00,5,5258.32,20,4206.66,9,delivered,UPI
O17031,C0318,P003,2025-11-28 0:00:00,2,8200.95,15,6970.81,5,delivered,Card
O17032,C0271,P046,2024-11-08 0:00:00,1,6870.2,10,6183.18,11,Cancelled,UPI
O17033,C0055,P029,2025-08-31 0:00:00,3,9881.08,20,7904.86,8,Delivered,Wallet
O17034,C0088,P005,2024-01-14 0:00:00,5,5706.77,15,4850.75,10,Cancelled,COD
O17035,C0210,P008,2025-06-20 0:00:00,1,7994.94,10,7195.45,12,delivered,Card
O17036,C0449,P090,2025-05-08 0:00:00,4,8226.21,20,6580.97,7,DELIVERED,Wallet
O17037,C0130,P086,2025-08-16 0:00:00,5,9210.95,0,9210.95,6,delivered,Wallet
O17038,C0205,P061,2025-10-31 0:00:00,4,9435.08,10,8491.57,11,Delivered,Card
O17039,C0400,P088,2023-08-26 0:00:00,2,6517.38,0,6517.38,10,Cancelled,Wallet
O17040,C0267,P066,2024-05-29 0:00:00,5,3097,0,3097,6,delivered,Card
O17041,C0078,P097,2023-03-11 0:00:00,4,2778.47,5,2639.55,11,delivered,UPI
O17042,C0336,P089,2023-09-09 0:00:00,1,2830.54,20,2264.43,5,delivered,Wallet
O17043,C0025,P062,2024-05-23 0:00:00,3,9785.41,5,9296.14,9,Cancelled,COD
O17044,C0265,P054,2025-07-12 0:00:00,3,9826.51,0,9826.51,10,Cancelled,Wallet
O17045,C0421,P087,2024-12-31 0:00:00,3,1459.51,10,1313.56,6,delivered,Card
O17046,C0375,P057,2025-07-08 0:00:00,1,9950.8,5,9453.26,5,delivered,Wallet
O17047,C0497,P065,2024-10-03 0:00:00,4,1351.85,20,1081.48,1,Returned,UPI
O17048,C0376,P081,2025-09-02 0:00:00,3,4752.72,0,4752.72,6,Returned,Wallet
O17049,C0439,P039,2023-04-19 0:00:00,3,3047.52,0,3047.52,8,Cancelled,UPI
O17050,C0389,P030,2024-11-08 0:00:00,1,9405.91,20,7524.73,7,delivered,Card
O17051,C0383,P082,2023-07-13 0:00:00,2,4060.69,5,3857.66,6,delivered,Wallet
O17052,C0191,P062,2024-05-21 0:00:00,4,1834.62,15,1559.43,5,DELIVERED,Wallet
O17053,C0387,P012,2026-03-24 0:00:00,3,7646.36,10,6881.72,1,Delivered,Card
O17054,C0133,P060,2025-10-12 0:00:00,4,2532.95,0,2532.95,10,Delivered,Wallet
O17055,C0205,P067,2024-07-31 0:00:00,4,5724.4,15,4865.74,7,Cancelled,COD
O17056,C0095,P009,2025-01-13 0:00:00,1,9578.84,20,7663.07,3,Cancelled,COD
O17057,C0305,P080,2024-04-01 0:00:00,5,1705.38,15,1449.57,11,DELIVERED,Wallet
O17058,C0235,P019,2026-02-26 0:00:00,2,5835.91,0,5835.91,9,delivered,Card
O17059,C0231,P010,2023-06-28 0:00:00,3,5796.13,10,5216.52,12,Returned,Wallet
O17060,C0029,P071,2025-04-10 0:00:00,3,2745.05,10,2470.55,3,DELIVERED,UPI
O17061,C0335,P004,2026-01-22 0:00:00,4,4820.84,10,4338.76,11,Delivered,UPI
O17062,C0439,P078,2023-03-15 0:00:00,1,3510.69,20,2808.55,6,Delivered,Wallet
O17063,C0405,P035,2023-06-10 0:00:00,3,4675.27,10,4207.74,2,Delivered,Wallet
O17064,C0093,P010,2025-08-06 0:00:00,5,821.87,10,739.68,11,Cancelled,UPI
O17065,C0446,P089,2025-03-07 0:00:00,4,3804.89,10,3424.4,8,Delivered,COD
O17066,C0096,P009,2023-08-07 0:00:00,5,7292.82,15,6198.9,5,DELIVERED,Card
O17067,C0035,P084,2023-11-17 0:00:00,2,3594.62,20,2875.7,5,delivered,UPI
O17068,C0005,P026,2025-03-29 0:00:00,3,8269.38,15,7028.97,7,Cancelled,Wallet
O17069,C0474,P095,2024-05-25 0:00:00,3,8569.92,10,7712.93,6,DELIVERED,Card
O17070,C0012,P023,2025-07-31 0:00:00,5,6889.94,0,6889.94,12,Delivered,COD
O17071,C0274,P065,2023-08-22 0:00:00,4,4565.61,10,4109.05,6,Delivered,UPI
O17072,C0137,P023,2025-04-10 0:00:00,2,5156.27,20,4125.02,5,delivered,Wallet
O17073,C0437,P042,2025-06-02 0:00:00,1,1310.65,0,1310.65,11,Cancelled,UPI
O17074,C0403,P099,2024-04-15 0:00:00,1,1258.18,20,1006.54,1,Cancelled,UPI
O17075,C0200,P059,2025-10-02 0:00:00,4,1776.49,0,1776.49,8,Returned,UPI
O17076,C0353,P025,2024-07-26 0:00:00,1,3663.94,5,3480.74,2,DELIVERED,Wallet
O17077,C0464,P022,2023-11-18 0:00:00,3,9533.56,0,9533.56,12,Returned,Wallet
O17078,C0152,P091,2024-05-18 0:00:00,1,4400.09,20,3520.07,6,Cancelled,Wallet
O17079,C0197,P038,2023-10-08 0:00:00,1,6805.68,10,6125.11,10,delivered,Card
O17080,C0485,P095,2025-11-29 0:00:00,4,5751.98,10,5176.78,9,Cancelled,COD
O17081,C0089,P039,2026-02-08 0:00:00,5,3952.81,5,3755.17,6,Delivered,Wallet
O17082,C0123,P065,2023-09-27 0:00:00,1,3328.72,20,2662.98,9,Delivered,Wallet
O17083,C0481,P090,2024-02-04 0:00:00,1,4734.65,15,4024.45,6,delivered,COD
O17084,C0440,P014,2023-10-10 0:00:00,1,5392.39,5,5122.77,11,DELIVERED,COD
O17085,C0418,P040,2023-10-30 0:00:00,2,9962.03,15,8467.73,5,Delivered,COD
O17086,C0354,P020,2024-09-27 0:00:00,4,5246.21,0,5246.21,7,Cancelled,COD
O17087,C0419,P088,2026-01-20 0:00:00,1,3080.19,15,2618.16,9,DELIVERED,Wallet
O17088,C0327,P092,2023-05-21 0:00:00,5,8718.79,15,7410.97,12,DELIVERED,Wallet
O17089,C0449,P030,2023-03-21 0:00:00,4,2654.29,10,2388.86,3,Delivered,COD
O17090,C0396,P006,2025-04-09 0:00:00,2,9008.4,10,8107.56,3,delivered,Wallet
O17091,C0087,P059,2023-07-10 0:00:00,3,5860.47,15,4981.4,1,Delivered,Card
O17092,C0483,P054,2023-11-15 0:00:00,3,2221.67,5,2110.59,4,Delivered,Wallet
O17093,C0133,P081,2026-03-31 0:00:00,2,5429.58,15,4615.14,6,Cancelled,Card
O17094,C0081,P096,2025-02-09 0:00:00,2,1930.92,15,1641.28,8,delivered,COD
O17095,C0454,P040,2023-02-13 0:00:00,5,2183.25,15,1855.76,7,DELIVERED,Wallet
O17096,C0235,P014,2024-08-18 0:00:00,4,6491.53,10,5842.38,6,Cancelled,Card
O17097,C0320,P058,2024-12-23 0:00:00,5,3016.47,20,2413.18,1,Cancelled,Wallet
O17098,C0247,P068,2024-03-26 0:00:00,1,4434.78,0,4434.78,10,DELIVERED,Wallet
O17099,C0034,P091,2024-03-28 0:00:00,2,5969.94,10,5372.95,11,Returned,Wallet
O17100,C0262,P079,2023-03-31 0:00:00,3,1406.06,15,1195.15,1,DELIVERED,UPI
O17101,C0493,P024,2025-03-05 0:00:00,1,3346.19,0,3346.19,2,Cancelled,Wallet
O17102,C0362,P035,2024-05-23 0:00:00,1,7638.65,5,7256.72,6,Cancelled,Card
O17103,C0183,P055,2024-11-09 0:00:00,1,2634.3,15,2239.16,4,DELIVERED,Card
O17104,C0008,P075,2025-04-19 0:00:00,2,7384.05,20,5907.24,6,Delivered,UPI
O17105,C0085,P027,2023-03-22 0:00:00,2,4256.59,10,3830.93,2,Returned,UPI
O17106,C0365,P070,2023-06-28 0:00:00,1,6268.93,20,5015.14,9,delivered,Wallet
O17107,C0283,P030,2025-07-28 0:00:00,4,9220.06,5,8759.06,3,Returned,Wallet
O17108,C0302,P057,2023-07-29 0:00:00,5,6618.74,15,5625.93,12,Delivered,Wallet
O17109,C0208,P008,2024-03-12 0:00:00,5,8413.31,15,7151.31,11,delivered,Card
O17110,C0500,P092,2025-08-19 0:00:00,5,9028.95,10,8126.06,2,delivered,Wallet
O17111,C0266,P007,2023-07-29 0:00:00,1,6790.09,0,6790.09,7,delivered,Wallet
O17112,C0361,P006,2023-08-18 0:00:00,1,8168.73,15,6943.42,8,Cancelled,Wallet
O17113,C0470,P047,2024-09-25 0:00:00,1,747,15,634.95,10,delivered,Wallet
O17114,C0435,P013,2024-01-15 0:00:00,2,5563.85,10,5007.47,5,delivered,Wallet
O17115,C0369,P059,2026-01-06 0:00:00,1,9275.29,20,7420.23,12,Cancelled,Card
O17116,C0398,P029,2024-07-27 0:00:00,3,4213.12,10,3791.81,5,Delivered,COD
O17117,C0100,P065,2026-04-04 0:00:00,1,3970.51,15,3374.93,5,delivered,Wallet
O17118,C0276,P059,2023-04-22 0:00:00,4,3235.26,10,2911.73,5,delivered,Wallet
O17119,C0282,P020,2023-12-16 0:00:00,3,7879.91,5,7485.91,4,Delivered,Wallet
O17120,C0194,P092,2023-01-22 0:00:00,2,1162.3,20,929.84,10,Returned,Wallet
O17121,C0111,P040,2025-12-22 0:00:00,4,7330.74,5,6964.2,4,DELIVERED,UPI
O17122,C0176,P004,2024-11-09 0:00:00,1,983.35,20,786.68,11,DELIVERED,Wallet
O17123,C0237,P007,2023-09-21 0:00:00,2,9408.05,10,8467.24,6,Returned,UPI
O17124,C0421,P032,2023-03-29 0:00:00,1,5878.39,20,4702.71,1,Cancelled,Card
O17125,C0116,P021,2026-03-15 0:00:00,1,903.84,5,858.65,8,Delivered,Card
O17126,C0265,P085,2025-03-23 0:00:00,3,8142.25,15,6920.91,10,Delivered,COD
O17127,C0230,P002,2024-07-02 0:00:00,5,4436.77,5,4214.93,2,delivered,Wallet
O17128,C0289,P098,2026-03-08 0:00:00,5,1488.9,20,1191.12,5,DELIVERED,UPI
O17129,C0191,P062,2024-01-08 0:00:00,4,3005.66,20,2404.53,4,Returned,Wallet
O17130,C0035,P058,2026-01-20 0:00:00,3,3426.73,15,2912.72,10,Returned,Card
O17131,C0170,P002,2025-02-19 0:00:00,4,3154.42,15,2681.26,6,DELIVERED,Wallet
O17132,C0243,P067,2024-05-06 0:00:00,3,8714.92,20,6971.94,6,DELIVERED,Wallet
O17133,C0414,P008,2024-08-09 0:00:00,3,7568.14,5,7189.73,2,delivered,COD
O17134,C0079,P005,2024-09-09 0:00:00,3,7509.6,0,7509.6,1,DELIVERED,Wallet
O17135,C0327,P055,2023-03-24 0:00:00,4,1512.14,0,1512.14,8,delivered,Wallet
O17136,C0166,P013,2025-10-06 0:00:00,5,4611.22,10,4150.1,4,delivered,Wallet
O17137,C0190,P084,2025-03-17 0:00:00,3,4649.97,5,4417.47,2,Delivered,Wallet
O17138,C0178,P025,2023-03-07 0:00:00,3,8848.72,10,7963.85,12,Cancelled,COD
O17139,C0489,P055,2024-10-21 0:00:00,5,1243.18,20,994.54,7,DELIVERED,Wallet
O17140,C0338,P030,2023-12-11 0:00:00,2,5267.9,20,4214.32,9,delivered,Wallet
O17141,C0121,P042,2024-01-27 0:00:00,3,8287.64,0,8287.64,10,Cancelled,Card
O17142,C0300,P050,2024-10-30 0:00:00,3,8826.31,15,7502.36,8,Returned,Wallet
O17143,C0427,P097,2024-03-09 0:00:00,3,9755.08,15,8291.82,8,Delivered,Wallet
O17144,C0249,P018,2025-06-26 0:00:00,5,7186.7,10,6468.03,12,DELIVERED,Wallet
O17145,C0383,P087,2024-03-21 0:00:00,4,4930.83,0,4930.83,3,delivered,COD
O17146,C0001,P024,2024-06-29 0:00:00,4,2947.04,20,2357.63,3,Cancelled,COD
O17147,C0008,P052,2023-06-19 0:00:00,4,2270.5,15,1929.92,3,DELIVERED,COD
O17148,C0081,P065,2024-03-13 0:00:00,1,1038.52,10,934.67,6,Delivered,Wallet
O17149,C0288,P020,2024-02-22 0:00:00,5,4916.5,10,4424.85,4,delivered,UPI
O17150,C0234,P039,2024-07-31 0:00:00,1,2854.76,10,2569.28,12,Returned,Card
O17151,C0467,P097,2025-06-29 0:00:00,4,8378.81,5,7959.87,8,delivered,Wallet
O17152,C0043,P006,2023-09-14 0:00:00,1,5532.4,10,4979.16,4,delivered,Wallet
O17153,C0235,P014,2025-01-17 0:00:00,4,5568.35,0,5568.35,4,Returned,UPI
O17154,C0423,P062,2023-10-23 0:00:00,5,7760.14,10,6984.13,12,Delivered,Wallet
O17155,C0459,P063,2023-10-10 0:00:00,5,2158.65,0,2158.65,11,DELIVERED,Wallet
O17156,C0301,P044,2023-07-16 0:00:00,4,9252.63,10,8327.37,5,delivered,Wallet
O17157,C0320,P003,2023-03-14 0:00:00,4,7811.83,10,7030.65,11,DELIVERED,Wallet
O17158,C0415,P018,2023-02-01 0:00:00,4,5498.6,15,4673.81,2,Delivered,COD
O17159,C0323,P056,2023-03-04 0:00:00,1,3574.58,20,2859.66,5,Delivered,UPI
O17160,C0235,P093,2024-09-27 0:00:00,5,5262.74,0,5262.74,1,Cancelled,Wallet
O17161,C0363,P088,2025-10-28 0:00:00,1,7093.68,15,6029.63,5,Returned,Card
O17162,C0267,P022,2023-04-09 0:00:00,5,4391.48,15,3732.76,12,Delivered,Wallet
O17163,C0199,P078,2025-02-06 0:00:00,5,2539.6,5,2412.62,8,Returned,Wallet
O17164,C0459,P084,2025-05-16 0:00:00,1,7568.61,20,6054.89,5,DELIVERED,Wallet
O17165,C0343,P099,2024-07-16 0:00:00,3,5894.77,20,4715.82,1,Cancelled,COD
O17166,C0245,P081,2025-08-16 0:00:00,2,6313.45,10,5682.1,4,Cancelled,Wallet
O17167,C0440,P044,2025-07-23 0:00:00,3,7513.74,10,6762.37,12,Cancelled,Wallet
O17168,C0174,P018,2023-07-09 0:00:00,2,6012.79,20,4810.23,3,Returned,Wallet
O17169,C0343,P071,2024-02-10 0:00:00,1,6528.32,0,6528.32,3,Cancelled,UPI
O17170,C0223,P011,2025-08-16 0:00:00,2,539.31,10,485.38,5,delivered,Wallet
O17171,C0169,P062,2023-05-02 0:00:00,2,5059.55,5,4806.57,8,DELIVERED,UPI
O17172,C0466,P021,2025-08-29 0:00:00,2,681.08,0,681.08,7,Cancelled,Wallet
O17173,C0377,P072,2026-01-21 0:00:00,1,9973.25,0,9973.25,8,Returned,Wallet
O17174,C0009,P079,2024-01-23 0:00:00,4,4207.25,0,4207.25,11,DELIVERED,Card
O17175,C0263,P041,2023-10-31 0:00:00,2,1141.77,5,1084.68,5,Returned,UPI
O17176,C0488,P091,2023-03-02 0:00:00,4,1797.18,0,1797.18,6,Returned,Card
O17177,C0224,P026,2024-11-03 0:00:00,2,653.26,10,587.93,9,DELIVERED,Wallet
O17178,C0134,P015,2023-08-13 0:00:00,2,9248.36,0,9248.36,12,Cancelled,Wallet
O17179,C0470,P067,2025-07-04 0:00:00,3,6733.83,20,5387.06,11,DELIVERED,Wallet
O17180,C0306,P055,2023-12-24 0:00:00,5,9607.63,20,7686.1,1,delivered,Wallet
O17181,C0131,P058,2024-04-08 0:00:00,2,2507.7,15,2131.54,4,Cancelled,UPI
O17182,C0083,P079,2024-05-28 0:00:00,1,3191.09,0,3191.09,10,Returned,Wallet
O17183,C0199,P074,2023-04-16 0:00:00,2,1330.18,15,1130.65,4,Cancelled,COD
O17184,C0197,P021,2023-02-18 0:00:00,3,7273.07,0,7273.07,7,Cancelled,Card
O17185,C0055,P087,2024-11-16 0:00:00,2,7060.24,15,6001.2,5,Cancelled,COD
O17186,C0334,P030,2024-02-10 0:00:00,1,5063.35,15,4303.85,3,Delivered,Wallet
O17187,C0486,P061,2025-08-03 0:00:00,4,1780.59,0,1780.59,1,delivered,COD
O17188,C0369,P035,2026-03-25 0:00:00,4,7766.28,10,6989.65,9,DELIVERED,COD
O17189,C0002,P087,2024-08-26 0:00:00,3,1273.22,15,1082.24,11,DELIVERED,Card
O17190,C0458,P066,2025-04-26 0:00:00,5,1785.71,10,1607.14,12,DELIVERED,Card
O17191,C0081,P060,2024-12-09 0:00:00,5,2557.38,20,2045.9,9,DELIVERED,Wallet
O17192,C0099,P080,2026-02-24 0:00:00,3,4221.9,15,3588.61,10,Returned,UPI
O17193,C0338,P027,2023-07-27 0:00:00,3,5313.74,15,4516.68,1,Returned,Wallet
O17194,C0078,P083,2025-11-05 0:00:00,2,4425.38,15,3761.57,12,Delivered,COD
O17195,C0181,P064,2025-04-09 0:00:00,5,3042.77,20,2434.22,10,Returned,Card
O17196,C0032,P081,2024-04-18 0:00:00,4,3077.15,10,2769.43,7,Returned,Wallet
O17197,C0095,P089,2023-03-29 0:00:00,4,3130.73,15,2661.12,12,Returned,Wallet
O17198,C0330,P064,2023-11-11 0:00:00,2,9714.04,15,8256.93,3,Delivered,UPI
O17199,C0035,P004,2024-02-25 0:00:00,1,3852.24,15,3274.4,1,Returned,COD
O17200,C0248,P057,2023-07-11 0:00:00,4,7817.97,5,7427.07,11,DELIVERED,COD
O17201,C0350,P085,2025-08-21 0:00:00,5,1560.03,20,1248.02,7,delivered,Wallet
O17202,C0249,P023,2023-11-28 0:00:00,3,2284.75,0,2284.75,8,Cancelled,Card
O17203,C0240,P028,2025-09-22 0:00:00,1,2352.49,5,2234.87,1,delivered,COD
O17204,C0433,P081,2025-02-01 0:00:00,5,9357.75,5,8889.86,9,delivered,COD
O17205,C0160,P071,2023-03-08 0:00:00,1,4517.43,5,4291.56,2,Cancelled,Wallet
O17206,C0072,P037,2025-10-30 0:00:00,2,9643.74,10,8679.37,12,Cancelled,Card
O17207,C0026,P067,2024-12-22 0:00:00,2,9078.43,20,7262.74,10,delivered,COD
O17208,C0195,P038,2025-08-31 0:00:00,4,1393.1,10,1253.79,10,DELIVERED,Card
O17209,C0448,P026,2023-09-14 0:00:00,3,1484.91,0,1484.91,8,DELIVERED,UPI
O17210,C0414,P033,2025-04-09 0:00:00,2,8561.34,10,7705.21,7,DELIVERED,Wallet
O17211,C0267,P058,2025-02-17 0:00:00,4,9346.54,15,7944.56,11,delivered,COD
O17212,C0427,P085,2025-07-12 0:00:00,1,5002.56,15,4252.18,4,Returned,COD
O17213,C0329,P065,2023-12-15 0:00:00,2,4830.18,5,4588.67,11,delivered,Wallet
O17214,C0381,P059,2024-12-07 0:00:00,2,2662.5,20,2130,8,delivered,COD
O17215,C0290,P015,2023-03-10 0:00:00,2,4331.18,20,3464.94,3,Cancelled,Wallet
O17216,C0067,P051,2023-01-04 0:00:00,5,6024.58,0,6024.58,10,Delivered,COD
O17217,C0498,P054,2023-04-06 0:00:00,2,8213.69,10,7392.32,1,delivered,UPI
O17218,C0041,P009,2025-04-02 0:00:00,5,2919.09,15,2481.23,4,Cancelled,Card
O17219,C0290,P076,2023-05-14 0:00:00,4,8495.1,0,8495.1,12,Returned,Card
O17220,C0053,P087,2025-05-09 0:00:00,1,9464.23,20,7571.38,7,delivered,Card
O17221,C0024,P048,2023-01-18 0:00:00,1,4868.68,10,4381.81,12,delivered,Wallet
O17222,C0202,P012,2024-10-17 0:00:00,3,5784.47,15,4916.8,5,Returned,Wallet
O17223,C0297,P089,2023-11-08 0:00:00,4,2419.41,10,2177.47,9,delivered,UPI
O17224,C0386,P020,2025-10-08 0:00:00,2,7284.97,20,5827.98,12,delivered,Card
O17225,C0373,P029,2023-02-16 0:00:00,1,2357.17,20,1885.74,10,Cancelled,COD
O17226,C0394,P043,2023-08-25 0:00:00,3,6084.47,5,5780.25,3,delivered,Wallet
O17227,C0489,P024,2023-07-03 0:00:00,4,8278.13,10,7450.32,11,Cancelled,Wallet
O17228,C0388,P012,2025-08-04 0:00:00,3,2565.88,20,2052.7,8,Cancelled,COD
O17229,C0455,P058,2023-07-28 0:00:00,4,1365.74,0,1365.74,12,Returned,Wallet
O17230,C0371,P041,2023-10-11 0:00:00,2,3493.6,0,3493.6,1,DELIVERED,Card
O17231,C0171,P097,2023-08-11 0:00:00,4,4843.44,10,4359.1,9,Cancelled,Card
O17232,C0376,P040,2025-10-01 0:00:00,3,5642.1,0,5642.1,8,Delivered,UPI
O17233,C0461,P073,2023-03-06 0:00:00,2,4639.96,10,4175.96,1,Delivered,COD
O17234,C0436,P073,2025-12-15 0:00:00,4,4881.22,15,4149.04,12,Returned,UPI
O17235,C0471,P002,2023-04-24 0:00:00,3,6988.83,15,5940.51,7,Cancelled,UPI
O17236,C0023,P058,2023-05-27 0:00:00,3,4878.97,10,4391.07,8,Delivered,Wallet
O17237,C0043,P069,2023-01-23 0:00:00,1,4038.85,15,3433.02,10,Cancelled,Wallet
O17238,C0004,P078,2025-05-25 0:00:00,2,5396.44,20,4317.15,6,delivered,Wallet
O17239,C0179,P022,2025-12-01 0:00:00,1,6721.37,10,6049.23,6,delivered,Wallet
O17240,C0113,P075,2023-01-08 0:00:00,2,6520.23,10,5868.21,3,DELIVERED,Card
O17241,C0490,P089,2023-05-06 0:00:00,2,8658,5,8225.1,4,delivered,Wallet
O17242,C0061,P009,2024-11-26 0:00:00,5,9778.17,15,8311.44,6,delivered,UPI
O17243,C0461,P053,2025-02-06 0:00:00,4,3942.62,0,3942.62,7,DELIVERED,Card
O17244,C0162,P068,2024-07-10 0:00:00,3,2619.53,20,2095.62,1,Delivered,Wallet
O17245,C0103,P041,2025-12-11 0:00:00,3,7332.77,0,7332.77,8,Cancelled,Wallet
O17246,C0360,P067,2024-11-02 0:00:00,3,8057.89,20,6446.31,5,delivered,COD
O17247,C0008,P074,2024-05-01 0:00:00,5,1641.7,10,1477.53,9,Returned,Wallet
O17248,C0001,P063,2024-11-26 0:00:00,3,5598.8,10,5038.92,11,Delivered,Card
O17249,C0399,P002,2023-11-04 0:00:00,3,8642.27,10,7778.04,2,Returned,Wallet
O17250,C0233,P044,2025-09-15 0:00:00,5,5537.7,5,5260.81,3,delivered,Card
O17251,C0380,P058,2026-02-16 0:00:00,3,2049.1,10,1844.19,11,Delivered,Wallet
O17252,C0360,P014,2023-12-13 0:00:00,3,3891.79,0,3891.79,7,delivered,UPI
O17253,C0026,P006,2025-04-19 0:00:00,1,2766.43,0,2766.43,11,DELIVERED,Wallet
O17254,C0172,P046,2023-02-16 0:00:00,2,7069.76,5,6716.27,9,Delivered,UPI
O17255,C0414,P013,2025-10-28 0:00:00,3,2736.14,10,2462.53,9,DELIVERED,COD
O17256,C0300,P092,2024-10-14 0:00:00,5,2350.12,5,2232.61,2,delivered,COD
O17257,C0070,P044,2025-07-27 0:00:00,1,5251.32,15,4463.62,11,delivered,Card
O17258,C0419,P016,2025-12-15 0:00:00,4,3125.06,20,2500.05,12,Cancelled,Wallet
O17259,C0454,P037,2023-01-25 0:00:00,4,3621.8,15,3078.53,5,Returned,Card
O17260,C0008,P091,2025-10-19 0:00:00,5,2508.22,5,2382.81,1,Delivered,Card
O17261,C0284,P016,2024-03-10 0:00:00,2,8875.57,20,7100.46,9,Returned,COD
O17262,C0462,P076,2025-01-31 0:00:00,4,9298.17,20,7438.54,12,Cancelled,Wallet
O17263,C0067,P066,2023-08-01 0:00:00,1,3467.95,15,2947.76,12,delivered,COD
O17264,C0051,P005,2025-12-14 0:00:00,2,529.02,0,529.02,10,DELIVERED,COD
O17265,C0281,P079,2025-01-27 0:00:00,3,2507.68,10,2256.91,3,Delivered,Wallet
O17266,C0063,P054,2023-02-01 0:00:00,4,4616.52,10,4154.87,12,DELIVERED,UPI
O17267,C0057,P070,2024-06-09 0:00:00,4,6791.41,20,5433.13,5,Cancelled,Wallet
O17268,C0041,P036,2024-06-19 0:00:00,4,8743.97,20,6995.18,11,delivered,UPI
O17269,C0384,P050,2026-03-04 0:00:00,1,5177.33,15,4400.73,12,Cancelled,Card
O17270,C0099,P008,2023-05-16 0:00:00,2,1869.29,5,1775.83,10,delivered,Card
O17271,C0317,P057,2024-06-05 0:00:00,5,6601.3,15,5611.1,3,DELIVERED,Card
O17272,C0465,P032,2025-05-24 0:00:00,5,8725.99,0,8725.99,2,DELIVERED,UPI
O17273,C0308,P077,2026-03-19 0:00:00,1,876.27,20,701.02,3,Returned,Wallet
O17274,C0378,P096,2025-12-21 0:00:00,2,3204.45,20,2563.56,11,Returned,UPI
O17275,C0115,P065,2023-07-13 0:00:00,1,8303.19,15,7057.71,3,DELIVERED,UPI
O17276,C0023,P029,2026-02-17 0:00:00,1,7258.72,5,6895.78,11,delivered,UPI
O17277,C0140,P063,2024-02-11 0:00:00,2,7849.71,0,7849.71,9,delivered,UPI
O17278,C0409,P029,2023-09-07 0:00:00,4,4140.26,10,3726.23,11,Cancelled,COD
O17279,C0288,P045,2024-09-07 0:00:00,3,5410.29,0,5410.29,9,Delivered,COD
O17280,C0172,P089,2024-03-08 0:00:00,1,8306.76,15,7060.75,5,Cancelled,UPI
O17281,C0435,P021,2023-12-30 0:00:00,1,6602.86,5,6272.72,8,Cancelled,COD
O17282,C0071,P082,2024-07-06 0:00:00,3,2644.92,5,2512.67,1,Returned,UPI
O17283,C0359,P023,2023-07-15 0:00:00,3,1551.53,20,1241.22,3,delivered,UPI
O17284,C0009,P023,2023-07-23 0:00:00,4,534.64,20,427.71,2,Returned,UPI
O17285,C0484,P069,2023-01-17 0:00:00,1,711.96,0,711.96,2,DELIVERED,Card
O17286,C0499,P058,2023-09-01 0:00:00,4,1787.69,0,1787.69,7,Returned,Card
O17287,C0012,P010,2024-12-19 0:00:00,2,9755.01,10,8779.51,4,delivered,Wallet
O17288,C0198,P061,2026-01-13 0:00:00,5,9162.11,20,7329.69,9,DELIVERED,Card
O17289,C0085,P027,2024-02-04 0:00:00,4,2677.95,10,2410.15,1,DELIVERED,Card
O17290,C0036,P039,2024-01-30 0:00:00,2,5292.47,20,4233.98,3,Cancelled,Wallet
O17291,C0184,P070,2025-10-02 0:00:00,3,9375.72,20,7500.58,7,DELIVERED,Wallet
O17292,C0192,P058,2026-03-22 0:00:00,3,9163.12,10,8246.81,12,Returned,Wallet
O17293,C0399,P079,2023-04-12 0:00:00,4,4415.29,0,4415.29,1,DELIVERED,Wallet
O17294,C0001,P032,2024-09-01 0:00:00,5,4862.45,20,3889.96,11,Cancelled,Wallet
O17295,C0052,P072,2023-09-06 0:00:00,2,882.64,0,882.64,3,DELIVERED,Card
O17296,C0395,P053,2024-04-01 0:00:00,4,6593.53,15,5604.5,2,delivered,Card
O17297,C0442,P072,2026-02-24 0:00:00,1,1068.82,0,1068.82,2,Returned,UPI
O17298,C0161,P087,2023-09-27 0:00:00,4,9734.9,20,7787.92,3,Returned,Wallet
O17299,C0072,P082,2023-12-25 0:00:00,4,580.88,20,464.7,8,delivered,Card
O17300,C0084,P051,2025-01-03 0:00:00,5,2597.48,5,2467.61,11,delivered,Wallet
O17301,C0099,P070,2025-07-06 0:00:00,2,7032.39,15,5977.53,12,DELIVERED,Card
O17302,C0417,P038,2024-01-27 0:00:00,2,5230.17,15,4445.64,2,Delivered,Card
O17303,C0366,P097,2024-06-11 0:00:00,4,8513.94,0,8513.94,12,Delivered,Wallet
O17304,C0456,P052,2024-11-16 0:00:00,3,1318.01,5,1252.11,2,delivered,COD
O17305,C0447,P015,2023-02-10 0:00:00,4,9699.52,10,8729.57,9,Cancelled,Card
O17306,C0190,P054,2025-04-30 0:00:00,1,8604.09,20,6883.27,1,Returned,Wallet
O17307,C0182,P017,2024-07-17 0:00:00,4,6679.52,20,5343.62,12,Delivered,Wallet
O17308,C0465,P032,2025-02-08 0:00:00,3,7962.47,5,7564.35,11,Returned,Wallet
O17309,C0278,P023,2023-04-06 0:00:00,5,6048.67,5,5746.24,4,delivered,Wallet
O17310,C0036,P078,2023-02-04 0:00:00,5,8801.05,5,8361,10,DELIVERED,Wallet
O17311,C0450,P072,2025-11-10 0:00:00,3,5272.95,5,5009.3,11,delivered,UPI
O17312,C0163,P060,2024-08-09 0:00:00,2,3757.08,0,3757.08,11,Returned,COD
O17313,C0015,P010,2023-05-02 0:00:00,3,9211.39,20,7369.11,3,delivered,UPI
O17314,C0274,P025,2023-08-14 0:00:00,4,3120.79,10,2808.71,3,Delivered,COD
O17315,C0450,P029,2025-06-07 0:00:00,4,8381.29,15,7124.1,11,delivered,Wallet
O17316,C0155,P088,2023-06-04 0:00:00,2,7319.46,0,7319.46,9,Delivered,Wallet
O17317,C0265,P071,2025-12-12 0:00:00,3,4268.24,10,3841.42,10,Delivered,COD
O17318,C0103,P072,2024-01-29 0:00:00,3,760.35,20,608.28,2,Delivered,Card
O17319,C0291,P069,2023-05-28 0:00:00,1,4306.51,10,3875.86,8,Cancelled,COD
O17320,C0058,P088,2023-05-29 0:00:00,1,2292.94,15,1949,4,DELIVERED,COD
O17321,C0108,P091,2024-08-07 0:00:00,4,4734.46,0,4734.46,4,DELIVERED,Wallet
O17322,C0119,P039,2025-06-07 0:00:00,3,7875.62,0,7875.62,2,Delivered,Card
O17323,C0281,P094,2025-01-21 0:00:00,2,1876.06,15,1594.65,7,Delivered,Wallet
O17324,C0050,P030,2023-02-09 0:00:00,3,3927.11,15,3338.04,5,Returned,Wallet
O17325,C0027,P001,2025-03-03 0:00:00,5,5445.85,10,4901.27,12,DELIVERED,Wallet
O17326,C0224,P078,2023-06-14 0:00:00,2,3016.14,10,2714.53,7,Delivered,Wallet
O17327,C0239,P028,2025-05-13 0:00:00,3,5221.17,0,5221.17,2,Delivered,Card
O17328,C0129,P095,2023-05-04 0:00:00,5,6006.54,5,5706.21,12,DELIVERED,Wallet
O17329,C0159,P014,2026-04-14 0:00:00,1,6682.02,0,6682.02,4,Cancelled,UPI
O17330,C0431,P060,2023-03-21 0:00:00,1,9152.65,10,8237.39,10,Delivered,Wallet
O17331,C0432,P002,2024-02-03 0:00:00,2,1715.26,5,1629.5,8,delivered,COD
O17332,C0450,P003,2023-02-24 0:00:00,2,640.47,15,544.4,3,delivered,UPI
O17333,C0112,P081,2024-08-09 0:00:00,3,8307.72,20,6646.18,11,delivered,Wallet
O17334,C0094,P011,2023-04-28 0:00:00,1,2905.96,10,2615.36,11,Cancelled,Card
O17335,C0144,P020,2024-11-17 0:00:00,1,4393.72,5,4174.03,6,Returned,Wallet
O17336,C0188,P013,2023-11-13 0:00:00,2,8866.08,15,7536.17,5,DELIVERED,UPI
O17337,C0330,P053,2024-02-16 0:00:00,5,8398.63,0,8398.63,5,Returned,COD
O17338,C0431,P095,2023-10-19 0:00:00,2,9980.27,15,8483.23,7,Cancelled,Wallet
O17339,C0016,P015,2024-10-12 0:00:00,2,2002.07,20,1601.66,1,delivered,UPI
O17340,C0401,P048,2024-07-05 0:00:00,5,1534.68,5,1457.95,12,Returned,Wallet
O17341,C0458,P035,2025-12-07 0:00:00,4,7395.64,0,7395.64,1,DELIVERED,UPI
O17342,C0100,P032,2025-09-28 0:00:00,3,7264.69,5,6901.46,1,Cancelled,Wallet
O17343,C0301,P047,2023-02-21 0:00:00,2,8012.96,10,7211.66,5,Cancelled,Wallet
O17344,C0255,P075,2026-02-28 0:00:00,3,9755.89,20,7804.71,9,Cancelled,Card
O17345,C0419,P089,2025-07-24 0:00:00,2,3310.05,5,3144.55,10,Returned,UPI
O17346,C0303,P046,2023-07-14 0:00:00,2,2712.14,0,2712.14,10,DELIVERED,UPI
O17347,C0276,P014,2024-05-31 0:00:00,4,5397.4,20,4317.92,12,Delivered,UPI
O17348,C0069,P027,2026-04-10 0:00:00,5,5811.03,15,4939.38,8,Delivered,COD
O17349,C0072,P009,2025-10-26 0:00:00,3,7444.21,15,6327.58,8,delivered,Wallet
O17350,C0429,P047,2026-01-06 0:00:00,4,7251.45,15,6163.73,9,delivered,COD
O17351,C0370,P069,2025-12-09 0:00:00,4,4568.41,0,4568.41,6,delivered,UPI
O17352,C0144,P011,2024-01-06 0:00:00,2,9778.28,15,8311.54,12,Returned,COD
O17353,C0370,P099,2025-12-06 0:00:00,3,5766.91,15,4901.87,11,Returned,Wallet
O17354,C0441,P008,2023-09-24 0:00:00,1,1645.84,0,1645.84,6,Cancelled,UPI
O17355,C0351,P011,2024-08-23 0:00:00,1,3130.46,10,2817.41,7,DELIVERED,UPI
O17356,C0041,P060,2023-07-09 0:00:00,1,1213.93,10,1092.54,2,delivered,Card
O17357,C0320,P020,2026-04-15 0:00:00,1,581.51,5,552.43,11,delivered,Wallet
O17358,C0324,P060,2024-03-18 0:00:00,2,9602.95,20,7682.36,2,DELIVERED,Wallet
O17359,C0431,P032,2025-09-04 0:00:00,2,5371.75,15,4565.99,9,Cancelled,COD
O17360,C0164,P022,2025-01-10 0:00:00,3,7309.42,5,6943.95,10,Returned,UPI
O17361,C0246,P057,2025-09-18 0:00:00,4,6058.42,15,5149.66,7,DELIVERED,Card
O17362,C0196,P074,2023-08-24 0:00:00,2,1075.55,20,860.44,7,DELIVERED,UPI
O17363,C0277,P007,2024-10-10 0:00:00,5,6368.36,5,6049.94,2,Returned,Wallet
O17364,C0259,P037,2026-03-15 0:00:00,2,4717.87,20,3774.3,9,Returned,UPI
O17365,C0087,P006,2024-01-13 0:00:00,5,8769.48,5,8331.01,5,Cancelled,Wallet
O17366,C0030,P091,2025-03-12 0:00:00,3,7021.94,10,6319.75,3,Cancelled,UPI
O17367,C0062,P087,2023-10-22 0:00:00,5,8417.74,10,7575.97,1,Returned,Wallet
O17368,C0186,P072,2023-10-29 0:00:00,2,1630.15,5,1548.64,12,DELIVERED,Wallet
O17369,C0283,P094,2026-01-23 0:00:00,3,3602.27,5,3422.16,7,Cancelled,Card
O17370,C0279,P056,2025-04-23 0:00:00,2,4386.93,15,3728.89,2,DELIVERED,Card
O17371,C0241,P060,2024-06-17 0:00:00,1,726.08,0,726.08,2,Delivered,UPI
O17372,C0035,P032,2026-02-22 0:00:00,3,9356.17,5,8888.36,6,Returned,Wallet
O17373,C0063,P066,2023-11-09 0:00:00,4,3900.46,10,3510.41,2,Returned,Card
O17374,C0260,P095,2024-03-11 0:00:00,5,4832.35,5,4590.73,7,Delivered,UPI
O17375,C0074,P035,2024-11-13 0:00:00,5,1506.11,15,1280.19,11,delivered,Wallet
O17376,C0383,P037,2023-03-04 0:00:00,3,6135.51,5,5828.73,10,Cancelled,UPI
O17377,C0428,P003,2023-02-17 0:00:00,2,5645.13,20,4516.1,11,Returned,Wallet
O17378,C0031,P078,2025-04-11 0:00:00,2,6119.47,10,5507.52,8,Cancelled,Wallet
O17379,C0148,P080,2024-07-30 0:00:00,5,2904.54,20,2323.63,1,Delivered,Wallet
O17380,C0015,P095,2024-12-31 0:00:00,5,3151.15,0,3151.15,10,delivered,Wallet
O17381,C0105,P011,2024-08-14 0:00:00,4,5399.56,15,4589.63,2,DELIVERED,Wallet
O17382,C0138,P058,2026-01-13 0:00:00,2,1327.97,20,1062.38,3,delivered,Wallet
O17383,C0461,P063,2023-01-20 0:00:00,3,8409.65,15,7148.2,7,DELIVERED,COD
O17384,C0444,P007,2023-05-02 0:00:00,3,5678.36,10,5110.52,6,Delivered,Card
O17385,C0455,P072,2024-05-05 0:00:00,4,3524.8,15,2996.08,12,Cancelled,COD
O17386,C0484,P089,2024-11-10 0:00:00,2,1640.89,0,1640.89,2,Delivered,Card
O17387,C0059,P002,2024-01-13 0:00:00,3,1855.66,20,1484.53,11,Cancelled,Card
O17388,C0080,P023,2026-02-21 0:00:00,4,8786.35,0,8786.35,3,delivered,UPI
O17389,C0043,P067,2024-02-10 0:00:00,1,5348.35,5,5080.93,2,Delivered,COD
O17390,C0455,P028,2023-12-10 0:00:00,3,1454.94,0,1454.94,6,Returned,Wallet
O17391,C0104,P033,2023-10-11 0:00:00,3,4159.88,20,3327.9,10,Delivered,Wallet
O17392,C0167,P098,2024-06-05 0:00:00,5,8973.56,20,7178.85,1,Cancelled,Wallet
O17393,C0178,P025,2023-05-27 0:00:00,3,2500.51,15,2125.43,7,DELIVERED,COD
O17394,C0228,P037,2024-01-02 0:00:00,5,3525.68,0,3525.68,12,DELIVERED,Wallet
O17395,C0231,P014,2026-03-29 0:00:00,1,8097.52,15,6882.89,11,Delivered,COD
O17396,C0122,P066,2025-08-28 0:00:00,4,3838.81,0,3838.81,1,delivered,COD
O17397,C0499,P089,2024-09-05 0:00:00,2,9825.43,15,8351.62,6,Delivered,Wallet
O17398,C0219,P013,2025-03-22 0:00:00,5,8413.55,0,8413.55,11,Cancelled,Card
O17399,C0225,P009,2024-04-24 0:00:00,5,6670.64,10,6003.58,8,Returned,Wallet
O17400,C0159,P037,2025-11-23 0:00:00,3,8767.65,10,7890.89,8,Delivered,Wallet
O17401,C0034,P096,2026-03-31 0:00:00,3,3113.75,5,2958.06,9,Cancelled,Wallet
O17402,C0345,P069,2025-05-10 0:00:00,3,8749.56,5,8312.08,4,delivered,Wallet
O17403,C0191,P044,2023-06-27 0:00:00,1,7048.91,20,5639.13,3,Cancelled,Wallet
O17404,C0114,P041,2025-08-31 0:00:00,5,3211.49,15,2729.77,10,DELIVERED,Wallet
O17405,C0390,P100,2023-05-20 0:00:00,1,3783.53,5,3594.35,3,Returned,Wallet
O17406,C0290,P018,2024-01-24 0:00:00,3,1222.7,5,1161.57,12,Cancelled,COD
O17407,C0044,P035,2024-05-19 0:00:00,1,8860.18,20,7088.14,2,Delivered,Card
O17408,C0012,P059,2023-08-11 0:00:00,3,3417.69,15,2905.04,6,DELIVERED,UPI
O17409,C0370,P066,2025-07-25 0:00:00,3,9883.07,5,9388.92,6,delivered,Wallet
O17410,C0305,P034,2026-01-29 0:00:00,4,9206.87,10,8286.18,7,Delivered,COD
O17411,C0069,P007,2023-03-24 0:00:00,2,2918.22,5,2772.31,6,delivered,Wallet
O17412,C0339,P045,2023-01-26 0:00:00,1,5079.57,20,4063.66,1,Delivered,COD
O17413,C0144,P075,2023-10-06 0:00:00,5,1850.17,20,1480.14,6,Cancelled,COD
O17414,C0338,P005,2024-08-17 0:00:00,3,1887.41,5,1793.04,7,delivered,COD
O17415,C0145,P016,2023-09-29 0:00:00,1,687.97,15,584.77,11,DELIVERED,UPI
O17416,C0322,P027,2026-01-20 0:00:00,5,3493.18,15,2969.2,9,DELIVERED,Wallet
O17417,C0392,P005,2024-02-02 0:00:00,3,6320.54,10,5688.49,1,Delivered,Card
O17418,C0422,P071,2025-06-12 0:00:00,3,3494.68,0,3494.68,3,Returned,COD
O17419,C0382,P041,2026-01-24 0:00:00,3,4821.86,10,4339.67,4,Cancelled,UPI
O17420,C0420,P071,2025-07-09 0:00:00,4,9198.63,5,8738.7,1,Returned,Wallet
O17421,C0050,P077,2023-06-20 0:00:00,3,5438.3,5,5166.39,6,DELIVERED,UPI
O17422,C0030,P073,2025-04-21 0:00:00,3,6310.49,10,5679.44,4,delivered,Wallet
O17423,C0478,P098,2024-09-19 0:00:00,2,2494.48,20,1995.58,12,Returned,UPI
O17424,C0204,P020,2025-02-14 0:00:00,2,3937.95,5,3741.05,10,Delivered,UPI
O17425,C0110,P100,2023-12-19 0:00:00,1,8238.56,10,7414.7,8,Cancelled,Wallet
O17426,C0465,P023,2024-08-25 0:00:00,3,9121.53,10,8209.38,7,delivered,UPI
O17427,C0027,P075,2025-09-30 0:00:00,4,1996.92,5,1897.07,12,Returned,Wallet
O17428,C0044,P078,2024-09-12 0:00:00,4,6010.06,15,5108.55,9,Returned,Wallet
O17429,C0130,P059,2024-11-07 0:00:00,1,9253.03,10,8327.73,5,DELIVERED,Wallet
O17430,C0468,P019,2023-02-01 0:00:00,5,7561.32,20,6049.06,6,Delivered,Wallet
O17431,C0291,P026,2026-03-05 0:00:00,3,5937.9,5,5641,1,DELIVERED,UPI
O17432,C0240,P082,2024-07-21 0:00:00,3,6824.36,5,6483.14,12,DELIVERED,UPI
O17433,C0363,P009,2024-02-11 0:00:00,3,1105.06,15,939.3,11,delivered,Wallet
O17434,C0347,P002,2023-06-19 0:00:00,1,1134.67,10,1021.2,8,Returned,Wallet
O17435,C0277,P055,2025-12-13 0:00:00,1,5452.97,5,5180.32,4,Delivered,Card
O17436,C0428,P091,2023-11-05 0:00:00,3,8756.14,20,7004.91,4,Cancelled,Card
O17437,C0063,P048,2026-03-17 0:00:00,2,8221.5,5,7810.42,9,Returned,Wallet
O17438,C0276,P017,2024-04-07 0:00:00,3,4554.23,0,4554.23,5,DELIVERED,Wallet
O17439,C0439,P053,2024-05-17 0:00:00,1,6264.07,0,6264.07,10,Delivered,Card
O17440,C0487,P027,2024-08-11 0:00:00,5,5285.8,0,5285.8,9,Cancelled,COD
O17441,C0313,P035,2025-08-07 0:00:00,4,4148.66,5,3941.23,1,Cancelled,Wallet
O17442,C0484,P036,2025-11-23 0:00:00,3,1633.97,0,1633.97,12,DELIVERED,COD
O17443,C0059,P099,2024-08-16 0:00:00,2,8355.51,5,7937.73,6,Delivered,Wallet
O17444,C0464,P080,2024-04-21 0:00:00,4,6129.39,5,5822.92,4,Cancelled,Card
O17445,C0230,P065,2023-10-24 0:00:00,2,3217.8,10,2896.02,7,Returned,COD
O17446,C0043,P085,2023-03-27 0:00:00,2,2131.29,5,2024.73,8,Cancelled,Card
O17447,C0480,P090,2023-02-16 0:00:00,5,4856.41,10,4370.77,6,Cancelled,Wallet
O17448,C0279,P069,2024-02-13 0:00:00,2,2049.61,0,2049.61,8,Returned,Wallet
O17449,C0138,P023,2024-12-31 0:00:00,4,4679.01,20,3743.21,9,Delivered,UPI
O17450,C0397,P009,2026-04-07 0:00:00,5,3046.05,0,3046.05,10,Delivered,COD
O17451,C0014,P045,2026-02-05 0:00:00,5,7993.46,15,6794.44,9,delivered,COD
O17452,C0364,P007,2024-09-28 0:00:00,4,9573.49,5,9094.82,10,delivered,Wallet
O17453,C0495,P099,2024-08-16 0:00:00,1,3036.98,10,2733.28,1,DELIVERED,Wallet
O17454,C0250,P019,2025-11-23 0:00:00,5,6181.97,20,4945.58,9,Delivered,Card
O17455,C0064,P031,2023-12-07 0:00:00,3,1537.88,5,1460.99,1,DELIVERED,Wallet
O17456,C0083,P040,2025-09-03 0:00:00,4,4276.15,0,4276.15,10,Returned,Wallet
O17457,C0400,P007,2023-11-22 0:00:00,5,3923.73,10,3531.36,2,Delivered,Card
O17458,C0028,P004,2025-09-20 0:00:00,4,3182.8,5,3023.66,6,Delivered,COD
O17459,C0062,P019,2025-11-27 0:00:00,4,7941.16,20,6352.93,8,Delivered,Wallet
O17460,C0429,P012,2025-07-15 0:00:00,1,1053.79,10,948.41,11,Returned,UPI
O17461,C0042,P087,2025-04-10 0:00:00,2,3261,0,3261,6,Cancelled,COD
O17462,C0064,P094,2025-05-10 0:00:00,3,7842.2,5,7450.09,8,Returned,Wallet
O17463,C0408,P068,2023-09-16 0:00:00,2,2274.44,5,2160.72,7,delivered,UPI
O17464,C0494,P085,2023-09-25 0:00:00,1,3275.6,20,2620.48,11,DELIVERED,UPI
O17465,C0376,P048,2023-07-29 0:00:00,2,5956.47,0,5956.47,11,DELIVERED,Wallet
O17466,C0128,P078,2023-01-01 0:00:00,4,983.59,15,836.05,2,Cancelled,Wallet
O17467,C0246,P003,2024-06-22 0:00:00,2,5609.28,20,4487.42,7,Delivered,Wallet
O17468,C0428,P093,2025-08-24 0:00:00,4,9728.77,15,8269.45,9,delivered,Card
O17469,C0396,P021,2024-10-10 0:00:00,5,7495.68,20,5996.54,3,Returned,UPI
O17470,C0305,P029,2024-09-21 0:00:00,1,871.77,15,741,9,Delivered,Card
O17471,C0373,P004,2024-12-03 0:00:00,2,4233.21,20,3386.57,5,delivered,Wallet
O17472,C0233,P047,2023-01-08 0:00:00,5,2201.69,15,1871.44,7,delivered,Card
O17473,C0446,P027,2024-05-18 0:00:00,5,7346.82,20,5877.46,9,delivered,COD
O17474,C0109,P086,2023-12-11 0:00:00,4,4293.01,20,3434.41,7,delivered,Wallet
O17475,C0451,P095,2023-01-04 0:00:00,4,6688.07,20,5350.46,8,Delivered,Wallet
O17476,C0487,P007,2026-03-17 0:00:00,1,6904.84,15,5869.11,5,delivered,Wallet
O17477,C0097,P056,2025-02-18 0:00:00,2,906.95,15,770.91,5,Returned,Wallet
O17478,C0130,P062,2025-12-21 0:00:00,3,2278.41,0,2278.41,11,Returned,Wallet
O17479,C0478,P038,2024-02-15 0:00:00,4,3726.77,20,2981.42,1,Returned,UPI
O17480,C0311,P040,2024-10-21 0:00:00,3,9936.19,0,9936.19,8,Returned,Wallet
O17481,C0488,P040,2024-10-01 0:00:00,3,3956.56,15,3363.08,12,Returned,COD
O17482,C0497,P006,2023-07-15 0:00:00,1,3276.6,10,2948.94,6,delivered,Card
O17483,C0340,P071,2024-07-06 0:00:00,5,6157.71,20,4926.17,5,DELIVERED,Wallet
O17484,C0006,P031,2024-11-01 0:00:00,5,1636.75,15,1391.24,6,delivered,Card
O17485,C0411,P089,2025-12-07 0:00:00,3,9296.63,10,8366.97,9,delivered,Wallet
O17486,C0367,P028,2024-11-03 0:00:00,3,8839.54,10,7955.59,9,DELIVERED,Wallet
O17487,C0472,P063,2023-08-17 0:00:00,2,9890.17,5,9395.66,1,delivered,Wallet
O17488,C0344,P013,2025-10-06 0:00:00,2,2056.12,15,1747.7,4,Delivered,Wallet
O17489,C0298,P002,2025-05-22 0:00:00,2,1227.3,20,981.84,2,delivered,Wallet
O17490,C0060,P041,2023-04-26 0:00:00,5,6077.54,15,5165.91,3,Delivered,UPI
O17491,C0050,P015,2025-07-07 0:00:00,5,3301.46,5,3136.39,11,Cancelled,COD
O17492,C0454,P019,2024-09-28 0:00:00,5,5824.38,5,5533.16,6,delivered,Wallet
O17493,C0107,P005,2025-11-25 0:00:00,3,9304.8,5,8839.56,1,delivered,COD
O17494,C0265,P042,2025-12-17 0:00:00,2,5283.93,5,5019.73,4,Delivered,Wallet
O17495,C0390,P044,2026-03-08 0:00:00,1,8462.43,5,8039.31,2,DELIVERED,Card
O17496,C0211,P069,2024-03-24 0:00:00,1,6128.3,0,6128.3,10,DELIVERED,Wallet
O17497,C0127,P045,2026-01-10 0:00:00,5,1177.23,5,1118.37,3,DELIVERED,Card
O17498,C0018,P060,2023-11-17 0:00:00,5,2344.14,5,2226.93,8,Delivered,Wallet
O17499,C0135,P015,2023-02-17 0:00:00,4,593.06,20,474.45,1,Returned,COD
O17500,C0367,P020,2023-10-04 0:00:00,3,9941.96,10,8947.76,11,delivered,Wallet
O17501,C0242,P014,2023-09-22 0:00:00,5,3824.88,10,3442.39,12,delivered,UPI
O17502,C0414,P097,2025-04-21 0:00:00,4,8606.51,10,7745.86,7,Returned,COD
O17503,C0204,P054,2024-01-29 0:00:00,1,916.24,5,870.43,1,Cancelled,Card
O17504,C0257,P035,2023-10-19 0:00:00,4,1509.63,20,1207.7,5,delivered,Wallet
O17505,C0172,P055,2023-09-22 0:00:00,4,3236.88,20,2589.5,11,Returned,UPI
O17506,C0156,P024,2025-05-12 0:00:00,2,4409.91,20,3527.93,7,Cancelled,Card
O17507,C0429,P037,2025-05-17 0:00:00,3,4409.49,5,4189.02,2,delivered,COD
O17508,C0145,P003,2023-08-24 0:00:00,4,8238.62,15,7002.83,8,Cancelled,Card
O17509,C0432,P040,2023-03-10 0:00:00,2,6014.38,15,5112.22,3,Returned,Wallet
O17510,C0083,P024,2023-11-14 0:00:00,1,8006.83,10,7206.15,1,Delivered,UPI
O17511,C0167,P085,2023-03-30 0:00:00,2,2706.43,5,2571.11,9,DELIVERED,Wallet
O17512,C0355,P025,2024-03-02 0:00:00,3,2412.82,5,2292.18,11,Delivered,Wallet
O17513,C0356,P090,2023-10-07 0:00:00,5,6383.73,15,5426.17,3,Returned,Card
O17514,C0436,P029,2026-02-11 0:00:00,3,8096.19,20,6476.95,9,delivered,COD
O17515,C0075,P014,2023-08-24 0:00:00,5,1605.95,0,1605.95,8,delivered,Wallet
O17516,C0380,P058,2023-04-08 0:00:00,5,8230.05,0,8230.05,10,Returned,Wallet
O17517,C0390,P078,2026-03-20 0:00:00,5,7218.83,10,6496.95,2,Delivered,Card
O17518,C0050,P099,2025-04-20 0:00:00,2,7773.74,15,6607.68,7,Delivered,UPI
O17519,C0207,P084,2026-03-02 0:00:00,5,2520.66,5,2394.63,6,Returned,UPI
O17520,C0468,P037,2023-02-23 0:00:00,5,5679.54,20,4543.63,0,DELIVERED,Wallet
O17521,C0321,P067,2023-05-02 0:00:00,4,1977.65,10,1779.89,8,delivered,UPI
O17522,C0369,P030,2024-09-19 0:00:00,3,688.14,5,653.73,10,DELIVERED,Wallet
O17523,C0027,P084,2026-02-15 0:00:00,2,3479.46,0,3479.46,12,DELIVERED,UPI
O17524,C0445,P026,2024-01-25 0:00:00,1,6564.27,15,5579.63,12,delivered,UPI
O17525,C0100,P096,2025-02-15 0:00:00,2,1748.84,20,1399.07,5,delivered,Wallet
O17526,C0150,P015,2025-12-30 0:00:00,3,6057.27,5,5754.41,11,delivered,Wallet
O17527,C0002,P076,2025-05-10 0:00:00,1,3064.77,20,2451.82,5,Delivered,UPI
O17528,C0288,P031,2025-03-22 0:00:00,5,7384.14,15,6276.52,2,DELIVERED,Wallet
O17529,C0386,P079,2026-01-02 0:00:00,3,7542.53,5,7165.4,12,delivered,Wallet
O17530,C0013,P084,2023-09-07 0:00:00,4,1486.04,20,1188.83,5,Delivered,Wallet
O17531,C0141,P027,2023-10-10 0:00:00,1,3624.11,15,3080.49,4,DELIVERED,Wallet
O17532,C0373,P004,2025-05-03 0:00:00,5,1043.47,5,991.3,6,DELIVERED,Card
O17533,C0336,P073,2023-12-16 0:00:00,2,1092.49,0,1092.49,9,Returned,UPI
O17534,C0433,P054,2025-10-23 0:00:00,1,9442.15,10,8497.93,7,delivered,UPI
O17535,C0312,P097,2025-06-30 0:00:00,5,8217.8,5,7806.91,8,delivered,Wallet
O17536,C0055,P076,2024-11-02 0:00:00,2,4292.32,5,4077.7,3,delivered,Wallet
O17537,C0003,P034,2024-04-23 0:00:00,1,7387.93,20,5910.34,3,delivered,Wallet
O17538,C0274,P077,2025-07-29 0:00:00,2,9977.68,15,8481.03,10,DELIVERED,UPI
O17539,C0306,P059,2025-08-20 0:00:00,2,8311.33,15,7064.63,4,Delivered,Wallet
O17540,C0006,P035,2023-05-13 0:00:00,1,814.24,0,814.24,5,DELIVERED,UPI
O17541,C0162,P016,2023-06-28 0:00:00,2,8580.42,20,6864.34,11,Cancelled,COD
O17542,C0267,P086,2026-04-06 0:00:00,1,3414.71,20,2731.77,2,delivered,COD
O17543,C0186,P030,2025-01-27 0:00:00,5,5736.93,0,5736.93,5,delivered,Card
O17544,C0128,P050,2023-08-08 0:00:00,4,7430.26,0,7430.26,8,Delivered,Wallet
O17545,C0198,P081,2024-05-18 0:00:00,1,5879.63,0,5879.63,8,DELIVERED,Wallet
O17546,C0371,P059,2025-08-29 0:00:00,5,3269.71,15,2779.25,9,DELIVERED,Card
O17547,C0249,P088,2024-07-12 0:00:00,3,4131.09,10,3717.98,7,Delivered,Wallet
O17548,C0352,P049,2024-07-06 0:00:00,3,6422.25,15,5458.91,9,Cancelled,COD
O17549,C0196,P085,2024-11-02 0:00:00,5,8168.51,0,8168.51,3,Returned,Wallet
O17550,C0477,P084,2025-01-30 0:00:00,5,3280.42,0,3280.42,1,DELIVERED,Wallet
O17551,C0223,P028,2026-01-09 0:00:00,2,6654.71,20,5323.77,2,DELIVERED,Card
O17552,C0435,P095,2023-03-22 0:00:00,4,7274.01,20,5819.21,8,DELIVERED,Wallet
O17553,C0269,P011,2023-08-11 0:00:00,4,7714.5,20,6171.6,1,DELIVERED,COD
O17554,C0002,P082,2025-04-05 0:00:00,2,5296.75,5,5031.91,12,DELIVERED,Wallet
O17555,C0452,P082,2025-03-12 0:00:00,3,6308.24,10,5677.42,2,Returned,COD
O17556,C0092,P068,2025-07-31 0:00:00,1,6641.19,0,6641.19,10,Cancelled,UPI
O17557,C0370,P095,2024-12-18 0:00:00,1,3059.2,10,2753.28,4,delivered,Wallet
O17558,C0237,P024,2023-04-13 0:00:00,3,845.11,10,760.6,11,Returned,Wallet
O17559,C0242,P083,2024-10-14 0:00:00,1,6449.23,5,6126.77,10,delivered,Wallet
O17560,C0107,P035,2023-05-09 0:00:00,3,2032.49,0,2032.49,5,Delivered,UPI
O17561,C0243,P056,2023-09-09 0:00:00,1,5987.32,20,4789.86,9,delivered,COD
O17562,C0195,P025,2025-01-27 0:00:00,2,4855.08,20,3884.06,7,Returned,UPI
O17563,C0288,P030,2023-06-04 0:00:00,4,4639.55,20,3711.64,10,Cancelled,UPI
O17564,C0269,P010,2025-04-02 0:00:00,2,3676.46,10,3308.81,1,DELIVERED,COD
O17565,C0154,P100,2025-08-10 0:00:00,3,7940.65,10,7146.59,12,delivered,Card
O17566,C0115,P075,2025-01-29 0:00:00,2,5349.88,15,4547.4,3,Returned,Wallet
O17567,C0123,P087,2025-09-26 0:00:00,3,1933.62,0,1933.62,7,Cancelled,COD
O17568,C0431,P029,2024-02-06 0:00:00,4,2337.58,20,1870.06,2,Returned,COD
O17569,C0109,P008,2023-08-07 0:00:00,5,2144.11,10,1929.7,5,delivered,COD
O17570,C0441,P016,2025-08-14 0:00:00,4,728.55,0,728.55,1,delivered,UPI
O17571,C0294,P062,2023-11-08 0:00:00,1,8404.96,20,6723.97,8,delivered,Wallet
O17572,C0023,P067,2024-04-04 0:00:00,4,3486.13,10,3137.52,9,delivered,COD
O17573,C0099,P038,2026-03-23 0:00:00,5,6134.51,15,5214.33,7,DELIVERED,Wallet
O17574,C0291,P083,2024-02-01 0:00:00,4,5101.27,0,5101.27,10,Delivered,UPI
O17575,C0426,P050,2025-02-03 0:00:00,4,2716.14,15,2308.72,12,delivered,Wallet
O17576,C0020,P054,2024-01-22 0:00:00,3,3078.76,5,2924.82,9,DELIVERED,Wallet
O17577,C0462,P056,2023-09-07 0:00:00,5,7584.82,20,6067.86,4,delivered,COD
O17578,C0461,P036,2025-06-01 0:00:00,4,7852.33,20,6281.86,8,Cancelled,Card
O17579,C0300,P036,2026-03-25 0:00:00,5,2037.01,20,1629.61,12,delivered,COD
O17580,C0188,P050,2024-07-24 0:00:00,3,4410.26,15,3748.72,12,Delivered,Wallet
O17581,C0202,P072,2023-02-28 0:00:00,5,3434.42,0,3434.42,7,Delivered,UPI
O17582,C0272,P001,2024-05-21 0:00:00,2,5530.54,20,4424.43,2,Returned,COD
O17583,C0078,P066,2024-09-15 0:00:00,4,6598.73,5,6268.79,4,DELIVERED,Card
O17584,C0216,P006,2024-06-02 0:00:00,3,9766.22,5,9277.91,12,Cancelled,Wallet
O17585,C0476,P020,2025-07-07 0:00:00,4,3471.77,15,2951,3,Cancelled,COD
O17586,C0035,P071,2026-04-01 0:00:00,5,6044.56,5,5742.33,7,Delivered,Wallet
O17587,C0476,P013,2024-11-12 0:00:00,1,3631.28,20,2905.02,11,Returned,Wallet
O17588,C0337,P071,2026-02-09 0:00:00,5,7056.2,15,5997.77,11,DELIVERED,COD
O17589,C0171,P021,2025-11-19 0:00:00,2,5954.56,10,5359.1,6,Returned,COD
O17590,C0402,P059,2025-10-20 0:00:00,5,749.28,10,674.35,11,Returned,COD
O17591,C0263,P096,2024-05-25 0:00:00,5,8884.3,0,8884.3,12,Returned,Wallet
O17592,C0407,P082,2025-12-22 0:00:00,4,6883.25,10,6194.93,10,Delivered,UPI
O17593,C0246,P029,2023-02-14 0:00:00,5,4573.4,15,3887.39,9,DELIVERED,Wallet
O17594,C0021,P075,2023-04-11 0:00:00,1,4451.68,0,4451.68,11,delivered,Wallet
O17595,C0483,P003,2024-09-07 0:00:00,1,8975.01,0,8975.01,6,Returned,UPI
O17596,C0263,P019,2023-12-30 0:00:00,2,3651,5,3468.45,12,Delivered,Card
O17597,C0359,P006,2023-08-06 0:00:00,3,4415.29,0,4415.29,8,DELIVERED,COD
O17598,C0110,P060,2024-01-30 0:00:00,3,9836.91,10,8853.22,7,Cancelled,Wallet
O17599,C0436,P037,2026-04-11 0:00:00,2,2615.68,0,2615.68,7,DELIVERED,COD
O17600,C0134,P077,2025-03-09 0:00:00,2,2614.63,20,2091.7,10,Delivered,UPI
O17601,C0113,P096,2025-06-26 0:00:00,3,7080.95,20,5664.76,8,DELIVERED,UPI
O17602,C0238,P076,2023-02-18 0:00:00,1,7668.67,15,6518.37,4,DELIVERED,UPI
O17603,C0029,P056,2024-12-25 0:00:00,4,1019.87,10,917.88,10,Cancelled,Wallet
O17604,C0121,P004,2024-02-24 0:00:00,1,2997.02,5,2847.17,1,Cancelled,UPI
O17605,C0484,P018,2023-11-09 0:00:00,3,9746.9,20,7797.52,9,Returned,Card
O17606,C0231,P086,2026-02-15 0:00:00,5,8284.21,5,7870,5,Cancelled,UPI
O17607,C0431,P008,2023-11-15 0:00:00,1,9228.92,0,9228.92,10,DELIVERED,UPI
O17608,C0284,P035,2025-05-17 0:00:00,3,3596.78,15,3057.26,2,DELIVERED,Wallet
O17609,C0141,P063,2023-04-14 0:00:00,5,3509.31,10,3158.38,1,Returned,COD
O17610,C0466,P040,2023-04-11 0:00:00,5,1525.01,5,1448.76,10,DELIVERED,UPI
O17611,C0142,P011,2023-03-02 0:00:00,4,1512.44,0,1512.44,7,Cancelled,COD
O17612,C0391,P066,2025-05-29 0:00:00,3,8906.61,20,7125.29,10,delivered,Card
O17613,C0375,P098,2025-12-22 0:00:00,3,803.66,20,642.93,5,delivered,UPI
O17614,C0371,P057,2024-11-14 0:00:00,5,4972.91,10,4475.62,8,Delivered,Wallet
O17615,C0199,P006,2023-10-31 0:00:00,4,4722.7,15,4014.29,10,delivered,COD
O17616,C0358,P017,2024-12-05 0:00:00,3,6215.53,0,6215.53,1,Returned,Wallet
O17617,C0170,P032,2024-09-29 0:00:00,1,3656.85,0,3656.85,4,delivered,Wallet
O17618,C0357,P010,2025-04-12 0:00:00,3,505.95,15,430.06,2,Returned,UPI
O17619,C0379,P052,2025-07-25 0:00:00,4,8091.73,0,8091.73,5,Cancelled,Wallet
O17620,C0349,P011,2024-05-09 0:00:00,1,3469.72,10,3122.75,3,delivered,Card
O17621,C0397,P065,2024-03-13 0:00:00,1,9717.67,5,9231.79,1,delivered,COD
O17622,C0424,P035,2025-06-12 0:00:00,3,3847.85,15,3270.67,4,Cancelled,Wallet
O17623,C0012,P075,2025-10-10 0:00:00,2,1643.76,10,1479.38,6,Returned,Wallet
O17624,C0217,P087,2023-10-07 0:00:00,1,1307.98,10,1177.18,-1,Returned,Wallet
O17625,C0252,P079,2023-01-30 0:00:00,3,6183.3,10,5564.97,8,Cancelled,Wallet
O17626,C0368,P031,2025-11-21 0:00:00,5,1450.71,5,1378.17,1,Cancelled,Wallet
O17627,C0256,P015,2025-02-25 0:00:00,2,1943.07,0,1943.07,1,Returned,COD
O17628,C0293,P008,2023-12-15 0:00:00,4,1396.13,0,1396.13,1,DELIVERED,Wallet
O17629,C0264,P026,2023-07-24 0:00:00,2,6533.34,0,6533.34,5,Cancelled,UPI
O17630,C0143,P070,2025-06-28 0:00:00,4,8550.64,0,8550.64,12,Cancelled,Card
O17631,C0078,P004,2024-04-18 0:00:00,2,3660.64,10,3294.58,8,delivered,Card
O17632,C0253,P001,2025-12-24 0:00:00,4,1825.11,10,1642.6,12,Cancelled,COD
O17633,C0182,P012,2023-05-04 0:00:00,4,8481.4,5,8057.33,1,Returned,Wallet
O17634,C0234,P097,2024-11-13 0:00:00,3,9825.98,15,8352.08,5,delivered,Card
O17635,C0418,P087,2023-08-04 0:00:00,5,5551.24,15,4718.55,4,Delivered,UPI
O17636,C0199,P006,2024-12-30 0:00:00,5,5244.54,10,4720.09,4,DELIVERED,COD
O17637,C0400,P068,2025-11-01 0:00:00,5,2278.66,10,2050.79,11,Cancelled,Wallet
O17638,C0214,P068,2023-05-25 0:00:00,2,9535,5,9058.25,2,DELIVERED,Card
O17639,C0367,P009,2026-04-01 0:00:00,2,3596.45,0,3596.45,7,delivered,COD
O17640,C0390,P064,2024-01-02 0:00:00,3,1790.72,20,1432.58,1,Delivered,Wallet
O17641,C0218,P097,2025-09-06 0:00:00,5,5787.94,15,4919.75,8,delivered,UPI
O17642,C0136,P032,2025-01-27 0:00:00,5,7103.4,0,7103.4,5,Delivered,Wallet
O17643,C0355,P071,2023-08-07 0:00:00,5,6861.38,15,5832.17,7,Cancelled,Card
O17644,C0185,P032,2024-11-20 0:00:00,3,5642.47,0,5642.47,11,DELIVERED,COD
O17645,C0383,P078,2023-02-09 0:00:00,3,1479.87,5,1405.88,11,Cancelled,UPI
O17646,C0375,P087,2026-01-26 0:00:00,3,9847.99,5,9355.59,1,Returned,UPI
O17647,C0016,P056,2025-11-08 0:00:00,5,2214.74,10,1993.27,4,Returned,Wallet
O17648,C0058,P088,2024-06-04 0:00:00,4,1606.1,0,1606.1,11,Cancelled,COD
O17649,C0160,P013,2024-04-10 0:00:00,2,8112.87,20,6490.3,9,Cancelled,Wallet
O17650,C0425,P091,2024-09-05 0:00:00,4,9177.56,20,7342.05,9,Returned,Wallet
O17651,C0152,P063,2025-05-18 0:00:00,5,938.65,10,844.78,12,Delivered,UPI
O17652,C0302,P067,2024-07-22 0:00:00,4,7249.45,15,6162.03,6,Delivered,Wallet
O17653,C0490,P030,2025-12-25 0:00:00,5,8224.35,0,8224.35,12,Cancelled,COD
O17654,C0362,P068,2025-12-16 0:00:00,1,4590.96,20,3672.77,5,Cancelled,Wallet
O17655,C0352,P062,2026-01-09 0:00:00,1,8682.49,15,7380.12,1,Delivered,Wallet
O17656,C0125,P085,2025-11-16 0:00:00,2,6458.2,0,6458.2,3,delivered,Wallet
O17657,C0493,P073,2024-08-03 0:00:00,4,9154.64,0,9154.64,1,Returned,UPI
O17658,C0252,P040,2024-10-16 0:00:00,2,911.34,5,865.77,2,DELIVERED,UPI
O17659,C0162,P041,2025-10-11 0:00:00,2,7938.19,10,7144.37,4,Delivered,Card
O17660,C0376,P100,2023-06-28 0:00:00,5,4048.53,20,3238.82,2,delivered,Card
O17661,C0018,P086,2023-04-08 0:00:00,3,1025.36,20,820.29,9,Delivered,Wallet
O17662,C0195,P017,2025-12-24 0:00:00,5,3756.58,20,3005.26,3,DELIVERED,Card
O17663,C0123,P009,2023-08-19 0:00:00,4,1412.94,5,1342.29,5,delivered,UPI
O17664,C0033,P080,2024-05-31 0:00:00,2,2102.13,5,1997.02,5,delivered,Wallet
O17665,C0283,P091,2024-08-13 0:00:00,5,2787.06,20,2229.65,10,Delivered,COD
O17666,C0403,P025,2025-04-02 0:00:00,5,7588.97,5,7209.52,1,Cancelled,Card
O17667,C0302,P035,2023-01-28 0:00:00,3,9968.84,15,8473.51,4,Delivered,Card
O17668,C0277,P035,2023-10-07 0:00:00,3,2951.65,5,2804.07,11,delivered,COD
O17669,C0415,P025,2024-04-17 0:00:00,3,8050.87,5,7648.33,1,Cancelled,COD
O17670,C0218,P064,2025-12-02 0:00:00,2,8430.6,20,6744.48,7,DELIVERED,UPI
O17671,C0178,P039,2025-02-01 0:00:00,1,9567.96,15,8132.77,5,Delivered,UPI
O17672,C0087,P030,2024-05-01 0:00:00,3,7656.77,0,7656.77,5,Cancelled,UPI
O17673,C0364,P089,2026-03-12 0:00:00,2,1202.06,20,961.65,5,delivered,Wallet
O17674,C0117,P040,2023-12-17 0:00:00,2,7148.34,20,5718.67,4,Delivered,Wallet
O17675,C0306,P089,2023-06-04 0:00:00,5,5768.3,0,5768.3,6,Cancelled,Wallet
O17676,C0227,P006,2023-06-23 0:00:00,5,8137.23,5,7730.37,2,Returned,Wallet
O17677,C0342,P098,2023-07-28 0:00:00,3,9781.61,15,8314.37,11,Returned,Wallet
O17678,C0184,P098,2023-01-05 0:00:00,5,2602.88,20,2082.3,12,DELIVERED,Wallet
O17679,C0331,P013,2024-07-30 0:00:00,3,3711.39,20,2969.11,12,DELIVERED,UPI
O17680,C0062,P075,2024-12-22 0:00:00,3,5348.99,20,4279.19,7,Returned,Wallet
O17681,C0238,P035,2025-02-12 0:00:00,5,3746.73,10,3372.06,11,Delivered,Wallet
O17682,C0446,P031,2023-09-15 0:00:00,2,2825.03,5,2683.78,8,Returned,Wallet
O17683,C0417,P046,2023-06-21 0:00:00,1,8791.46,15,7472.74,2,delivered,UPI
O17684,C0389,P040,2026-04-08 0:00:00,2,9547.14,20,7637.71,8,Returned,Card
O17685,C0251,P043,2025-05-13 0:00:00,1,5904.49,20,4723.59,8,Returned,Card
O17686,C0487,P062,2023-08-22 0:00:00,3,926.67,15,787.67,8,Delivered,Wallet
O17687,C0404,P073,2025-08-22 0:00:00,4,5767.7,0,5767.7,8,DELIVERED,Wallet
O17688,C0122,P006,2025-02-06 0:00:00,4,3010.28,10,2709.25,3,Delivered,COD
O17689,C0382,P054,2023-08-28 0:00:00,1,3751.6,0,3751.6,11,Returned,COD
O17690,C0331,P027,2023-02-08 0:00:00,2,6471.42,10,5824.28,2,Delivered,Card
O17691,C0103,P009,2023-07-14 0:00:00,2,792.03,10,712.83,1,Cancelled,UPI
O17692,C0342,P021,2025-09-03 0:00:00,1,717.92,0,717.92,8,DELIVERED,COD
O17693,C0449,P085,2025-09-22 0:00:00,5,652.54,5,619.91,12,Delivered,UPI
O17694,C0480,P045,2025-03-17 0:00:00,3,843.44,0,843.44,12,Cancelled,Wallet
O17695,C0019,P053,2025-02-19 0:00:00,1,2447.87,5,2325.48,8,Cancelled,Card
O17696,C0016,P079,2023-06-01 0:00:00,5,2781.89,10,2503.7,9,Delivered,Card
O17697,C0037,P015,2024-04-18 0:00:00,1,1290.1,15,1096.58,12,DELIVERED,UPI
O17698,C0142,P077,2025-04-05 0:00:00,5,4959.93,10,4463.94,3,Cancelled,Wallet
O17699,C0040,P030,2025-01-08 0:00:00,5,7330.11,15,6230.59,3,delivered,Card
O17700,C0421,P008,2026-01-10 0:00:00,1,3921.32,15,3333.12,1,delivered,Card
O17701,C0425,P014,2023-09-27 0:00:00,5,1204.25,20,963.4,5,Cancelled,COD
O17702,C0229,P053,2025-10-20 0:00:00,3,3602.76,5,3422.62,11,DELIVERED,COD
O17703,C0395,P086,2024-06-05 0:00:00,1,5086.6,20,4069.28,11,Delivered,UPI
O17704,C0218,P011,2024-06-07 0:00:00,1,2429.03,15,2064.68,11,Returned,Wallet
O17705,C0170,P022,2024-03-20 0:00:00,4,6101.42,20,4881.14,2,delivered,Card
O17706,C0494,P037,2024-09-27 0:00:00,5,9237.56,10,8313.8,7,DELIVERED,Wallet
O17707,C0443,P037,2023-07-01 0:00:00,4,7355.19,15,6251.91,7,DELIVERED,Wallet
O17708,C0416,P067,2025-07-09 0:00:00,4,956.86,15,813.33,4,Returned,COD
O17709,C0041,P053,2024-04-15 0:00:00,4,1278.95,20,1023.16,11,delivered,COD
O17710,C0214,P073,2025-09-20 0:00:00,5,9123.67,0,9123.67,3,Cancelled,UPI
O17711,C0020,P022,2023-12-10 0:00:00,1,5756.27,0,5756.27,8,delivered,Card
O17712,C0065,P003,2024-05-27 0:00:00,3,8737.27,5,8300.41,7,delivered,UPI
O17713,C0210,P044,2024-06-26 0:00:00,1,9545.31,20,7636.25,2,Returned,Wallet
O17714,C0175,P089,2024-04-17 0:00:00,5,8796.89,15,7477.36,7,Returned,Card
O17715,C0099,P063,2025-09-16 0:00:00,3,3021.33,5,2870.26,2,delivered,Wallet
O17716,C0429,P055,2024-12-09 0:00:00,4,6013.4,5,5712.73,11,Cancelled,UPI
O17717,C0275,P028,2025-07-26 0:00:00,5,1597.84,20,1278.27,6,delivered,UPI
O17718,C0035,P024,2026-01-10 0:00:00,3,5174.17,0,5174.17,2,Delivered,Wallet
O17719,C0303,P061,2023-11-15 0:00:00,4,1798.92,15,1529.08,12,delivered,Card
O17720,C0004,P027,2026-01-21 0:00:00,2,8526.41,15,7247.45,3,DELIVERED,Wallet
O17721,C0329,P018,2024-10-24 0:00:00,4,2538.63,15,2157.84,8,DELIVERED,Card
O17722,C0130,P090,2023-08-05 0:00:00,5,1601.18,10,1441.06,8,Cancelled,Wallet
O17723,C0182,P019,2025-08-27 0:00:00,1,1026.39,20,821.11,3,DELIVERED,UPI
O17724,C0337,P088,2025-03-27 0:00:00,5,3165.86,5,3007.57,9,delivered,Card
O17725,C0265,P047,2024-12-07 0:00:00,2,7443.06,15,6326.6,7,Cancelled,UPI
O17726,C0203,P024,2024-10-28 0:00:00,1,6741.35,10,6067.22,9,DELIVERED,Card
O17727,C0310,P022,2026-02-20 0:00:00,2,9766.33,15,8301.38,1,Delivered,Card
O17728,C0168,P083,2026-01-12 0:00:00,5,6542.36,15,5561.01,8,Returned,Wallet
O17729,C0051,P060,2023-04-28 0:00:00,4,3889.58,10,3500.62,1,delivered,Wallet
O17730,C0318,P092,2024-09-17 0:00:00,4,2321.77,0,2321.77,10,Cancelled,Wallet
O17731,C0120,P046,2024-06-01 0:00:00,4,6994.49,5,6644.77,3,Cancelled,UPI
O17732,C0339,P065,2023-05-26 0:00:00,2,3453.46,5,3280.79,12,Delivered,COD
O17733,C0483,P090,2025-09-15 0:00:00,1,3356.14,15,2852.72,4,Cancelled,Card
O17734,C0357,P079,2023-10-31 0:00:00,3,4537.73,15,3857.07,5,Returned,Card
O17735,C0348,P012,2025-01-31 0:00:00,5,6825.25,10,6142.73,6,Delivered,Wallet
O17736,C0146,P094,2025-08-03 0:00:00,3,7736.03,0,7736.03,1,Cancelled,Wallet
O17737,C0462,P066,2026-03-30 0:00:00,4,4207.53,10,3786.78,12,Delivered,UPI
O17738,C0130,P005,2024-08-25 0:00:00,2,5201.38,15,4421.17,7,Returned,Wallet
O17739,C0083,P038,2025-06-11 0:00:00,2,2048.17,20,1638.54,7,Delivered,UPI
O17740,C0013,P077,2023-06-15 0:00:00,2,9326.79,5,8860.45,1,DELIVERED,UPI
O17741,C0214,P022,2023-09-08 0:00:00,2,5762.76,5,5474.62,12,Returned,UPI
O17742,C0495,P066,2023-11-14 0:00:00,3,6887.86,5,6543.47,11,DELIVERED,Wallet
O17743,C0057,P003,2024-02-12 0:00:00,3,9493.86,20,7595.09,8,DELIVERED,Card
O17744,C0374,P075,2023-10-19 0:00:00,1,4300.78,20,3440.62,3,delivered,Wallet
O17745,C0437,P009,2025-02-18 0:00:00,5,5797.59,5,5507.71,2,Cancelled,Wallet
O17746,C0357,P076,2023-07-24 0:00:00,5,1804.18,15,1533.55,6,DELIVERED,UPI
O17747,C0104,P034,2023-10-17 0:00:00,2,6367.32,20,5093.86,6,DELIVERED,COD
O17748,C0153,P072,2024-04-30 0:00:00,1,760.63,0,760.63,5,delivered,Card
O17749,C0366,P006,2025-08-29 0:00:00,1,2052.38,0,2052.38,8,Delivered,UPI
O17750,C0288,P044,2024-05-24 0:00:00,4,5177.14,20,4141.71,10,Cancelled,Wallet
O17751,C0236,P003,2025-05-18 0:00:00,5,6671.35,5,6337.78,4,Delivered,Card
O17752,C0160,P062,2025-12-22 0:00:00,4,2183.84,0,2183.84,9,Delivered,COD
O17753,C0148,P074,2025-01-20 0:00:00,2,6355.8,5,6038.01,6,Cancelled,Card
O17754,C0105,P080,2024-03-02 0:00:00,2,7118.46,15,6050.69,11,delivered,COD
O17755,C0274,P061,2023-12-28 0:00:00,3,2368.43,15,2013.17,4,delivered,UPI
O17756,C0105,P006,2025-09-30 0:00:00,1,5181.37,0,5181.37,9,DELIVERED,Wallet
O17757,C0426,P047,2025-06-06 0:00:00,2,9583.08,0,9583.08,5,DELIVERED,Wallet
O17758,C0166,P018,2023-11-04 0:00:00,1,9021.62,20,7217.3,10,DELIVERED,Card
O17759,C0328,P005,2024-03-21 0:00:00,5,6664.45,0,6664.45,4,Returned,UPI
O17760,C0444,P062,2023-03-11 0:00:00,5,6423.6,15,5460.06,7,delivered,Card
O17761,C0157,P046,2025-04-18 0:00:00,4,1007.52,5,957.14,12,DELIVERED,Card
O17762,C0349,P098,2026-02-03 0:00:00,4,6706.07,15,5700.16,8,Returned,Card
O17763,C0052,P090,2023-09-23 0:00:00,3,9592.62,5,9112.99,9,Delivered,Wallet
O17764,C0099,P058,2025-03-23 0:00:00,2,6678.16,5,6344.25,2,Delivered,Wallet
O17765,C0020,P015,2025-06-08 0:00:00,4,995.25,20,796.2,6,Returned,Wallet
O17766,C0486,P069,2023-02-10 0:00:00,3,9176.33,10,8258.7,1,Returned,Card
O17767,C0042,P041,2023-06-29 0:00:00,1,8446.22,10,7601.6,1,Delivered,UPI
O17768,C0003,P067,2023-09-02 0:00:00,4,9501.93,0,9501.93,1,Returned,Wallet
O17769,C0429,P099,2026-04-01 0:00:00,4,4488.9,0,4488.9,2,Delivered,Card
O17770,C0370,P038,2025-01-07 0:00:00,2,6766.97,10,6090.27,12,DELIVERED,Card
O17771,C0407,P091,2023-10-01 0:00:00,2,3563.56,15,3029.03,3,Delivered,COD
O17772,C0043,P082,2024-10-01 0:00:00,2,9940.33,5,9443.31,11,Delivered,Wallet
O17773,C0015,P019,2025-10-17 0:00:00,5,8641.83,0,8641.83,12,Returned,COD
O17774,C0414,P078,2023-10-01 0:00:00,4,3194.24,5,3034.53,6,Delivered,UPI
O17775,C0205,P038,2023-10-31 0:00:00,4,3666.07,10,3299.46,8,DELIVERED,COD
O17776,C0169,P006,2023-09-12 0:00:00,1,8203.93,0,8203.93,7,Delivered,COD
O17777,C0260,P003,2026-03-11 0:00:00,5,9085.87,15,7722.99,6,DELIVERED,UPI
O17778,C0287,P051,2025-02-13 0:00:00,5,3596.41,0,3596.41,2,DELIVERED,UPI
O17779,C0014,P014,2024-06-17 0:00:00,4,4969.33,5,4720.86,10,DELIVERED,Card
O17780,C0121,P086,2023-12-09 0:00:00,3,8843.02,20,7074.42,5,Delivered,UPI
O17781,C0392,P043,2025-02-20 0:00:00,5,5590.23,15,4751.7,9,delivered,Wallet
O17782,C0074,P051,2023-08-18 0:00:00,2,3354.37,5,3186.65,9,DELIVERED,Card
O17783,C0383,P008,2023-08-15 0:00:00,2,7326.66,5,6960.33,4,delivered,UPI
O17784,C0257,P013,2025-06-17 0:00:00,1,1844.32,10,1659.89,1,Cancelled,Card
O17785,C0425,P078,2023-10-25 0:00:00,5,6784.18,20,5427.34,11,DELIVERED,Card
O17786,C0109,P055,2023-11-07 0:00:00,4,7363.9,5,6995.7,4,Returned,UPI
O17787,C0256,P040,2024-03-14 0:00:00,1,1618.26,10,1456.43,8,delivered,Wallet
O17788,C0094,P093,2023-04-26 0:00:00,4,4012.56,0,4012.56,3,Delivered,Wallet
O17789,C0222,P070,2023-11-06 0:00:00,2,6481.2,0,6481.2,5,Returned,UPI
O17790,C0385,P056,2023-03-29 0:00:00,5,7505.98,0,7505.98,12,Cancelled,Card
O17791,C0074,P004,2023-11-03 0:00:00,5,4722.13,20,3777.7,7,Returned,Wallet
O17792,C0122,P031,2025-10-22 0:00:00,2,6499.42,0,6499.42,8,Returned,Wallet
O17793,C0083,P015,2023-03-07 0:00:00,2,9857.26,15,8378.67,7,DELIVERED,Wallet
O17794,C0400,P005,2025-09-21 0:00:00,1,4339.52,20,3471.62,8,delivered,UPI
O17795,C0412,P002,2025-03-28 0:00:00,4,8995.65,5,8545.87,12,Returned,COD
O17796,C0436,P026,2024-09-18 0:00:00,5,5076.23,20,4060.98,12,Delivered,UPI
O17797,C0034,P019,2025-09-17 0:00:00,5,7077.98,10,6370.18,12,DELIVERED,Card
O17798,C0143,P090,2024-02-05 0:00:00,2,2292.06,5,2177.46,6,Cancelled,Wallet
O17799,C0471,P002,2025-10-20 0:00:00,1,8476.19,0,8476.19,5,Delivered,Card
O17800,C0443,P008,2024-01-17 0:00:00,4,1502.07,20,1201.66,4,Cancelled,COD
O17801,C0327,P007,2025-12-24 0:00:00,3,5577.06,10,5019.35,5,Returned,UPI
O17802,C0295,P034,2026-03-02 0:00:00,5,4572.33,15,3886.48,1,delivered,Card
O17803,C0039,P024,2024-08-14 0:00:00,1,7654.58,0,7654.58,2,Cancelled,COD
O17804,C0361,P023,2025-02-13 0:00:00,3,2632.69,5,2501.06,11,Delivered,COD
O17805,C0444,P016,2024-09-25 0:00:00,2,1673.35,10,1506.01,11,DELIVERED,COD
O17806,C0255,P072,2025-07-17 0:00:00,1,7677.9,20,6142.32,5,delivered,COD
O17807,C0280,P019,2024-05-28 0:00:00,2,9347.21,10,8412.49,11,DELIVERED,Wallet
O17808,C0310,P033,2025-06-09 0:00:00,4,2241.74,0,2241.74,11,delivered,COD
O17809,C0001,P058,2025-04-18 0:00:00,4,4270.59,0,4270.59,12,Delivered,COD
O17810,C0143,P044,2023-04-09 0:00:00,4,830.19,20,664.15,2,DELIVERED,Card
O17811,C0129,P041,2025-07-04 0:00:00,4,747.04,0,747.04,8,Returned,UPI
O17812,C0046,P058,2023-08-03 0:00:00,1,2598.42,15,2208.66,4,DELIVERED,UPI
O17813,C0192,P005,2024-10-12 0:00:00,3,1706.5,5,1621.17,9,DELIVERED,Wallet
O17814,C0229,P013,2023-01-10 0:00:00,2,4078.58,0,4078.58,12,Returned,Wallet
O17815,C0433,P008,2025-06-06 0:00:00,5,3178.55,10,2860.7,8,delivered,Wallet
O17816,C0080,P028,2023-12-20 0:00:00,1,9382.58,20,7506.06,2,delivered,Card
O17817,C0428,P080,2025-07-03 0:00:00,4,3051.58,10,2746.42,5,Cancelled,Wallet
O17818,C0436,P043,2024-03-21 0:00:00,2,2458.16,0,2458.16,4,Returned,COD
O17819,C0385,P043,2023-05-24 0:00:00,2,3114.04,5,2958.34,10,DELIVERED,Wallet
O17820,C0403,P084,2023-02-27 0:00:00,2,6664.76,15,5665.05,6,Cancelled,COD
O17821,C0100,P001,2024-07-23 0:00:00,1,8521.56,20,6817.25,5,Returned,Wallet
O17822,C0143,P022,2023-10-08 0:00:00,4,1860.16,20,1488.13,10,Delivered,UPI
O17823,C0410,P013,2024-09-23 0:00:00,2,1805.73,10,1625.16,10,Cancelled,Card
O17824,C0148,P100,2025-02-07 0:00:00,4,8746.65,20,6997.32,5,Returned,COD
O17825,C0294,P046,2025-03-11 0:00:00,1,6641.18,10,5977.06,5,Cancelled,Wallet
O17826,C0121,P068,2025-06-27 0:00:00,4,3453.96,5,3281.26,4,Cancelled,UPI
O17827,C0495,P043,2023-11-07 0:00:00,5,5298.03,5,5033.13,8,Delivered,Wallet
O17828,C0216,P071,2025-01-01 0:00:00,3,7766.68,15,6601.68,11,Returned,COD
O17829,C0083,P086,2023-06-30 0:00:00,5,1884.16,10,1695.74,11,Returned,UPI
O17830,C0375,P059,2025-03-29 0:00:00,4,9253.2,0,9253.2,3,Cancelled,COD
O17831,C0187,P018,2025-04-23 0:00:00,1,9306.4,0,9306.4,9,Returned,Card
O17832,C0425,P014,2023-08-05 0:00:00,5,6414.19,10,5772.77,8,Delivered,Wallet
O17833,C0109,P059,2025-12-01 0:00:00,5,5478.54,15,4656.76,4,Cancelled,COD
O17834,C0355,P043,2026-01-05 0:00:00,4,7501.03,10,6750.93,5,Returned,Card
O17835,C0447,P059,2024-06-14 0:00:00,1,5526.48,10,4973.83,2,Delivered,Wallet
O17836,C0106,P064,2025-05-16 0:00:00,1,6118.11,5,5812.2,7,Delivered,Card
O17837,C0472,P082,2025-11-06 0:00:00,2,8140.58,20,6512.46,10,Delivered,UPI
O17838,C0219,P007,2023-01-13 0:00:00,4,5027.14,20,4021.71,6,Returned,Wallet
O17839,C0028,P036,2026-03-01 0:00:00,4,5033.67,20,4026.94,3,Cancelled,UPI
O17840,C0040,P017,2025-10-27 0:00:00,5,1841.14,10,1657.03,2,delivered,Wallet
O17841,C0474,P042,2024-03-12 0:00:00,2,5278.71,10,4750.84,12,delivered,Wallet
O17842,C0193,P077,2024-07-20 0:00:00,2,8181.13,15,6953.96,6,DELIVERED,Card
O17843,C0445,P035,2023-09-18 0:00:00,1,655.25,20,524.2,11,Cancelled,Wallet
O17844,C0223,P062,2025-01-18 0:00:00,1,7846.62,10,7061.96,10,Delivered,Wallet
O17845,C0408,P042,2023-12-21 0:00:00,1,983.79,10,885.41,10,Cancelled,UPI
O17846,C0222,P087,2024-11-12 0:00:00,1,3792.2,0,3792.2,3,Returned,COD
O17847,C0399,P056,2023-12-02 0:00:00,5,9354.4,15,7951.24,11,Cancelled,Wallet
O17848,C0207,P051,2025-12-06 0:00:00,4,5487.01,15,4663.96,8,delivered,COD
O17849,C0118,P044,2025-10-28 0:00:00,3,9190.75,10,8271.68,10,DELIVERED,Card
O17850,C0431,P092,2026-02-22 0:00:00,1,2674.49,10,2407.04,5,Returned,UPI
O17851,C0385,P035,2024-07-30 0:00:00,2,3188.59,0,3188.59,8,Delivered,UPI
O17852,C0194,P041,2024-07-29 0:00:00,1,9676.32,15,8224.87,9,Cancelled,Wallet
O17853,C0357,P092,2023-08-27 0:00:00,1,5921.63,15,5033.39,4,Returned,UPI
O17854,C0176,P048,2023-04-03 0:00:00,3,3401.19,10,3061.07,1,Delivered,UPI
O17855,C0336,P030,2023-05-24 0:00:00,1,2293.57,10,2064.21,10,DELIVERED,UPI
O17856,C0355,P086,2024-08-27 0:00:00,3,7988.47,20,6390.78,1,Delivered,Card
O17857,C0481,P026,2024-01-25 0:00:00,3,2937.74,10,2643.97,9,delivered,Wallet
O17858,C0066,P063,2026-01-05 0:00:00,5,5771.29,15,4905.6,5,DELIVERED,COD
O17859,C0091,P025,2026-01-04 0:00:00,1,9759.48,5,9271.51,5,DELIVERED,Card
O17860,C0422,P002,2025-03-19 0:00:00,1,1290.72,10,1161.65,1,delivered,Wallet
O17861,C0364,P099,2024-05-07 0:00:00,2,5833.71,0,5833.71,10,Cancelled,Card
O17862,C0332,P082,2025-03-03 0:00:00,3,5643.72,15,4797.16,3,Cancelled,Wallet
O17863,C0494,P038,2025-05-03 0:00:00,1,7927.83,15,6738.66,5,delivered,COD
O17864,C0035,P037,2025-09-16 0:00:00,1,9132.63,0,9132.63,1,DELIVERED,Wallet
O17865,C0204,P008,2024-12-28 0:00:00,5,1093.8,20,875.04,8,delivered,COD
O17866,C0335,P092,2026-02-08 0:00:00,2,6160.23,0,6160.23,1,Cancelled,UPI
O17867,C0149,P076,2025-12-09 0:00:00,4,4566.23,20,3652.98,4,Returned,COD
O17868,C0182,P050,2024-05-13 0:00:00,2,7235.8,20,5788.64,8,Cancelled,Wallet
O17869,C0392,P077,2026-03-25 0:00:00,4,6985.57,10,6287.01,10,Cancelled,Wallet
O17870,C0480,P089,2024-07-23 0:00:00,4,5769.62,20,4615.7,2,delivered,Wallet
O17871,C0020,P001,2025-01-24 0:00:00,1,8363.61,5,7945.43,10,DELIVERED,COD
O17872,C0465,P062,2024-07-07 0:00:00,4,8782.11,0,8782.11,4,Returned,Wallet
O17873,C0084,P024,2025-12-29 0:00:00,3,9667.36,5,9183.99,11,Returned,Card
O17874,C0086,P072,2024-07-12 0:00:00,5,7802.85,0,7802.85,9,delivered,Wallet
O17875,C0219,P020,2024-04-13 0:00:00,2,6388.85,5,6069.41,7,Returned,Wallet
O17876,C0022,P008,2024-03-07 0:00:00,2,8236.91,0,8236.91,6,Returned,Card
O17877,C0490,P088,2024-01-20 0:00:00,4,5021.02,15,4267.87,2,delivered,Wallet
O17878,C0208,P080,2025-07-06 0:00:00,3,9236.93,10,8313.24,9,delivered,UPI
O17879,C0423,P019,2025-08-16 0:00:00,1,4599.35,10,4139.42,8,Returned,UPI
O17880,C0360,P037,2024-08-17 0:00:00,3,2008.19,5,1907.78,2,delivered,COD
O17881,C0245,P054,2023-04-30 0:00:00,2,5445.04,15,4628.28,1,DELIVERED,Wallet
O17882,C0243,P028,2025-06-21 0:00:00,2,4496.51,5,4271.68,10,Returned,COD
O17883,C0482,P091,2023-10-05 0:00:00,3,2340.7,15,1989.59,1,DELIVERED,COD
O17884,C0101,P081,2024-05-25 0:00:00,5,1265.19,10,1138.67,12,DELIVERED,COD
O17885,C0336,P044,2025-05-29 0:00:00,3,5186.98,0,5186.98,3,delivered,COD
O17886,C0330,P071,2024-03-28 0:00:00,3,877.94,10,790.15,9,DELIVERED,Wallet
O17887,C0349,P063,2026-01-20 0:00:00,4,7848.05,20,6278.44,11,Delivered,Wallet
O17888,C0211,P026,2023-02-02 0:00:00,3,3470.51,20,2776.41,2,Returned,Card
O17889,C0315,P078,2024-11-14 0:00:00,1,3573.83,5,3395.14,1,delivered,COD
O17890,C0205,P055,2025-09-24 0:00:00,5,6222.08,10,5599.87,3,Cancelled,Wallet
O17891,C0314,P072,2025-01-29 0:00:00,4,4397.77,20,3518.22,9,DELIVERED,UPI
O17892,C0024,P062,2025-02-19 0:00:00,2,6548.24,20,5238.59,8,delivered,UPI
O17893,C0042,P083,2023-02-10 0:00:00,1,9777.48,10,8799.73,9,Cancelled,UPI
O17894,C0120,P087,2025-05-12 0:00:00,2,5488.66,15,4665.36,2,DELIVERED,Card
O17895,C0215,P006,2023-07-15 0:00:00,1,1841.5,20,1473.2,12,DELIVERED,Wallet
O17896,C0185,P063,2025-10-20 0:00:00,3,2474.12,0,2474.12,8,Returned,COD
O17897,C0100,P099,2023-08-13 0:00:00,3,2483.78,20,1987.02,1,Returned,Wallet
O17898,C0296,P048,2024-02-16 0:00:00,2,6898.22,5,6553.31,3,Returned,COD
O17899,C0362,P068,2026-02-10 0:00:00,2,7565.24,0,7565.24,4,DELIVERED,Wallet
O17900,C0446,P050,2025-07-26 0:00:00,3,8008.93,20,6407.14,5,delivered,UPI
O17901,C0357,P060,2025-10-22 0:00:00,1,1038.52,10,934.67,2,DELIVERED,Card
O17902,C0408,P074,2023-07-30 0:00:00,5,4129.62,10,3716.66,7,Delivered,Wallet
O17903,C0441,P081,2026-02-25 0:00:00,5,5409.71,5,5139.22,3,Delivered,Wallet
O17904,C0291,P019,2025-10-21 0:00:00,2,6389.89,15,5431.41,2,Returned,COD
O17905,C0134,P065,2024-08-19 0:00:00,2,5012.35,15,4260.5,8,Returned,Wallet
O17906,C0166,P004,2023-07-21 0:00:00,3,7670.9,0,7670.9,4,Delivered,Wallet
O17907,C0300,P100,2023-05-21 0:00:00,3,9168.18,5,8709.77,4,delivered,Wallet
O17908,C0467,P025,2023-08-06 0:00:00,3,4939.44,20,3951.55,10,delivered,Card
O17909,C0427,P017,2024-02-14 0:00:00,1,2756.67,5,2618.84,6,Cancelled,Wallet
O17910,C0073,P027,2025-10-07 0:00:00,5,6763.77,5,6425.58,1,delivered,Wallet
O17911,C0024,P053,2024-11-20 0:00:00,5,6020.72,20,4816.58,9,Returned,Wallet
O17912,C0028,P029,2025-11-02 0:00:00,1,2434.41,0,2434.41,6,delivered,Card
O17913,C0491,P038,2023-09-07 0:00:00,4,3248.77,15,2761.45,1,Returned,Card
O17914,C0456,P086,2025-03-15 0:00:00,3,6184,0,6184,7,Returned,Wallet
O17915,C0013,P051,2024-06-03 0:00:00,4,6463.21,15,5493.73,3,delivered,Wallet
O17916,C0388,P095,2023-05-15 0:00:00,1,1723.71,5,1637.52,5,DELIVERED,Wallet
O17917,C0407,P062,2024-01-22 0:00:00,5,1295.25,5,1230.49,7,Delivered,UPI
O17918,C0238,P034,2024-06-21 0:00:00,5,4950.93,20,3960.74,11,Cancelled,Card
O17919,C0008,P081,2023-08-15 0:00:00,5,2635.64,0,2635.64,10,Cancelled,UPI
O17920,C0163,P072,2023-07-02 0:00:00,1,6660.08,0,6660.08,12,Returned,Wallet
O17921,C0241,P021,2023-07-31 0:00:00,2,657.16,15,558.59,11,delivered,UPI
O17922,C0402,P011,2023-02-20 0:00:00,3,3877.56,5,3683.68,6,delivered,UPI
O17923,C0203,P044,2023-09-06 0:00:00,1,1713.86,20,1371.09,10,DELIVERED,Card
O17924,C0036,P045,2025-10-25 0:00:00,2,3712.93,10,3341.64,1,Returned,Wallet
O17925,C0401,P033,2025-05-10 0:00:00,1,4203.25,5,3993.09,2,Cancelled,Wallet
O17926,C0141,P034,2026-03-22 0:00:00,5,9242.46,5,8780.34,10,Cancelled,Wallet
O17927,C0480,P008,2023-11-02 0:00:00,2,2245.65,20,1796.52,2,Delivered,COD
O17928,C0489,P050,2023-05-06 0:00:00,5,7727.66,10,6954.89,4,Cancelled,Card
O17929,C0243,P011,2025-08-18 0:00:00,1,4259.7,15,3620.74,4,Cancelled,Wallet
O17930,C0288,P065,2024-12-06 0:00:00,2,9515.63,10,8564.07,1,Returned,Card
O17931,C0239,P042,2023-09-04 0:00:00,4,1514.58,5,1438.85,7,Returned,COD
O17932,C0065,P077,2025-02-11 0:00:00,2,3654.67,15,3106.47,2,DELIVERED,Card
O17933,C0241,P098,2025-08-24 0:00:00,3,7683.53,0,7683.53,1,Returned,COD
O17934,C0200,P048,2024-11-18 0:00:00,4,3786.31,10,3407.68,3,Cancelled,UPI
O17935,C0313,P019,2024-08-08 0:00:00,2,900.38,10,810.34,7,Returned,COD
O17936,C0237,P068,2023-12-03 0:00:00,4,8761.87,5,8323.78,12,Delivered,UPI
O17937,C0268,P011,2024-02-10 0:00:00,1,4597.83,20,3678.26,2,Returned,Wallet
O17938,C0323,P096,2023-04-11 0:00:00,4,6014.11,15,5111.99,11,Delivered,Wallet
O17939,C0088,P075,2025-10-14 0:00:00,5,3730.86,20,2984.69,2,delivered,UPI
O17940,C0310,P023,2024-10-08 0:00:00,4,4219.53,5,4008.55,9,Cancelled,Wallet
O17941,C0294,P043,2026-04-06 0:00:00,3,7267.76,15,6177.6,9,Returned,Card
O17942,C0317,P048,2024-10-21 0:00:00,4,5706.67,0,5706.67,12,Returned,Wallet
O17943,C0311,P099,2025-02-26 0:00:00,4,1499.5,10,1349.55,3,DELIVERED,Card
O17944,C0206,P011,2024-04-25 0:00:00,1,7370.5,10,6633.45,11,Cancelled,Wallet
O17945,C0293,P039,2025-04-26 0:00:00,2,1647.85,0,1647.85,1,Delivered,COD
O17946,C0333,P078,2023-01-12 0:00:00,3,1878.5,15,1596.72,10,Returned,Wallet
O17947,C0206,P036,2023-12-11 0:00:00,4,4791.24,10,4312.12,6,Cancelled,COD
O17948,C0275,P084,2024-11-19 0:00:00,3,802.23,10,722.01,7,delivered,Wallet
O17949,C0341,P073,2024-12-01 0:00:00,4,9904.1,5,9408.9,5,Delivered,COD
O17950,C0303,P022,2025-07-08 0:00:00,3,9563.78,0,9563.78,1,Cancelled,Wallet
O17951,C0027,P008,2023-12-30 0:00:00,5,4592.37,0,4592.37,1,Returned,Wallet
O17952,C0428,P060,2024-04-23 0:00:00,2,7980.3,0,7980.3,12,Cancelled,COD
O17953,C0097,P014,2024-07-28 0:00:00,5,5138.45,0,5138.45,7,delivered,UPI
O17954,C0310,P040,2025-08-06 0:00:00,3,2213.96,10,1992.56,9,Delivered,UPI
O17955,C0034,P076,2023-11-11 0:00:00,5,1452.88,0,1452.88,4,DELIVERED,UPI
O17956,C0208,P083,2025-06-27 0:00:00,4,7409.03,20,5927.22,12,Returned,Wallet
O17957,C0336,P074,2023-12-05 0:00:00,4,1932.98,5,1836.33,3,Returned,Wallet
O17958,C0110,P093,2023-09-16 0:00:00,1,7567.45,0,7567.45,11,Cancelled,COD
O17959,C0058,P094,2024-01-13 0:00:00,4,2847.35,10,2562.61,10,Delivered,Wallet
O17960,C0137,P007,2023-09-10 0:00:00,4,6759.46,20,5407.57,5,Cancelled,COD
O17961,C0440,P091,2023-01-19 0:00:00,3,5949.03,20,4759.22,5,Delivered,Card
O17962,C0387,P002,2023-11-07 0:00:00,3,9695.26,20,7756.21,7,Delivered,Card
O17963,C0320,P030,2024-07-03 0:00:00,5,7423.12,20,5938.5,1,Cancelled,COD
O17964,C0417,P051,2023-07-17 0:00:00,5,9658.86,5,9175.92,5,DELIVERED,COD
O17965,C0417,P045,2025-05-26 0:00:00,4,3438.23,5,3266.32,9,delivered,UPI
O17966,C0375,P048,2023-05-18 0:00:00,5,7783.78,0,7783.78,7,Returned,Wallet
O17967,C0289,P071,2023-09-25 0:00:00,5,5059.68,15,4300.73,1,Returned,Card
O17968,C0362,P017,2025-06-29 0:00:00,2,4380.66,10,3942.59,5,Cancelled,UPI
O17969,C0322,P007,2024-08-20 0:00:00,2,5635.38,5,5353.61,9,DELIVERED,Wallet
O17970,C0439,P005,2024-01-15 0:00:00,4,9008.78,0,9008.78,1,delivered,Wallet
O17971,C0416,P085,2023-08-08 0:00:00,4,8151.2,15,6928.52,11,delivered,UPI
O17972,C0461,P023,2024-12-08 0:00:00,1,5438.41,10,4894.57,5,DELIVERED,COD
O17973,C0493,P096,2024-02-27 0:00:00,3,8464.54,5,8041.31,11,Delivered,Card
O17974,C0065,P084,2024-03-02 0:00:00,5,3870.2,0,3870.2,2,DELIVERED,UPI
O17975,C0176,P009,2023-12-09 0:00:00,1,5865.62,15,4985.78,7,Returned,Wallet
O17976,C0136,P077,2025-11-21 0:00:00,5,2462.24,15,2092.9,12,Delivered,Wallet
O17977,C0053,P006,2023-03-18 0:00:00,3,5862.2,15,4982.87,10,Returned,Card
O17978,C0412,P075,2024-10-10 0:00:00,1,7625.03,5,7243.78,1,Delivered,Card
O17979,C0068,P012,2023-10-24 0:00:00,3,1894.59,15,1610.4,1,delivered,Wallet
O17980,C0102,P086,2024-12-11 0:00:00,1,5207.68,20,4166.14,2,delivered,UPI
O17981,C0003,P011,2025-06-02 0:00:00,4,2095.19,20,1676.15,8,DELIVERED,COD
O17982,C0260,P017,2026-01-17 0:00:00,1,4717.04,10,4245.34,11,Cancelled,UPI
O17983,C0246,P063,2025-12-19 0:00:00,2,3578.31,5,3399.39,6,Delivered,COD
O17984,C0462,P077,2024-07-19 0:00:00,4,644.56,0,644.56,12,Cancelled,Wallet
O17985,C0387,P035,2023-07-09 0:00:00,5,8379.78,15,7122.81,8,Delivered,Wallet
O17986,C0280,P045,2024-06-22 0:00:00,4,6981.99,5,6632.89,1,Delivered,Wallet
O17987,C0064,P077,2026-01-27 0:00:00,4,7777.08,15,6610.52,10,DELIVERED,COD
O17988,C0169,P023,2025-10-09 0:00:00,5,8871.81,10,7984.63,8,Cancelled,UPI
O17989,C0247,P012,2025-07-04 0:00:00,3,9714.36,0,9714.36,3,delivered,UPI
O17990,C0187,P093,2023-09-04 0:00:00,1,4484.58,20,3587.66,10,DELIVERED,Wallet
O17991,C0229,P043,2024-05-02 0:00:00,2,5970.2,20,4776.16,12,Cancelled,Card
O17992,C0001,P040,2025-02-15 0:00:00,2,1585.27,15,1347.48,8,Delivered,UPI
O17993,C0253,P011,2026-03-30 0:00:00,3,3976.41,5,3777.59,11,Delivered,Wallet
O17994,C0454,P040,2024-09-16 0:00:00,1,1069.22,15,908.84,10,DELIVERED,Card
O17995,C0175,P042,2025-12-31 0:00:00,5,5161.9,15,4387.61,1,delivered,UPI
O17996,C0363,P054,2025-10-11 0:00:00,4,6615.9,20,5292.72,6,delivered,Wallet
O17997,C0495,P008,2024-01-30 0:00:00,4,1411.65,0,1411.65,3,Cancelled,COD
O17998,C0416,P057,2025-09-18 0:00:00,5,5151.01,5,4893.46,5,Cancelled,Card
O17999,C0058,P051,2024-03-20 0:00:00,4,895.85,10,806.26,11,DELIVERED,Card
O18000,C0360,P040,2024-01-10 0:00:00,5,673.76,5,640.07,5,Cancelled,UPI
O18001,C0417,P013,2023-12-03 0:00:00,2,9203.94,0,9203.94,8,delivered,UPI
O18002,C0012,P089,2025-02-10 0:00:00,1,3168.36,10,2851.52,5,Cancelled,COD
O18003,C0290,P012,2025-02-06 0:00:00,3,7151.86,15,6079.08,7,Cancelled,UPI
O18004,C0237,P015,2025-03-24 0:00:00,2,6726.36,15,5717.41,2,Cancelled,COD
O18005,C0170,P047,2024-10-19 0:00:00,5,7079.65,5,6725.67,12,Delivered,Wallet
O18006,C0056,P023,2023-07-27 0:00:00,3,7925.49,5,7529.22,12,delivered,UPI
O18007,C0438,P036,2024-04-16 0:00:00,1,5736.71,20,4589.37,11,DELIVERED,UPI
O18008,C0467,P094,2025-02-10 0:00:00,1,2802.51,10,2522.26,10,Returned,Card
O18009,C0316,P036,2024-02-01 0:00:00,1,3703.83,15,3148.26,8,Delivered,Card
O18010,C0014,P062,2025-04-20 0:00:00,2,9417.63,15,8004.99,9,DELIVERED,Card
O18011,C0453,P073,2025-06-25 0:00:00,3,6615.5,5,6284.72,2,DELIVERED,Card
O18012,C0407,P055,2024-09-14 0:00:00,2,6873.65,15,5842.6,6,Cancelled,COD
O18013,C0422,P010,2023-08-08 0:00:00,4,5067.77,15,4307.6,9,DELIVERED,Wallet
O18014,C0054,P053,2025-02-02 0:00:00,2,2405.9,0,2405.9,12,Returned,Card
O18015,C0056,P034,2025-06-15 0:00:00,1,1752.62,15,1489.73,5,Returned,COD
O18016,C0187,P077,2023-10-21 0:00:00,4,1890.02,10,1701.02,2,Delivered,Wallet
O18017,C0207,P092,2023-12-27 0:00:00,2,2373.85,5,2255.16,2,Delivered,Card
O18018,C0284,P012,2023-01-09 0:00:00,4,4444.35,5,4222.13,9,Delivered,UPI
O18019,C0399,P049,2025-11-18 0:00:00,2,3867.68,5,3674.3,4,Returned,UPI
O18020,C0083,P009,2024-02-26 0:00:00,3,5122.06,20,4097.65,7,Cancelled,Wallet
O18021,C0466,P039,2026-04-01 0:00:00,1,5323.54,5,5057.36,12,DELIVERED,Wallet
O18022,C0234,P010,2023-09-02 0:00:00,2,6082.77,15,5170.35,4,Delivered,COD
O18023,C0251,P066,2025-04-07 0:00:00,1,3878.09,10,3490.28,7,Cancelled,UPI
O18024,C0447,P016,2023-05-29 0:00:00,1,8530.53,15,7250.95,12,delivered,Card
O18025,C0129,P075,2023-04-12 0:00:00,3,1167.53,10,1050.78,1,Cancelled,UPI
O18026,C0399,P049,2023-12-31 0:00:00,2,6286.61,15,5343.62,2,Delivered,UPI
O18027,C0410,P003,2025-01-07 0:00:00,5,4931.07,0,4931.07,3,Cancelled,Wallet
O18028,C0290,P092,2024-02-18 0:00:00,3,9551.13,15,8118.46,11,delivered,Wallet
O18029,C0046,P001,2023-11-15 0:00:00,4,1738.23,5,1651.32,10,Delivered,UPI
O18030,C0196,P098,2025-09-23 0:00:00,5,8323.35,5,7907.18,5,Cancelled,Wallet
O18031,C0241,P059,2025-12-08 0:00:00,5,9236.96,20,7389.57,6,Returned,COD
O18032,C0471,P025,2025-05-27 0:00:00,5,2176.93,0,2176.93,3,DELIVERED,COD
O18033,C0167,P074,2024-11-15 0:00:00,5,6257.39,20,5005.91,9,Delivered,Wallet
O18034,C0024,P092,2023-02-17 0:00:00,4,2232.36,20,1785.89,1,Delivered,Card
O18035,C0044,P085,2023-05-20 0:00:00,4,2683.96,20,2147.17,12,Cancelled,COD
O18036,C0428,P084,2025-12-06 0:00:00,4,5476.58,0,5476.58,10,Delivered,Wallet
O18037,C0032,P029,2024-05-18 0:00:00,1,9619.62,10,8657.66,12,Delivered,Card
O18038,C0243,P096,2024-09-02 0:00:00,3,8110.66,15,6894.06,8,delivered,Card
O18039,C0227,P015,2024-10-30 0:00:00,4,8865.5,20,7092.4,2,delivered,COD
O18040,C0122,P089,2024-07-27 0:00:00,5,5287.05,0,5287.05,11,Cancelled,COD
O18041,C0127,P030,2025-04-11 0:00:00,5,1225.73,20,980.58,2,DELIVERED,UPI
O18042,C0431,P065,2025-10-03 0:00:00,5,6224.25,15,5290.61,10,Cancelled,UPI
O18043,C0249,P009,2024-05-27 0:00:00,1,9118.16,10,8206.34,2,delivered,COD
O18044,C0175,P004,2025-11-03 0:00:00,5,2868.46,15,2438.19,2,DELIVERED,Wallet
O18045,C0291,P085,2024-12-23 0:00:00,3,7070.75,5,6717.21,1,DELIVERED,Wallet
O18046,C0327,P055,2025-12-07 0:00:00,2,6876.71,10,6189.04,3,DELIVERED,Card
O18047,C0215,P051,2025-08-11 0:00:00,4,5366.98,10,4830.28,7,Cancelled,UPI
O18048,C0443,P090,2024-11-25 0:00:00,1,3742.77,10,3368.49,8,delivered,UPI
O18049,C0019,P023,2025-11-01 0:00:00,4,5370.44,5,5101.92,1,Cancelled,COD
O18050,C0399,P095,2023-04-19 0:00:00,3,7190.87,0,7190.87,5,DELIVERED,Card
O18051,C0070,P078,2024-05-04 0:00:00,4,8930.38,5,8483.86,12,Returned,UPI
O18052,C0407,P019,2023-07-25 0:00:00,5,8534.32,5,8107.6,2,Delivered,Card
O18053,C0037,P079,2024-04-03 0:00:00,5,5363.34,0,5363.34,5,Returned,Card
O18054,C0236,P087,2025-05-01 0:00:00,5,4060.61,0,4060.61,6,Delivered,UPI
O18055,C0308,P045,2024-12-07 0:00:00,3,4617.35,0,4617.35,5,Returned,UPI
O18056,C0316,P100,2024-01-19 0:00:00,4,725.65,15,616.8,5,DELIVERED,COD
O18057,C0465,P046,2023-03-02 0:00:00,1,2337.06,10,2103.35,9,Returned,UPI
O18058,C0261,P096,2025-09-29 0:00:00,2,5238.53,5,4976.6,2,Returned,Wallet
O18059,C0319,P082,2025-10-30 0:00:00,1,8271.08,15,7030.42,5,DELIVERED,Wallet
O18060,C0271,P070,2024-01-03 0:00:00,2,9601.04,15,8160.88,5,Delivered,COD
O18061,C0095,P035,2025-03-15 0:00:00,1,5336,20,4268.8,4,Cancelled,Wallet
O18062,C0435,P049,2025-04-05 0:00:00,2,5323.23,10,4790.91,8,Returned,UPI
O18063,C0445,P035,2025-07-03 0:00:00,1,5182.99,20,4146.39,8,DELIVERED,COD
O18064,C0299,P016,2023-03-10 0:00:00,1,7335.09,15,6234.83,9,DELIVERED,COD
O18065,C0188,P075,2023-11-07 0:00:00,3,8594.94,5,8165.19,9,Delivered,COD
O18066,C0036,P019,2023-07-26 0:00:00,3,5116.73,0,5116.73,9,Delivered,Card
O18067,C0228,P028,2023-06-16 0:00:00,4,3020.96,20,2416.77,4,DELIVERED,COD
O18068,C0087,P010,2023-12-05 0:00:00,1,1452.98,0,1452.98,12,Cancelled,UPI
O18069,C0217,P087,2023-06-08 0:00:00,1,2976.17,0,2976.17,5,Delivered,Wallet
O18070,C0291,P037,2023-01-09 0:00:00,4,1150.68,20,920.54,11,Returned,Wallet
O18071,C0346,P063,2024-03-10 0:00:00,3,6031.63,15,5126.89,11,Returned,Card
O18072,C0469,P080,2025-12-13 0:00:00,4,2565.67,10,2309.1,4,DELIVERED,Wallet
O18073,C0206,P069,2025-12-11 0:00:00,3,5220.22,20,4176.18,7,delivered,UPI
O18074,C0302,P019,2024-09-05 0:00:00,4,7098.88,5,6743.94,10,delivered,UPI
O18075,C0258,P052,2025-08-01 0:00:00,3,8037.87,10,7234.08,12,Returned,Wallet
O18076,C0082,P090,2025-08-23 0:00:00,5,1096.21,15,931.78,11,DELIVERED,COD
O18077,C0283,P090,2024-01-01 0:00:00,2,1941.79,15,1650.52,4,Returned,Wallet
O18078,C0304,P013,2024-03-20 0:00:00,1,554.62,20,443.7,3,Delivered,COD
O18079,C0307,P055,2024-01-05 0:00:00,2,545.57,20,436.46,4,Delivered,Card
O18080,C0064,P065,2024-05-31 0:00:00,2,6199.59,0,6199.59,6,delivered,Wallet
O18081,C0493,P071,2023-12-19 0:00:00,1,9004.91,5,8554.66,1,delivered,UPI
O18082,C0013,P078,2026-01-15 0:00:00,1,2032.56,5,1930.93,1,Delivered,COD
O18083,C0497,P059,2025-12-18 0:00:00,1,7356.83,20,5885.46,9,Delivered,Wallet
O18084,C0358,P073,2025-04-27 0:00:00,3,3830.46,15,3255.89,9,Cancelled,Card
O18085,C0090,P059,2026-04-01 0:00:00,1,5662.44,15,4813.07,3,Returned,UPI
O18086,C0287,P053,2023-06-26 0:00:00,4,8676.84,15,7375.31,3,Delivered,Card
O18087,C0213,P074,2024-07-23 0:00:00,2,6215.6,0,6215.6,3,DELIVERED,COD
O18088,C0376,P097,2023-04-23 0:00:00,1,3806.66,15,3235.66,9,Delivered,UPI
O18089,C0273,P006,2025-06-08 0:00:00,4,9958.98,15,8465.13,7,delivered,Wallet
O18090,C0314,P005,2024-04-16 0:00:00,3,4898.65,10,4408.78,11,delivered,Wallet
O18091,C0048,P056,2025-11-17 0:00:00,1,9240.4,20,7392.32,12,Delivered,Wallet
O18092,C0058,P041,2026-01-19 0:00:00,1,1148.5,20,918.8,1,Cancelled,Wallet
O18093,C0294,P047,2026-03-01 0:00:00,4,4379.43,5,4160.46,1,Delivered,Card
O18094,C0045,P054,2024-11-08 0:00:00,2,567.6,10,510.84,11,Cancelled,COD
O18095,C0239,P004,2024-11-27 0:00:00,3,7806.13,5,7415.82,5,delivered,COD
O18096,C0117,P068,2025-05-14 0:00:00,4,3989.42,0,3989.42,9,delivered,COD
O18097,C0052,P095,2024-05-13 0:00:00,5,6470.3,15,5499.76,3,Delivered,Wallet
O18098,C0057,P032,2025-07-31 0:00:00,5,3964.62,20,3171.7,6,Returned,COD
O18099,C0164,P055,2024-10-10 0:00:00,5,4352.74,20,3482.19,1,Returned,Wallet
O18100,C0170,P099,2024-08-13 0:00:00,2,7701.32,20,6161.06,10,Cancelled,UPI
O18101,C0297,P019,2023-10-30 0:00:00,3,7816.08,20,6252.86,7,Returned,Wallet
O18102,C0405,P017,2023-10-17 0:00:00,3,9880.74,15,8398.63,4,Returned,UPI
O18103,C0369,P082,2026-03-16 0:00:00,2,7583.09,10,6824.78,4,Delivered,COD
O18104,C0373,P010,2025-03-15 0:00:00,2,1153.13,15,980.16,5,DELIVERED,COD
O18105,C0354,P027,2023-07-31 0:00:00,4,1165.83,10,1049.25,3,DELIVERED,Wallet
O18106,C0254,P014,2026-02-11 0:00:00,3,8645.06,10,7780.55,3,Delivered,COD
O18107,C0211,P006,2024-03-02 0:00:00,3,9921.69,5,9425.61,1,Cancelled,COD
O18108,C0416,P100,2024-02-19 0:00:00,5,1883.77,5,1789.58,10,Delivered,Card
O18109,C0152,P070,2024-02-04 0:00:00,4,9154.19,5,8696.48,1,Cancelled,Wallet
O18110,C0221,P037,2023-03-10 0:00:00,2,1508.94,0,1508.94,4,Delivered,Wallet
O18111,C0460,P026,2023-09-21 0:00:00,1,823.39,10,741.05,10,delivered,Card
O18112,C0178,P039,2025-04-04 0:00:00,1,8611.64,10,7750.48,8,delivered,Card
O18113,C0252,P057,2024-12-21 0:00:00,3,8905.79,0,8905.79,9,Delivered,Wallet
O18114,C0165,P039,2025-01-09 0:00:00,2,4902.18,15,4166.85,4,DELIVERED,COD
O18115,C0343,P040,2023-08-01 0:00:00,1,6362.85,5,6044.71,5,DELIVERED,Card
O18116,C0021,P062,2025-02-13 0:00:00,4,7742.5,0,7742.5,1,DELIVERED,Wallet
O18117,C0150,P029,2025-01-28 0:00:00,3,8646.44,20,6917.15,4,Delivered,Wallet
O18118,C0467,P080,2023-03-04 0:00:00,3,3283.31,0,3283.31,2,DELIVERED,UPI
O18119,C0495,P095,2023-01-28 0:00:00,4,2924.97,0,2924.97,1,Delivered,UPI
O18120,C0382,P035,2024-02-24 0:00:00,1,1740.65,10,1566.59,7,delivered,Wallet
O18121,C0011,P050,2025-11-15 0:00:00,1,9829.44,5,9337.97,10,Delivered,Wallet
O18122,C0458,P030,2025-08-19 0:00:00,4,6717.79,10,6046.01,2,Returned,COD
O18123,C0005,P040,2025-08-03 0:00:00,4,2194.16,5,2084.45,4,Returned,UPI
O18124,C0371,P077,2023-06-22 0:00:00,3,1747.24,5,1659.88,12,delivered,UPI
O18125,C0122,P056,2023-08-05 0:00:00,4,3848.28,5,3655.87,10,Returned,Card
O18126,C0231,P077,2025-09-21 0:00:00,5,1386.05,10,1247.44,10,DELIVERED,Wallet
O18127,C0154,P018,2025-07-22 0:00:00,2,8849.87,10,7964.88,4,delivered,Wallet
O18128,C0176,P017,2023-07-29 0:00:00,5,7386.38,5,7017.06,6,delivered,COD
O18129,C0164,P075,2024-04-13 0:00:00,1,5940.83,20,4752.66,9,Cancelled,Card
O18130,C0263,P033,2024-12-27 0:00:00,2,7529.86,10,6776.87,10,delivered,Card
O18131,C0313,P011,2025-08-04 0:00:00,1,6222.97,0,6222.97,10,DELIVERED,UPI
O18132,C0092,P053,2023-07-11 0:00:00,5,5604.62,5,5324.39,1,Cancelled,Card
O18133,C0286,P007,2024-10-28 0:00:00,4,5416.21,20,4332.97,5,DELIVERED,Wallet
O18134,C0381,P026,2023-06-03 0:00:00,5,7060.5,10,6354.45,6,DELIVERED,UPI
O18135,C0203,P027,2023-04-17 0:00:00,5,8023.68,15,6820.13,12,Returned,Wallet
O18136,C0024,P085,2023-02-24 0:00:00,5,2180.86,15,1853.73,11,DELIVERED,Card
O18137,C0333,P014,2026-03-20 0:00:00,4,1804.02,15,1533.42,1,Returned,Wallet
O18138,C0181,P035,2026-04-10 0:00:00,4,5921.77,20,4737.42,10,DELIVERED,Wallet
O18139,C0245,P028,2024-07-11 0:00:00,2,3981.99,0,3981.99,4,Returned,COD
O18140,C0276,P085,2024-02-05 0:00:00,2,1163.85,10,1047.46,1,delivered,Card
O18141,C0407,P039,2025-05-06 0:00:00,5,7341.8,20,5873.44,9,Cancelled,UPI
O18142,C0324,P004,2025-01-05 0:00:00,3,9563.09,10,8606.78,8,delivered,UPI
O18143,C0356,P079,2023-04-09 0:00:00,3,5403.66,10,4863.29,8,DELIVERED,COD
O18144,C0248,P080,2024-09-07 0:00:00,3,2226.46,15,1892.49,1,Returned,COD
O18145,C0192,P052,2025-10-03 0:00:00,3,6727.79,0,6727.79,3,Delivered,UPI
O18146,C0378,P066,2025-06-24 0:00:00,2,6159.74,20,4927.79,8,Returned,UPI
O18147,C0054,P007,2025-06-26 0:00:00,2,8626.77,0,8626.77,1,Returned,Card
O18148,C0240,P058,2024-03-01 0:00:00,1,3980.09,20,3184.07,3,DELIVERED,UPI
O18149,C0034,P093,2023-02-22 0:00:00,4,5875.7,10,5288.13,4,Delivered,COD
O18150,C0124,P030,2023-06-10 0:00:00,3,9023.72,15,7670.16,2,Delivered,Wallet
O18151,C0409,P020,2025-06-22 0:00:00,1,9155.86,15,7782.48,3,delivered,UPI
O18152,C0423,P054,2026-01-29 0:00:00,5,1544.65,15,1312.95,4,Delivered,Card
O18153,C0158,P078,2026-04-15 0:00:00,3,6134.62,5,5827.89,4,delivered,UPI
O18154,C0099,P005,2026-03-07 0:00:00,1,5971.13,10,5374.02,1,delivered,Wallet
O18155,C0288,P024,2024-06-01 0:00:00,1,2575.55,15,2189.22,6,Cancelled,UPI
O18156,C0151,P053,2025-12-13 0:00:00,5,1489.26,10,1340.33,2,Cancelled,Wallet
O18157,C0131,P014,2023-07-03 0:00:00,2,3363.54,5,3195.36,10,Returned,Card
O18158,C0314,P027,2025-07-01 0:00:00,5,3999.1,0,3999.1,1,Cancelled,Card
O18159,C0231,P096,2026-02-03 0:00:00,4,4534.53,5,4307.8,6,DELIVERED,COD
O18160,C0297,P079,2024-09-20 0:00:00,2,2269.87,5,2156.38,10,DELIVERED,UPI
O18161,C0414,P088,2024-06-28 0:00:00,2,7517.33,0,7517.33,5,Returned,UPI
O18162,C0060,P026,2023-11-02 0:00:00,4,5314.87,0,5314.87,12,Delivered,UPI
O18163,C0209,P009,2025-04-01 0:00:00,1,1517.62,10,1365.86,10,Returned,Card
O18164,C0473,P080,2024-12-19 0:00:00,3,1519.31,20,1215.45,4,DELIVERED,Card
O18165,C0034,P020,2023-02-28 0:00:00,1,5551.49,20,4441.19,2,DELIVERED,Wallet
O18166,C0324,P006,2025-09-07 0:00:00,5,793.52,20,634.82,11,Delivered,Wallet
O18167,C0099,P020,2025-04-17 0:00:00,4,8813.89,15,7491.81,3,Cancelled,Wallet
O18168,C0367,P030,2025-11-26 0:00:00,3,6160.46,0,6160.46,8,DELIVERED,Card
O18169,C0047,P057,2026-02-28 0:00:00,4,9344.01,5,8876.81,10,Returned,Wallet
O18170,C0217,P035,2024-06-14 0:00:00,3,2336.79,20,1869.43,9,delivered,Card
O18171,C0449,P059,2023-03-02 0:00:00,5,3966.81,0,3966.81,8,Returned,UPI
O18172,C0018,P039,2026-01-28 0:00:00,3,9823.55,5,9332.37,7,delivered,Wallet
O18173,C0235,P012,2024-02-26 0:00:00,4,3834.14,5,3642.43,5,delivered,Card
O18174,C0029,P037,2023-03-10 0:00:00,1,6689.06,5,6354.61,6,Returned,Wallet
O18175,C0324,P071,2023-02-13 0:00:00,2,626.36,15,532.41,4,Returned,Wallet
O18176,C0113,P011,2024-09-26 0:00:00,3,4049.63,5,3847.15,3,DELIVERED,Wallet
O18177,C0463,P068,2023-08-21 0:00:00,2,5992.91,15,5093.97,9,Returned,Card
O18178,C0233,P090,2023-10-13 0:00:00,2,1296.41,15,1101.95,4,Returned,Wallet
O18179,C0360,P091,2024-12-13 0:00:00,1,6158.11,10,5542.3,1,Returned,Wallet
O18180,C0474,P022,2023-02-28 0:00:00,3,692.48,5,657.86,4,Returned,Wallet
O18181,C0480,P053,2024-05-02 0:00:00,4,7525.75,5,7149.46,12,Delivered,Wallet
O18182,C0397,P088,2023-09-29 0:00:00,5,7400.3,5,7030.28,2,DELIVERED,Wallet
O18183,C0114,P048,2025-07-30 0:00:00,1,6793.33,15,5774.33,3,Delivered,COD
O18184,C0106,P031,2024-12-18 0:00:00,3,3119.47,0,3119.47,5,Returned,Wallet
O18185,C0486,P036,2024-06-21 0:00:00,5,958.37,10,862.53,3,Cancelled,Wallet
O18186,C0259,P083,2025-02-25 0:00:00,4,916.69,15,779.19,5,Delivered,COD
O18187,C0010,P071,2024-03-17 0:00:00,4,5129.47,15,4360.05,10,delivered,Card
O18188,C0339,P081,2024-08-17 0:00:00,3,2961.65,0,2961.65,7,DELIVERED,Wallet
O18189,C0401,P050,2023-12-15 0:00:00,5,5261.13,5,4998.07,7,Returned,UPI
O18190,C0093,P019,2025-10-25 0:00:00,4,2887.45,20,2309.96,3,delivered,Wallet
O18191,C0003,P027,2023-12-13 0:00:00,3,7727.73,10,6954.96,3,delivered,UPI
O18192,C0196,P093,2025-02-06 0:00:00,5,6517.52,5,6191.64,3,DELIVERED,UPI
O18193,C0226,P040,2023-11-09 0:00:00,3,7412.46,15,6300.59,11,delivered,UPI
O18194,C0126,P061,2023-09-01 0:00:00,3,8672.83,15,7371.91,2,delivered,Wallet
O18195,C0212,P019,2024-04-11 0:00:00,5,7565.37,5,7187.1,3,Returned,Card
O18196,C0139,P063,2025-01-19 0:00:00,2,9791.87,20,7833.5,12,Cancelled,Wallet
O18197,C0239,P090,2023-11-01 0:00:00,4,2426.41,5,2305.09,11,delivered,Card
O18198,C0491,P034,2024-10-26 0:00:00,4,9148.11,5,8690.7,6,DELIVERED,Card
O18199,C0048,P044,2025-07-26 0:00:00,5,4899.33,0,4899.33,9,DELIVERED,Card
O18200,C0361,P043,2026-03-04 0:00:00,2,7244.6,0,7244.6,6,Cancelled,Wallet
O18201,C0088,P001,2023-11-23 0:00:00,3,3049.44,20,2439.55,12,DELIVERED,Wallet
O18202,C0105,P066,2024-12-21 0:00:00,3,7319.78,0,7319.78,12,delivered,UPI
O18203,C0120,P097,2024-09-19 0:00:00,1,4867.53,0,4867.53,5,Delivered,Card
O18204,C0286,P028,2025-12-05 0:00:00,5,3558.3,15,3024.56,2,Cancelled,Card
O18205,C0137,P087,2026-03-05 0:00:00,5,3854.41,5,3661.69,4,DELIVERED,COD
O18206,C0264,P016,2026-02-17 0:00:00,5,8091.91,5,7687.31,7,Returned,Wallet
O18207,C0365,P069,2026-01-19 0:00:00,1,8979.36,20,7183.49,3,DELIVERED,Card
O18208,C0099,P044,2025-10-09 0:00:00,1,1910.77,10,1719.69,12,delivered,Wallet
O18209,C0462,P076,2025-06-13 0:00:00,3,1057.82,10,952.04,1,Returned,Wallet
O18210,C0102,P082,2024-06-27 0:00:00,3,5178.31,15,4401.56,12,Delivered,Wallet
O18211,C0484,P056,2023-06-21 0:00:00,1,5458.9,10,4913.01,8,Returned,COD
O18212,C0387,P013,2024-08-24 0:00:00,2,5508.13,15,4681.91,1,Cancelled,UPI
O18213,C0386,P088,2023-12-02 0:00:00,1,5552.03,0,5552.03,6,Cancelled,COD
O18214,C0094,P024,2025-07-23 0:00:00,4,8027.96,10,7225.16,6,Cancelled,Card
O18215,C0017,P028,2024-10-10 0:00:00,2,4986.06,0,4986.06,1,Returned,Card
O18216,C0406,P094,2023-05-23 0:00:00,5,3118.5,0,3118.5,7,Returned,Wallet
O18217,C0344,P098,2024-05-12 0:00:00,1,7022.9,10,6320.61,10,delivered,Wallet
O18218,C0415,P080,2025-02-02 0:00:00,1,4680.18,5,4446.17,12,Returned,Wallet
O18219,C0400,P021,2024-11-09 0:00:00,3,9732.85,20,7786.28,3,Delivered,Card
O18220,C0112,P042,2024-08-21 0:00:00,3,718.62,15,610.83,4,Returned,Card
O18221,C0494,P030,2026-02-14 0:00:00,3,8807.87,0,8807.87,8,Cancelled,Card
O18222,C0452,P049,2024-11-09 0:00:00,2,4377.3,15,3720.7,11,DELIVERED,Wallet
O18223,C0459,P083,2025-03-05 0:00:00,3,5499.76,15,4674.8,11,Cancelled,COD
O18224,C0223,P009,2023-02-22 0:00:00,4,7706.52,5,7321.19,8,Returned,UPI
O18225,C0289,P082,2023-09-21 0:00:00,3,3249.95,15,2762.46,7,DELIVERED,UPI
O18226,C0188,P078,2024-10-11 0:00:00,5,5581.18,5,5302.12,12,Delivered,Wallet
O18227,C0110,P049,2024-01-11 0:00:00,3,966.27,20,773.02,1,Delivered,COD
O18228,C0475,P021,2025-08-13 0:00:00,5,1332.76,15,1132.85,8,delivered,Wallet
O18229,C0072,P055,2023-12-07 0:00:00,3,835.71,0,835.71,7,Cancelled,UPI
O18230,C0400,P045,2025-10-11 0:00:00,1,2260.78,10,2034.7,9,delivered,COD
O18231,C0285,P032,2025-12-27 0:00:00,3,8230.78,10,7407.7,9,delivered,UPI
O18232,C0156,P028,2024-05-28 0:00:00,2,7682.49,0,7682.49,7,DELIVERED,Card
O18233,C0385,P071,2025-09-26 0:00:00,1,2107.05,20,1685.64,5,delivered,COD
O18234,C0360,P043,2026-02-26 0:00:00,3,4382.14,15,3724.82,12,Returned,Wallet
O18235,C0246,P030,2025-08-01 0:00:00,5,9436.43,20,7549.14,5,Cancelled,UPI
O18236,C0329,P077,2025-09-23 0:00:00,2,4818.01,0,4818.01,3,delivered,Wallet
O18237,C0260,P094,2024-03-14 0:00:00,2,2514.49,10,2263.04,7,Returned,Wallet
O18238,C0103,P078,2023-10-05 0:00:00,3,1993.05,0,1993.05,10,DELIVERED,Card
O18239,C0026,P020,2023-03-23 0:00:00,1,8158.67,10,7342.8,2,Cancelled,UPI
O18240,C0115,P060,2024-11-03 0:00:00,2,9427.04,15,8012.98,8,DELIVERED,Wallet
O18241,C0259,P091,2025-09-03 0:00:00,4,6073.89,20,4859.11,10,Cancelled,Wallet
O18242,C0466,P060,2026-01-14 0:00:00,5,5475.05,20,4380.04,10,Delivered,UPI
O18243,C0031,P064,2024-10-31 0:00:00,4,7848.22,10,7063.4,1,Cancelled,Card
O18244,C0398,P095,2023-06-27 0:00:00,1,1509.73,15,1283.27,12,Cancelled,Card
O18245,C0405,P028,2024-03-30 0:00:00,2,3186.4,0,3186.4,11,DELIVERED,Wallet
O18246,C0041,P028,2024-11-27 0:00:00,3,7363.92,0,7363.92,8,DELIVERED,Wallet
O18247,C0430,P086,2023-08-22 0:00:00,2,7029.22,5,6677.76,3,Cancelled,Wallet
O18248,C0083,P038,2024-04-28 0:00:00,5,7317.45,5,6951.58,8,Delivered,COD
O18249,C0180,P047,2024-07-22 0:00:00,2,5266.49,10,4739.84,5,Returned,COD
O18250,C0294,P048,2024-01-15 0:00:00,3,5141.94,15,4370.65,1,Cancelled,COD
O18251,C0031,P100,2024-05-16 0:00:00,3,1507.23,0,1507.23,9,DELIVERED,Wallet
O18252,C0235,P019,2025-11-21 0:00:00,3,4119.03,20,3295.22,2,delivered,Wallet
O18253,C0280,P076,2025-01-14 0:00:00,5,9139.49,10,8225.54,6,DELIVERED,UPI
O18254,C0315,P038,2024-05-07 0:00:00,2,8634.03,5,8202.33,9,Cancelled,Wallet
O18255,C0203,P022,2024-08-14 0:00:00,2,4632.95,10,4169.65,11,Cancelled,UPI
O18256,C0012,P040,2023-05-12 0:00:00,4,2082.9,20,1666.32,7,DELIVERED,Card
O18257,C0064,P015,2024-02-01 0:00:00,4,3665.15,5,3481.89,8,Returned,Card
O18258,C0500,P064,2026-03-09 0:00:00,5,9653.57,10,8688.21,10,Cancelled,Wallet
O18259,C0201,P072,2023-07-03 0:00:00,4,3333.71,15,2833.65,3,DELIVERED,COD
O18260,C0026,P073,2023-03-06 0:00:00,5,6583.54,5,6254.36,6,delivered,Wallet
O18261,C0286,P079,2023-06-19 0:00:00,5,6572.64,5,6244.01,6,delivered,Wallet
O18262,C0194,P016,2025-08-21 0:00:00,1,2688.83,20,2151.06,12,Cancelled,Wallet
O18263,C0012,P099,2024-08-17 0:00:00,5,3439.82,5,3267.83,12,DELIVERED,Wallet
O18264,C0087,P008,2023-10-09 0:00:00,3,9414.17,0,9414.17,5,DELIVERED,Wallet
O18265,C0110,P004,2024-05-25 0:00:00,1,7181.48,10,6463.33,2,Cancelled,COD
O18266,C0406,P007,2024-09-10 0:00:00,2,3908.41,5,3712.99,5,DELIVERED,Card
O18267,C0413,P056,2024-08-02 0:00:00,4,8985.99,10,8087.39,2,Cancelled,Card
O18268,C0009,P097,2025-12-30 0:00:00,3,8044.09,20,6435.27,4,Returned,UPI
O18269,C0130,P093,2023-05-29 0:00:00,5,3168.69,0,3168.69,4,Delivered,COD
O18270,C0090,P086,2025-06-02 0:00:00,5,1883.64,20,1506.91,7,Returned,Wallet
O18271,C0038,P070,2024-10-20 0:00:00,1,6550.12,0,6550.12,11,Cancelled,Wallet
O18272,C0339,P004,2025-03-18 0:00:00,4,8704.53,0,8704.53,5,delivered,Card
O18273,C0391,P072,2025-02-15 0:00:00,2,3929.23,15,3339.85,10,Delivered,Wallet
O18274,C0181,P067,2025-11-15 0:00:00,3,9719.37,0,9719.37,3,Delivered,UPI
O18275,C0227,P071,2024-10-06 0:00:00,2,4986.82,5,4737.48,7,Returned,Wallet
O18276,C0317,P036,2024-08-09 0:00:00,4,9161.02,5,8702.97,9,Delivered,Card
O18277,C0199,P058,2026-01-06 0:00:00,2,7822.27,10,7040.04,11,Cancelled,COD
O18278,C0303,P088,2023-12-26 0:00:00,4,2829.71,20,2263.77,4,Delivered,COD
O18279,C0490,P087,2023-12-10 0:00:00,4,3155.5,20,2524.4,5,Returned,Wallet
O18280,C0020,P046,2025-08-01 0:00:00,4,733.55,0,733.55,6,Returned,Card
O18281,C0115,P006,2023-01-11 0:00:00,5,1392.24,5,1322.63,10,Returned,UPI
O18282,C0404,P051,2024-03-03 0:00:00,2,2184.49,15,1856.82,4,Delivered,Wallet
O18283,C0238,P023,2024-05-23 0:00:00,3,8674.49,0,8674.49,12,Delivered,Wallet
O18284,C0053,P002,2025-05-23 0:00:00,2,2711.78,15,2305.01,6,Returned,Wallet
O18285,C0294,P022,2024-04-19 0:00:00,3,2203.6,10,1983.24,9,DELIVERED,Card
O18286,C0178,P050,2023-02-26 0:00:00,4,9260.41,15,7871.35,3,DELIVERED,Card
O18287,C0117,P049,2023-08-31 0:00:00,4,5220.65,20,4176.52,8,DELIVERED,COD
O18288,C0273,P081,2024-09-13 0:00:00,5,8862.58,10,7976.32,2,delivered,Wallet
O18289,C0184,P089,2025-08-24 0:00:00,3,6106.6,0,6106.6,2,Returned,UPI
O18290,C0267,P065,2023-12-02 0:00:00,2,6985.61,20,5588.49,6,Cancelled,UPI
O18291,C0111,P016,2023-01-24 0:00:00,1,8025.21,5,7623.95,2,Delivered,COD
O18292,C0199,P017,2023-10-12 0:00:00,1,3661.27,15,3112.08,8,DELIVERED,UPI
O18293,C0020,P028,2025-10-15 0:00:00,5,3665.08,10,3298.57,2,delivered,UPI
O18294,C0453,P099,2026-04-09 0:00:00,2,2009.97,0,2009.97,10,delivered,Card
O18295,C0281,P055,2023-11-05 0:00:00,4,5325.74,15,4526.88,12,DELIVERED,Wallet
O18296,C0263,P085,2025-10-22 0:00:00,2,2232.6,20,1786.08,10,Cancelled,UPI
O18297,C0305,P093,2023-05-05 0:00:00,2,3513.95,10,3162.55,12,Returned,UPI
O18298,C0340,P018,2025-08-02 0:00:00,2,1393.09,10,1253.78,9,Cancelled,Wallet
O18299,C0380,P025,2025-10-14 0:00:00,4,3950.04,5,3752.54,7,Returned,UPI
O18300,C0345,P019,2024-03-17 0:00:00,3,6292.47,20,5033.98,11,Cancelled,UPI
O18301,C0467,P002,2023-07-22 0:00:00,5,2072.06,15,1761.25,6,DELIVERED,UPI
O18302,C0173,P058,2025-06-29 0:00:00,2,1495.2,0,1495.2,8,DELIVERED,Wallet
O18303,C0050,P073,2024-03-11 0:00:00,1,8588,0,8588,9,delivered,Wallet
O18304,C0268,P098,2023-05-11 0:00:00,4,8767.4,10,7890.66,11,delivered,Wallet
O18305,C0063,P003,2024-07-21 0:00:00,4,9900.72,10,8910.65,10,Returned,Wallet
O18306,C0477,P032,2025-09-17 0:00:00,5,2673.86,5,2540.17,4,Cancelled,UPI
O18307,C0258,P056,2023-01-07 0:00:00,2,3359.5,0,3359.5,5,Returned,UPI
O18308,C0286,P075,2023-03-03 0:00:00,1,7821,10,7038.9,8,delivered,Wallet
O18309,C0100,P001,2025-08-14 0:00:00,1,1677.42,15,1425.81,9,Returned,UPI
O18310,C0050,P026,2023-07-06 0:00:00,2,8631.02,0,8631.02,2,Delivered,UPI
O18311,C0055,P030,2024-05-07 0:00:00,5,8694.19,20,6955.35,7,Returned,UPI
O18312,C0060,P037,2024-11-07 0:00:00,4,3979.82,15,3382.85,10,Returned,COD
O18313,C0299,P057,2024-01-21 0:00:00,5,4473.06,20,3578.45,11,Cancelled,Wallet
O18314,C0050,P097,2024-09-30 0:00:00,4,3026.34,15,2572.39,1,Delivered,Wallet
O18315,C0228,P010,2023-11-11 0:00:00,4,8364.69,20,6691.75,5,Returned,COD
O18316,C0262,P038,2025-06-06 0:00:00,5,1229.62,20,983.7,11,Returned,COD
O18317,C0047,P089,2023-07-26 0:00:00,5,4931.6,20,3945.28,5,DELIVERED,Card
O18318,C0052,P034,2025-03-20 0:00:00,2,4219.22,5,4008.26,8,Delivered,Wallet
O18319,C0340,P044,2024-06-05 0:00:00,1,1257.03,10,1131.33,5,Cancelled,Card
O18320,C0420,P039,2023-11-24 0:00:00,5,5319.77,0,5319.77,12,Returned,UPI
O18321,C0267,P025,2023-08-10 0:00:00,5,3343.28,20,2674.62,1,Returned,COD
O18322,C0186,P094,2025-09-29 0:00:00,2,6333.93,10,5700.54,9,delivered,UPI
O18323,C0211,P009,2023-07-09 0:00:00,1,2386.74,20,1909.39,8,Cancelled,UPI
O18324,C0399,P019,2025-12-27 0:00:00,4,5259.01,10,4733.11,5,DELIVERED,Wallet
O18325,C0258,P067,2024-05-05 0:00:00,4,6577.75,10,5919.98,7,delivered,COD
O18326,C0202,P078,2024-04-16 0:00:00,2,7076.85,15,6015.32,10,Cancelled,Wallet
O18327,C0057,P016,2023-11-02 0:00:00,1,4187.7,10,3768.93,12,delivered,Wallet
O18328,C0315,P087,2023-05-18 0:00:00,2,1984.49,5,1885.27,2,Cancelled,Wallet
O18329,C0385,P023,2023-09-19 0:00:00,1,8235.3,10,7411.77,2,delivered,Card
O18330,C0397,P011,2025-07-19 0:00:00,1,8300.84,15,7055.71,7,Returned,COD
O18331,C0195,P001,2023-10-19 0:00:00,2,3831.44,20,3065.15,6,delivered,Wallet
O18332,C0256,P072,2023-11-08 0:00:00,4,5863.67,10,5277.3,10,delivered,Card
O18333,C0160,P015,2023-12-26 0:00:00,2,2236.55,15,1901.07,10,Returned,Wallet
O18334,C0286,P044,2025-12-25 0:00:00,4,7210.56,15,6128.98,10,delivered,Wallet
O18335,C0201,P038,2024-09-05 0:00:00,5,7261.79,15,6172.52,3,DELIVERED,COD
O18336,C0107,P035,2023-11-01 0:00:00,4,758.66,10,682.79,8,Delivered,COD
O18337,C0499,P083,2023-12-26 0:00:00,4,5121.19,10,4609.07,12,Returned,UPI
O18338,C0129,P026,2023-10-11 0:00:00,1,1112.81,0,1112.81,5,delivered,Wallet
O18339,C0081,P037,2025-03-19 0:00:00,2,922.35,5,876.23,8,DELIVERED,Wallet
O18340,C0040,P030,2025-09-19 0:00:00,5,5219.92,10,4697.93,3,delivered,COD
O18341,C0201,P096,2025-10-13 0:00:00,4,4495.01,15,3820.76,1,Returned,Wallet
O18342,C0037,P100,2024-04-22 0:00:00,3,8651.75,5,8219.16,2,delivered,COD
O18343,C0146,P023,2023-08-30 0:00:00,1,8482.83,20,6786.26,12,DELIVERED,UPI
O18344,C0207,P028,2023-08-11 0:00:00,3,7601.3,20,6081.04,2,Returned,UPI
O18345,C0239,P055,2026-01-22 0:00:00,4,4089.68,0,4089.68,8,Returned,Card
O18346,C0217,P054,2025-06-20 0:00:00,1,1254.26,0,1254.26,11,Delivered,COD
O18347,C0312,P097,2024-03-23 0:00:00,5,5456.18,15,4637.75,11,Delivered,Wallet
O18348,C0379,P081,2024-03-02 0:00:00,3,9647.78,20,7718.22,9,delivered,UPI
O18349,C0217,P025,2025-11-10 0:00:00,3,5525.34,15,4696.54,6,Returned,Wallet
O18350,C0444,P049,2024-06-30 0:00:00,4,1202.27,15,1021.93,9,DELIVERED,UPI
O18351,C0165,P062,2023-09-15 0:00:00,5,2241.44,20,1793.15,1,DELIVERED,Card
O18352,C0331,P094,2026-03-18 0:00:00,2,1162.08,20,929.66,12,Cancelled,COD
O18353,C0040,P048,2025-08-27 0:00:00,2,3239.25,10,2915.33,12,Delivered,COD
O18354,C0455,P051,2024-10-02 0:00:00,5,9547.6,0,9547.6,3,Returned,COD
O18355,C0197,P073,2024-03-14 0:00:00,5,9608.27,10,8647.44,8,Delivered,Wallet
O18356,C0147,P039,2024-10-23 0:00:00,1,7493.79,20,5995.03,12,delivered,Card
O18357,C0165,P003,2024-09-23 0:00:00,2,2926.96,15,2487.92,4,Cancelled,Wallet
O18358,C0195,P080,2026-03-30 0:00:00,3,7068.15,10,6361.34,9,Delivered,Card
O18359,C0003,P085,2025-09-17 0:00:00,5,7961.67,5,7563.59,8,Delivered,Wallet
O18360,C0235,P060,2023-08-03 0:00:00,1,6798.81,20,5439.05,11,DELIVERED,UPI
O18361,C0377,P011,2026-01-18 0:00:00,1,799.2,5,759.24,5,delivered,Wallet
O18362,C0249,P044,2023-08-13 0:00:00,4,3381.92,20,2705.54,10,Returned,Card
O18363,C0029,P088,2025-09-30 0:00:00,5,769.78,20,615.82,6,Cancelled,COD
O18364,C0182,P085,2025-12-13 0:00:00,3,6907.24,20,5525.79,4,DELIVERED,Card
O18365,C0338,P062,2024-05-13 0:00:00,3,7872.35,0,7872.35,6,DELIVERED,Wallet
O18366,C0253,P046,2023-05-03 0:00:00,1,5520.01,0,5520.01,12,DELIVERED,COD
O18367,C0007,P032,2023-02-11 0:00:00,4,5830.36,20,4664.29,11,delivered,Card
O18368,C0173,P051,2025-05-29 0:00:00,4,9708.83,5,9223.39,4,delivered,Wallet
O18369,C0413,P083,2024-12-13 0:00:00,4,3250.56,0,3250.56,4,Delivered,COD
O18370,C0383,P085,2024-12-10 0:00:00,2,3332.34,5,3165.72,7,DELIVERED,Card
O18371,C0156,P027,2024-02-17 0:00:00,5,4830.77,5,4589.23,6,delivered,Card
O18372,C0464,P052,2024-10-08 0:00:00,3,9697.35,15,8242.75,12,DELIVERED,Card
O18373,C0113,P005,2024-08-09 0:00:00,3,2124.12,10,1911.71,6,DELIVERED,Card
O18374,C0169,P041,2024-09-08 0:00:00,2,7282.52,15,6190.14,8,Delivered,Wallet
O18375,C0482,P057,2024-02-27 0:00:00,2,4216.78,15,3584.26,6,DELIVERED,UPI
O18376,C0182,P044,2025-11-24 0:00:00,2,6849.54,20,5479.63,12,Cancelled,Card
O18377,C0013,P061,2025-06-09 0:00:00,4,1385.68,15,1177.83,5,Returned,COD
O18378,C0343,P002,2023-10-29 0:00:00,4,1756.93,5,1669.08,2,DELIVERED,Card
O18379,C0469,P096,2023-12-15 0:00:00,5,878.35,15,746.6,7,Cancelled,COD
O18380,C0057,P053,2023-07-02 0:00:00,4,9123.99,20,7299.19,5,Delivered,UPI
O18381,C0125,P091,2023-03-04 0:00:00,4,3594.49,5,3414.77,4,delivered,UPI
O18382,C0082,P099,2024-07-29 0:00:00,4,689.34,15,585.94,8,DELIVERED,COD
O18383,C0215,P088,2026-04-14 0:00:00,4,1915.94,15,1628.55,9,Cancelled,Wallet
O18384,C0336,P061,2025-11-17 0:00:00,2,7562.65,20,6050.12,8,Returned,UPI
O18385,C0128,P012,2025-07-21 0:00:00,1,5690.15,10,5121.14,2,Cancelled,COD
O18386,C0262,P022,2025-04-26 0:00:00,2,2665.79,20,2132.63,6,Returned,Wallet
O18387,C0394,P007,2024-08-01 0:00:00,2,9274.37,10,8346.93,1,Delivered,Card
O18388,C0132,P015,2025-05-02 0:00:00,1,2002.86,15,1702.43,7,DELIVERED,UPI
O18389,C0404,P090,2024-03-07 0:00:00,3,2882.2,5,2738.09,12,DELIVERED,UPI
O18390,C0222,P081,2024-10-09 0:00:00,4,8545.68,0,8545.68,9,delivered,Wallet
O18391,C0303,P082,2023-03-12 0:00:00,4,3191.01,15,2712.36,6,Delivered,Wallet
O18392,C0209,P065,2024-12-31 0:00:00,1,1316.2,5,1250.39,5,Cancelled,Wallet
O18393,C0029,P054,2023-07-21 0:00:00,3,7821.36,10,7039.22,9,Cancelled,Wallet
O18394,C0464,P071,2025-12-22 0:00:00,2,7086.59,5,6732.26,5,delivered,Card
O18395,C0171,P007,2024-07-05 0:00:00,1,3177.92,5,3019.02,2,Cancelled,UPI
O18396,C0420,P088,2023-10-13 0:00:00,5,3715.69,20,2972.55,2,Returned,Wallet
O18397,C0054,P005,2023-01-19 0:00:00,1,6869.46,15,5839.04,5,DELIVERED,Wallet
O18398,C0438,P089,2024-09-22 0:00:00,3,6128.09,20,4902.47,3,Cancelled,Card
O18399,C0300,P066,2024-02-25 0:00:00,1,3127.57,5,2971.19,6,Delivered,UPI
O18400,C0278,P009,2024-07-14 0:00:00,5,7843.46,5,7451.29,8,Cancelled,COD
O18401,C0423,P062,2025-01-05 0:00:00,4,7399.65,5,7029.67,12,Returned,UPI
O18402,C0036,P046,2024-09-19 0:00:00,2,3133.23,5,2976.57,4,DELIVERED,Wallet
O18403,C0406,P072,2024-10-01 0:00:00,3,3239.59,5,3077.61,11,Delivered,COD
O18404,C0485,P060,2025-02-17 0:00:00,5,5196.93,0,5196.93,3,delivered,COD
O18405,C0318,P047,2023-06-30 0:00:00,2,4744.92,0,4744.92,12,Returned,Wallet
O18406,C0475,P064,2025-12-10 0:00:00,5,3428.1,5,3256.69,1,Delivered,Wallet
O18407,C0267,P032,2024-09-06 0:00:00,1,3321.32,0,3321.32,1,Delivered,Card
O18408,C0422,P096,2024-10-09 0:00:00,2,5347.88,10,4813.09,3,Cancelled,Wallet
O18409,C0052,P050,2024-09-17 0:00:00,4,9585.16,20,7668.13,4,DELIVERED,Wallet
O18410,C0297,P046,2026-01-28 0:00:00,5,717.36,20,573.89,4,Cancelled,Wallet
O18411,C0218,P006,2024-09-19 0:00:00,2,4014.56,0,4014.56,11,DELIVERED,COD
O18412,C0236,P076,2023-05-30 0:00:00,5,8881.47,10,7993.32,2,DELIVERED,COD
O18413,C0085,P010,2025-01-26 0:00:00,1,772.59,5,733.96,10,DELIVERED,COD
O18414,C0396,P057,2024-09-07 0:00:00,4,5152.95,20,4122.36,7,delivered,UPI
O18415,C0273,P020,2023-12-23 0:00:00,3,3859.71,20,3087.77,12,Delivered,UPI
O18416,C0229,P030,2023-05-15 0:00:00,5,4483.48,0,4483.48,9,DELIVERED,COD
O18417,C0461,P065,2024-07-23 0:00:00,5,3610.16,20,2888.13,3,Delivered,Wallet
O18418,C0331,P006,2026-03-23 0:00:00,5,6092.49,5,5787.87,12,Delivered,UPI
O18419,C0186,P011,2025-06-02 0:00:00,4,4364.83,10,3928.35,5,Delivered,Wallet
O18420,C0332,P024,2023-07-10 0:00:00,4,6302.42,5,5987.3,7,delivered,COD
O18421,C0097,P035,2024-11-24 0:00:00,2,7691.06,5,7306.51,8,delivered,COD
O18422,C0017,P042,2023-01-07 0:00:00,2,4095.09,5,3890.34,9,delivered,COD
O18423,C0116,P046,2024-05-13 0:00:00,5,8515.67,15,7238.32,7,Delivered,Wallet
O18424,C0383,P007,2025-03-11 0:00:00,1,6979.97,10,6281.97,2,Cancelled,COD
O18425,C0300,P009,2023-03-31 0:00:00,5,8147.33,0,8147.33,5,delivered,UPI
O18426,C0447,P004,2025-03-18 0:00:00,4,7218.02,10,6496.22,9,DELIVERED,Wallet
O18427,C0294,P015,2024-10-13 0:00:00,3,6253.42,10,5628.08,8,Cancelled,COD
O18428,C0477,P002,2023-11-28 0:00:00,2,2968.4,15,2523.14,11,Delivered,COD
O18429,C0168,P038,2025-10-08 0:00:00,3,9103.65,15,7738.1,10,Cancelled,Wallet
O18430,C0289,P066,2023-08-15 0:00:00,4,9014.93,20,7211.94,4,Returned,COD
O18431,C0261,P070,2023-10-31 0:00:00,3,9769.71,10,8792.74,4,Cancelled,Card
O18432,C0039,P029,2026-02-05 0:00:00,3,2951.61,10,2656.45,4,Cancelled,UPI
O18433,C0291,P071,2023-02-23 0:00:00,5,5786.46,15,4918.49,12,Cancelled,COD
O18434,C0436,P049,2025-03-31 0:00:00,1,8486.17,15,7213.24,3,delivered,Wallet
O18435,C0295,P078,2024-04-30 0:00:00,4,3873.38,15,3292.37,5,delivered,COD
O18436,C0432,P046,2024-07-27 0:00:00,3,585.33,5,556.06,9,Cancelled,COD
O18437,C0116,P067,2024-12-30 0:00:00,4,8299.53,10,7469.58,2,delivered,COD
O18438,C0144,P073,2023-03-25 0:00:00,2,9476.52,20,7581.22,1,Delivered,Wallet
O18439,C0122,P099,2024-10-01 0:00:00,5,9892.83,15,8408.91,8,delivered,COD
O18440,C0367,P039,2024-12-31 0:00:00,2,6166.17,0,6166.17,2,Returned,UPI
O18441,C0421,P099,2025-04-17 0:00:00,4,7224.57,15,6140.88,2,delivered,COD
O18442,C0243,P033,2024-11-27 0:00:00,5,2523.48,10,2271.13,4,Returned,Wallet
O18443,C0191,P043,2024-09-13 0:00:00,4,4271.65,10,3844.48,11,Returned,UPI
O18444,C0175,P067,2023-12-28 0:00:00,4,9073.82,10,8166.44,9,Cancelled,Card
O18445,C0045,P064,2024-10-17 0:00:00,1,9651.04,0,9651.04,12,Cancelled,UPI
O18446,C0165,P001,2023-06-07 0:00:00,5,7954.65,5,7556.92,11,Delivered,Wallet
O18447,C0070,P090,2025-08-06 0:00:00,1,3481.18,10,3133.06,8,delivered,UPI
O18448,C0357,P088,2025-03-19 0:00:00,1,5095.62,10,4586.06,1,DELIVERED,COD
O18449,C0369,P047,2024-09-29 0:00:00,3,1852.37,10,1667.13,7,Returned,Wallet
O18450,C0306,P094,2023-05-18 0:00:00,4,4097.7,20,3278.16,7,DELIVERED,UPI
O18451,C0345,P095,2023-12-02 0:00:00,1,7508.94,15,6382.6,1,delivered,Wallet
O18452,C0009,P003,2023-10-07 0:00:00,2,4359.37,15,3705.46,7,delivered,Wallet
O18453,C0157,P014,2024-11-25 0:00:00,1,3200.51,0,3200.51,3,Returned,Wallet
O18454,C0137,P028,2026-02-17 0:00:00,4,8167.93,5,7759.53,6,Returned,Wallet
O18455,C0253,P066,2024-04-02 0:00:00,1,2621.71,20,2097.37,1,Cancelled,Wallet
O18456,C0497,P047,2025-12-15 0:00:00,4,9838.18,5,9346.27,3,Cancelled,Wallet
O18457,C0079,P063,2024-02-03 0:00:00,2,6617.32,20,5293.86,5,DELIVERED,UPI
O18458,C0023,P078,2026-03-01 0:00:00,1,9220.86,10,8298.77,6,Delivered,Wallet
O18459,C0460,P007,2023-01-03 0:00:00,4,8434.42,10,7590.98,3,Delivered,Card
O18460,C0410,P059,2025-12-10 0:00:00,2,7941.38,5,7544.31,2,DELIVERED,COD
O18461,C0082,P091,2025-03-28 0:00:00,2,5600.76,5,5320.72,10,Returned,Card
O18462,C0002,P099,2025-04-09 0:00:00,5,7439.7,10,6695.73,3,DELIVERED,UPI
O18463,C0297,P095,2025-08-27 0:00:00,2,1128.16,10,1015.34,1,delivered,UPI
O18464,C0119,P087,2025-10-11 0:00:00,4,3864.14,0,3864.14,3,Cancelled,UPI
O18465,C0413,P091,2025-10-08 0:00:00,5,567.53,20,454.02,2,Cancelled,COD
O18466,C0108,P088,2026-02-04 0:00:00,5,4578.92,15,3892.08,3,Delivered,Card
O18467,C0153,P019,2025-09-02 0:00:00,2,1628.98,0,1628.98,6,Cancelled,Wallet
O18468,C0362,P033,2023-11-19 0:00:00,4,7812.92,15,6640.98,7,Delivered,Wallet
O18469,C0074,P033,2023-02-03 0:00:00,1,8623.61,20,6898.89,4,Delivered,Card
O18470,C0349,P089,2024-08-02 0:00:00,4,5397.76,0,5397.76,4,DELIVERED,UPI
O18471,C0237,P070,2025-09-02 0:00:00,1,1225.54,0,1225.54,6,Returned,Wallet
O18472,C0047,P023,2025-11-15 0:00:00,2,7366.25,0,7366.25,7,Returned,Card
O18473,C0052,P028,2025-12-16 0:00:00,3,6193.24,15,5264.25,1,Delivered,COD
O18474,C0447,P058,2025-07-23 0:00:00,3,5507.66,5,5232.28,1,delivered,COD
O18475,C0008,P069,2023-06-10 0:00:00,1,6372.74,5,6054.1,1,Cancelled,Wallet
O18476,C0243,P019,2023-03-23 0:00:00,5,657.49,5,624.62,2,delivered,Wallet
O18477,C0229,P078,2023-08-13 0:00:00,4,1617.81,0,1617.81,9,Cancelled,Wallet
O18478,C0161,P069,2023-10-16 0:00:00,4,7365.53,15,6260.7,10,Returned,COD
O18479,C0225,P003,2023-01-30 0:00:00,3,1466.69,15,1246.69,9,Returned,UPI
O18480,C0123,P005,2024-10-22 0:00:00,4,7578.54,10,6820.69,8,Cancelled,Wallet
O18481,C0180,P088,2023-08-26 0:00:00,3,4595.36,0,4595.36,9,DELIVERED,Wallet
O18482,C0138,P086,2024-04-28 0:00:00,2,4155.54,5,3947.76,5,DELIVERED,Wallet
O18483,C0142,P059,2025-05-11 0:00:00,3,6753.7,10,6078.33,10,Returned,Wallet
O18484,C0104,P063,2023-02-24 0:00:00,4,7679.29,5,7295.33,5,delivered,Wallet
O18485,C0288,P017,2025-04-22 0:00:00,1,3792.95,5,3603.3,8,Returned,UPI
O18486,C0205,P053,2024-12-02 0:00:00,1,1017.49,20,813.99,1,Delivered,Wallet
O18487,C0463,P076,2024-03-30 0:00:00,4,5083.63,10,4575.27,6,Delivered,Wallet
O18488,C0121,P016,2024-04-28 0:00:00,1,8940.27,5,8493.26,6,Returned,UPI
O18489,C0476,P096,2023-04-15 0:00:00,5,835.15,5,793.39,10,delivered,Wallet
O18490,C0241,P071,2024-11-18 0:00:00,3,2493.09,5,2368.44,1,Delivered,UPI
O18491,C0081,P035,2024-09-01 0:00:00,5,9177.76,10,8259.98,2,Cancelled,Wallet
O18492,C0330,P078,2024-06-01 0:00:00,4,1701.67,15,1446.42,10,delivered,COD
O18493,C0011,P067,2023-12-08 0:00:00,4,4219.21,5,4008.25,1,Returned,Wallet
O18494,C0139,P048,2024-12-23 0:00:00,4,2308.77,20,1847.02,3,delivered,Wallet
O18495,C0024,P045,2023-04-12 0:00:00,5,610.33,20,488.26,2,delivered,Card
O18496,C0389,P072,2025-04-22 0:00:00,5,1763.19,5,1675.03,12,Delivered,UPI
O18497,C0316,P089,2026-02-08 0:00:00,2,7496.21,0,7496.21,5,Cancelled,UPI
O18498,C0446,P063,2026-01-22 0:00:00,5,9294.36,5,8829.64,5,Cancelled,Wallet
O18499,C0110,P047,2025-05-26 0:00:00,1,6295.32,5,5980.55,2,Cancelled,Wallet
O18500,C0179,P100,2025-03-03 0:00:00,2,6005.14,0,6005.14,4,Returned,COD
O18501,C0126,P007,2023-12-19 0:00:00,1,3893.46,15,3309.44,7,delivered,COD
O18502,C0065,P007,2023-01-11 0:00:00,2,3407.06,20,2725.65,4,DELIVERED,Wallet
O18503,C0353,P022,2023-07-01 0:00:00,4,8978.56,15,7631.78,12,DELIVERED,Wallet
O18504,C0231,P080,2023-07-25 0:00:00,3,7635.18,10,6871.66,11,delivered,UPI
O18505,C0136,P098,2024-01-28 0:00:00,4,3905.83,0,3905.83,12,Delivered,UPI
O18506,C0193,P072,2024-10-07 0:00:00,3,5725.22,20,4580.18,3,Cancelled,UPI
O18507,C0362,P078,2023-09-08 0:00:00,3,9342.36,0,9342.36,9,delivered,Wallet
O18508,C0177,P075,2024-03-11 0:00:00,4,9515.79,15,8088.42,8,Cancelled,Wallet
O18509,C0237,P028,2025-05-23 0:00:00,1,5097.03,0,5097.03,11,Delivered,Wallet
O18510,C0116,P042,2024-04-12 0:00:00,5,1576.99,15,1340.44,1,delivered,Wallet
O18511,C0388,P029,2023-07-10 0:00:00,4,8877.44,5,8433.57,1,DELIVERED,COD
O18512,C0121,P075,2023-11-18 0:00:00,2,1178.48,5,1119.56,11,Returned,Wallet
O18513,C0052,P050,2025-12-01 0:00:00,3,625.96,0,625.96,3,Delivered,Card
O18514,C0106,P074,2023-02-20 0:00:00,2,7125.05,0,7125.05,4,DELIVERED,Wallet
O18515,C0182,P057,2025-04-22 0:00:00,4,5792.93,0,5792.93,6,DELIVERED,Card
O18516,C0222,P024,2025-02-23 0:00:00,3,9120.25,10,8208.23,5,delivered,COD
O18517,C0250,P076,2023-10-19 0:00:00,2,6879.96,10,6191.96,4,Cancelled,COD
O18518,C0105,P079,2024-04-04 0:00:00,2,2973.48,10,2676.13,2,delivered,Wallet
O18519,C0471,P019,2024-12-13 0:00:00,1,5770.96,15,4905.32,6,delivered,Card
O18520,C0032,P002,2025-04-02 0:00:00,2,5780.03,20,4624.02,3,Delivered,Wallet
O18521,C0020,P076,2025-10-04 0:00:00,4,1910.68,5,1815.15,4,Returned,Wallet
O18522,C0286,P033,2024-04-13 0:00:00,4,2273.07,20,1818.46,2,delivered,UPI
O18523,C0123,P010,2023-04-12 0:00:00,4,6366.79,0,6366.79,9,Cancelled,COD
O18524,C0190,P060,2023-12-29 0:00:00,3,3381.22,20,2704.98,6,delivered,Wallet
O18525,C0432,P017,2023-04-22 0:00:00,5,7640.81,0,7640.81,1,Delivered,Wallet
O18526,C0389,P009,2024-08-12 0:00:00,5,3539.27,5,3362.31,7,Delivered,COD
O18527,C0452,P029,2025-02-09 0:00:00,2,4472.76,10,4025.48,5,Delivered,COD
O18528,C0431,P004,2024-07-29 0:00:00,1,1556.49,10,1400.84,12,delivered,Wallet
O18529,C0022,P094,2024-01-09 0:00:00,3,5710.59,20,4568.47,5,DELIVERED,Wallet
O18530,C0139,P092,2025-05-15 0:00:00,2,8412.22,15,7150.39,2,Cancelled,Wallet
O18531,C0484,P017,2024-11-14 0:00:00,1,8683.61,0,8683.61,5,Delivered,COD
O18532,C0134,P051,2024-03-02 0:00:00,5,1364.69,5,1296.46,10,DELIVERED,Card
O18533,C0137,P019,2024-11-26 0:00:00,1,3919.71,10,3527.74,7,Delivered,COD
O18534,C0081,P091,2025-01-02 0:00:00,1,1444.99,15,1228.24,4,DELIVERED,COD
O18535,C0043,P064,2023-05-21 0:00:00,1,5685.44,0,5685.44,12,DELIVERED,COD
O18536,C0059,P013,2025-10-28 0:00:00,2,1060.73,20,848.58,7,DELIVERED,COD
O18537,C0472,P059,2025-06-26 0:00:00,5,4796.67,20,3837.34,1,DELIVERED,COD
O18538,C0375,P069,2023-04-08 0:00:00,1,5491.46,0,5491.46,2,Cancelled,COD
O18539,C0064,P055,2025-05-07 0:00:00,2,4301.12,0,4301.12,1,Cancelled,UPI
O18540,C0445,P094,2025-02-13 0:00:00,3,8799.73,15,7479.77,2,DELIVERED,COD
O18541,C0048,P063,2023-11-17 0:00:00,4,2897.9,10,2608.11,8,Cancelled,UPI
O18542,C0218,P010,2024-04-16 0:00:00,2,3052.59,20,2442.07,5,Returned,UPI
O18543,C0387,P001,2025-08-30 0:00:00,4,7314.53,10,6583.08,4,Delivered,Card
O18544,C0105,P044,2025-02-22 0:00:00,5,8124.78,10,7312.3,3,Delivered,Wallet
O18545,C0359,P087,2025-07-21 0:00:00,2,3710.37,0,3710.37,10,Delivered,Wallet
O18546,C0397,P006,2025-08-15 0:00:00,4,1889.19,0,1889.19,8,Cancelled,Card
O18547,C0217,P044,2025-01-23 0:00:00,4,2796.35,15,2376.9,11,delivered,UPI
O18548,C0196,P014,2025-05-27 0:00:00,5,5652.95,5,5370.3,4,DELIVERED,COD
O18549,C0423,P098,2023-12-18 0:00:00,5,7358.35,0,7358.35,10,Cancelled,COD
O18550,C0066,P027,2023-11-13 0:00:00,2,8875.83,10,7988.25,7,Delivered,Wallet
O18551,C0385,P086,2023-09-05 0:00:00,5,1047.92,10,943.13,5,DELIVERED,Wallet
O18552,C0021,P021,2025-03-22 0:00:00,3,3155.82,10,2840.24,5,delivered,Wallet
O18553,C0001,P032,2023-01-17 0:00:00,3,9759.87,15,8295.89,7,Cancelled,COD
O18554,C0421,P006,2024-08-28 0:00:00,1,9966.11,10,8969.5,1,delivered,UPI
O18555,C0354,P004,2025-05-29 0:00:00,1,4034.16,15,3429.04,8,Returned,UPI
O18556,C0391,P024,2023-06-29 0:00:00,3,9520.54,20,7616.43,2,Returned,UPI
O18557,C0314,P038,2026-02-18 0:00:00,5,1167.07,10,1050.36,7,DELIVERED,Wallet
O18558,C0057,P048,2024-05-19 0:00:00,1,4897.19,0,4897.19,10,Returned,Wallet
O18559,C0432,P010,2023-07-27 0:00:00,5,4905.77,5,4660.48,3,DELIVERED,Wallet
O18560,C0243,P066,2023-08-13 0:00:00,4,7851.33,5,7458.76,8,delivered,Card
O18561,C0171,P042,2025-02-07 0:00:00,2,1446.59,10,1301.93,3,Returned,Wallet
O18562,C0328,P033,2023-06-15 0:00:00,3,7953.44,5,7555.77,2,Cancelled,Card
O18563,C0143,P036,2023-12-07 0:00:00,2,818.38,10,736.54,7,DELIVERED,Wallet
O18564,C0415,P047,2023-08-08 0:00:00,4,2574.01,15,2187.91,2,Delivered,UPI
O18565,C0010,P071,2026-01-16 0:00:00,3,6543.94,20,5235.15,1,Returned,Card
O18566,C0103,P015,2024-11-20 0:00:00,3,5173.06,20,4138.45,7,delivered,Wallet
O18567,C0098,P055,2024-04-14 0:00:00,1,9084.91,0,9084.91,4,delivered,COD
O18568,C0203,P045,2024-10-19 0:00:00,1,8828.74,0,8828.74,10,DELIVERED,UPI
O18569,C0122,P017,2023-08-09 0:00:00,5,1562.25,15,1327.91,4,Cancelled,UPI
O18570,C0226,P070,2023-03-20 0:00:00,1,2537.43,0,2537.43,3,DELIVERED,UPI
O18571,C0468,P064,2025-05-18 0:00:00,5,7752.19,10,6976.97,4,DELIVERED,Wallet
O18572,C0388,P097,2024-05-05 0:00:00,4,9034.56,0,9034.56,2,Returned,Card
O18573,C0156,P096,2025-06-19 0:00:00,3,3866.49,0,3866.49,8,Returned,Card
O18574,C0499,P098,2025-07-29 0:00:00,5,8562.67,20,6850.14,9,Cancelled,Wallet
O18575,C0226,P019,2025-08-26 0:00:00,1,8167.17,0,8167.17,3,Cancelled,COD
O18576,C0221,P031,2023-11-15 0:00:00,2,7804.61,20,6243.69,4,delivered,UPI
O18577,C0012,P029,2026-01-14 0:00:00,3,4029.54,5,3828.06,7,DELIVERED,Wallet
O18578,C0096,P033,2023-12-19 0:00:00,4,7596.17,20,6076.94,11,Returned,COD
O18579,C0446,P049,2023-06-21 0:00:00,3,8708.81,0,8708.81,7,Returned,COD
O18580,C0298,P027,2026-02-01 0:00:00,5,7112.46,5,6756.84,5,Returned,COD
O18581,C0254,P068,2024-04-16 0:00:00,5,7738.52,10,6964.67,5,Returned,UPI
O18582,C0442,P061,2023-08-25 0:00:00,5,5340.9,5,5073.85,3,Returned,Wallet
O18583,C0074,P033,2025-05-30 0:00:00,1,7322.19,10,6589.97,4,Returned,Wallet
O18584,C0258,P059,2025-05-26 0:00:00,5,4855.68,5,4612.9,2,Returned,Card
O18585,C0462,P013,2025-07-02 0:00:00,3,1260.17,20,1008.14,12,Cancelled,Card
O18586,C0133,P004,2025-05-21 0:00:00,1,3195.35,20,2556.28,5,Returned,COD
O18587,C0176,P088,2025-10-18 0:00:00,3,4525.16,15,3846.39,1,Returned,COD
O18588,C0030,P063,2023-11-11 0:00:00,4,3453.89,15,2935.81,6,Cancelled,Card
O18589,C0106,P058,2025-04-25 0:00:00,4,3013.12,10,2711.81,5,Returned,Wallet
O18590,C0146,P064,2025-07-05 0:00:00,1,2330.99,5,2214.44,3,Delivered,COD
O18591,C0144,P007,2025-05-06 0:00:00,3,9787.44,5,9298.07,7,Cancelled,COD
O18592,C0152,P001,2025-08-30 0:00:00,3,1260.35,15,1071.3,8,Cancelled,UPI
O18593,C0404,P055,2025-12-13 0:00:00,2,5613.54,5,5332.86,10,Returned,Wallet
O18594,C0004,P033,2025-10-14 0:00:00,5,4058.47,5,3855.55,2,DELIVERED,Wallet
O18595,C0089,P088,2024-02-10 0:00:00,5,3926.97,20,3141.58,12,Returned,UPI
O18596,C0017,P003,2024-02-13 0:00:00,5,6897.6,5,6552.72,9,delivered,COD
O18597,C0380,P022,2024-05-27 0:00:00,3,7124.72,5,6768.48,11,Delivered,Card
O18598,C0086,P038,2025-05-14 0:00:00,3,7122.19,15,6053.86,4,delivered,UPI
O18599,C0030,P098,2025-10-07 0:00:00,3,5572.21,0,5572.21,5,delivered,COD
O18600,C0207,P062,2025-08-21 0:00:00,3,1865.61,20,1492.49,5,DELIVERED,UPI
O18601,C0402,P074,2024-06-18 0:00:00,3,884.66,20,707.73,11,DELIVERED,Card
O18602,C0067,P091,2025-06-14 0:00:00,1,9328.35,15,7929.1,4,delivered,COD
O18603,C0455,P026,2024-06-23 0:00:00,2,6062.05,5,5758.95,2,delivered,Wallet
O18604,C0477,P036,2023-02-18 0:00:00,5,5463.7,5,5190.51,8,Returned,Wallet
O18605,C0320,P035,2024-05-25 0:00:00,1,5640.43,10,5076.39,11,Returned,UPI
O18606,C0201,P051,2026-03-29 0:00:00,1,6955.19,10,6259.67,3,Delivered,Card
O18607,C0392,P059,2024-07-14 0:00:00,1,5946.37,0,5946.37,9,DELIVERED,Wallet
O18608,C0306,P009,2025-04-22 0:00:00,1,4853.04,20,3882.43,10,Delivered,Wallet
O18609,C0454,P039,2025-01-27 0:00:00,3,4637.87,15,3942.19,11,Returned,Card
O18610,C0331,P011,2023-05-31 0:00:00,5,1587.26,5,1507.9,11,Cancelled,Wallet
O18611,C0449,P089,2023-04-15 0:00:00,2,3175.27,15,2698.98,4,Delivered,Card
O18612,C0167,P046,2025-05-07 0:00:00,1,9469.73,10,8522.76,9,DELIVERED,Card
O18613,C0108,P027,2025-01-18 0:00:00,1,1283.85,10,1155.46,9,Delivered,COD
O18614,C0352,P029,2025-12-24 0:00:00,3,9382.94,5,8913.79,7,DELIVERED,Wallet
O18615,C0301,P086,2024-08-30 0:00:00,4,7835.81,10,7052.23,3,Cancelled,Wallet
O18616,C0186,P017,2023-02-02 0:00:00,5,2239.84,0,2239.84,6,Delivered,Wallet
O18617,C0383,P092,2025-05-13 0:00:00,5,7598.56,5,7218.63,4,Returned,Card
O18618,C0391,P088,2023-03-19 0:00:00,5,1214.04,5,1153.34,9,Returned,Wallet
O18619,C0408,P074,2023-09-14 0:00:00,4,7534.46,20,6027.57,12,Cancelled,Wallet
O18620,C0500,P064,2025-03-09 0:00:00,4,9243.72,10,8319.35,6,Delivered,Wallet
O18621,C0301,P072,2024-12-20 0:00:00,3,3640.73,10,3276.66,2,Delivered,Card
O18622,C0473,P037,2023-11-12 0:00:00,5,8885.54,15,7552.71,11,DELIVERED,Card
O18623,C0281,P078,2026-02-14 0:00:00,5,500.41,20,400.33,2,DELIVERED,Wallet
O18624,C0032,P077,2024-11-30 0:00:00,2,8634.28,15,7339.14,2,DELIVERED,UPI
O18625,C0167,P029,2024-04-20 0:00:00,1,9840.97,0,9840.97,12,DELIVERED,Wallet
O18626,C0198,P009,2023-03-23 0:00:00,5,501.88,20,401.5,12,DELIVERED,Card
O18627,C0323,P024,2023-09-06 0:00:00,3,2323.12,10,2090.81,6,delivered,Wallet
O18628,C0148,P004,2023-07-08 0:00:00,1,1749.85,20,1399.88,9,delivered,Wallet
O18629,C0061,P053,2025-09-15 0:00:00,1,8971.33,15,7625.63,2,Cancelled,Wallet
O18630,C0325,P087,2023-06-19 0:00:00,4,8128.63,10,7315.77,11,delivered,Wallet
O18631,C0262,P095,2023-08-07 0:00:00,4,2170.06,0,2170.06,12,DELIVERED,Wallet
O18632,C0115,P031,2024-04-01 0:00:00,3,2356.51,10,2120.86,6,Returned,Wallet
O18633,C0190,P040,2025-05-17 0:00:00,2,9160.78,20,7328.62,7,Delivered,Card
O18634,C0386,P034,2024-12-01 0:00:00,5,2829.55,10,2546.6,3,Cancelled,Wallet
O18635,C0384,P099,2023-01-09 0:00:00,3,1022.21,20,817.77,3,delivered,COD
O18636,C0009,P078,2024-05-23 0:00:00,1,1764.36,15,1499.71,11,Returned,Card
O18637,C0012,P081,2023-09-24 0:00:00,1,4915.95,0,4915.95,1,delivered,Card
O18638,C0201,P021,2025-12-01 0:00:00,2,2588.31,20,2070.65,3,Delivered,Card
O18639,C0428,P036,2025-04-25 0:00:00,1,4991.66,5,4742.08,5,Cancelled,UPI
O18640,C0110,P044,2023-12-19 0:00:00,3,9683.12,15,8230.65,3,delivered,Wallet
O18641,C0022,P091,2025-02-24 0:00:00,3,5496.44,5,5221.62,4,Cancelled,Wallet
O18642,C0401,P033,2025-01-19 0:00:00,3,6113.75,15,5196.69,12,delivered,Wallet
O18643,C0364,P076,2025-06-04 0:00:00,3,7919.5,20,6335.6,3,Delivered,UPI
O18644,C0268,P028,2023-01-03 0:00:00,1,8087.34,5,7682.97,5,Delivered,Wallet
O18645,C0418,P054,2024-01-16 0:00:00,2,7220.83,20,5776.66,9,Delivered,Wallet
O18646,C0419,P099,2025-08-19 0:00:00,2,8824.69,10,7942.22,7,DELIVERED,Card
O18647,C0486,P077,2024-05-13 0:00:00,2,3380.75,15,2873.64,6,Returned,Wallet
O18648,C0042,P046,2024-03-02 0:00:00,4,3845.51,20,3076.41,12,delivered,UPI
O18649,C0413,P074,2023-04-18 0:00:00,5,532.02,20,425.62,11,Cancelled,Card
O18650,C0160,P007,2025-12-24 0:00:00,1,9214.66,15,7832.46,4,Delivered,UPI
O18651,C0465,P096,2026-03-16 0:00:00,3,7001.99,15,5951.69,4,DELIVERED,Wallet
O18652,C0138,P046,2025-08-14 0:00:00,3,4278.76,5,4064.82,10,delivered,Wallet
O18653,C0439,P043,2025-03-08 0:00:00,3,1161.86,20,929.49,1,delivered,COD
O18654,C0366,P017,2025-02-16 0:00:00,4,1378.18,15,1171.45,6,delivered,Card
O18655,C0458,P018,2025-10-12 0:00:00,1,6337.45,0,6337.45,1,Returned,Wallet
O18656,C0256,P030,2024-06-13 0:00:00,3,5005.12,20,4004.1,9,Delivered,Wallet
O18657,C0374,P042,2025-04-18 0:00:00,4,790.35,20,632.28,9,Delivered,Card
O18658,C0195,P063,2024-05-03 0:00:00,3,2574.45,15,2188.28,12,Cancelled,Wallet
O18659,C0147,P027,2023-09-06 0:00:00,1,7871.61,15,6690.87,10,Cancelled,UPI
O18660,C0121,P002,2024-03-09 0:00:00,3,1321.37,10,1189.23,5,Returned,Wallet
O18661,C0317,P088,2024-03-24 0:00:00,4,4635.89,10,4172.3,6,Cancelled,Card
O18662,C0265,P064,2023-12-24 0:00:00,4,5083.78,15,4321.21,1,Cancelled,Wallet
O18663,C0144,P090,2024-06-11 0:00:00,3,8044.14,0,8044.14,3,Returned,Card
O18664,C0500,P092,2025-09-23 0:00:00,3,5830.7,20,4664.56,2,Delivered,Card
O18665,C0028,P090,2025-07-23 0:00:00,3,4679.08,10,4211.17,3,Returned,Wallet
O18666,C0379,P053,2025-02-23 0:00:00,3,3690.75,0,3690.75,10,DELIVERED,UPI
O18667,C0017,P067,2023-04-11 0:00:00,1,503.87,10,453.48,7,Cancelled,Wallet
O18668,C0178,P008,2024-05-28 0:00:00,1,2299.22,15,1954.34,6,Cancelled,Wallet
O18669,C0362,P028,2025-02-27 0:00:00,5,6387.09,20,5109.67,8,DELIVERED,Wallet
O18670,C0159,P065,2023-09-06 0:00:00,2,8264.92,20,6611.94,10,Delivered,UPI
O18671,C0320,P015,2025-10-07 0:00:00,5,1150.89,0,1150.89,7,Cancelled,Card
O18672,C0028,P095,2024-09-25 0:00:00,2,6434.14,5,6112.43,3,DELIVERED,UPI
O18673,C0275,P020,2024-03-11 0:00:00,2,2768.92,5,2630.47,7,Returned,Card
O18674,C0138,P064,2024-02-25 0:00:00,1,6091.9,5,5787.3,11,Returned,Card
O18675,C0343,P004,2026-02-27 0:00:00,4,5534.3,10,4980.87,5,DELIVERED,Wallet
O18676,C0226,P076,2023-10-14 0:00:00,5,8157.41,15,6933.8,11,delivered,Card
O18677,C0477,P094,2025-04-28 0:00:00,3,2791.94,15,2373.15,1,delivered,Wallet
O18678,C0281,P070,2024-02-02 0:00:00,3,2397.15,0,2397.15,11,DELIVERED,UPI
O18679,C0204,P006,2023-01-08 0:00:00,3,2512.02,5,2386.42,3,Cancelled,Wallet
O18680,C0430,P091,2025-07-11 0:00:00,5,4231.63,15,3596.89,7,Returned,COD
O18681,C0008,P023,2024-11-22 0:00:00,5,4954.03,10,4458.63,11,DELIVERED,Wallet
O18682,C0001,P078,2024-11-25 0:00:00,1,3946.15,15,3354.23,7,Delivered,Wallet
O18683,C0084,P080,2024-03-08 0:00:00,2,6992.08,10,6292.87,2,DELIVERED,UPI
O18684,C0119,P038,2024-02-03 0:00:00,4,792.97,10,713.67,7,Delivered,Wallet
O18685,C0406,P040,2023-11-03 0:00:00,2,6601.41,15,5611.2,8,DELIVERED,Wallet
O18686,C0229,P011,2026-03-26 0:00:00,3,5200.38,15,4420.32,6,DELIVERED,Card
O18687,C0165,P011,2026-02-09 0:00:00,1,3362.84,5,3194.7,11,delivered,UPI
O18688,C0266,P095,2024-07-24 0:00:00,2,4778.14,10,4300.33,4,DELIVERED,Wallet
O18689,C0327,P071,2024-12-26 0:00:00,3,2284.46,5,2170.24,2,DELIVERED,COD
O18690,C0496,P039,2025-02-13 0:00:00,5,4885.04,5,4640.79,1,Returned,Card
O18691,C0389,P057,2025-03-25 0:00:00,2,6962.58,0,6962.58,9,delivered,COD
O18692,C0073,P072,2024-07-28 0:00:00,3,9025.63,0,9025.63,11,Delivered,COD
O18693,C0375,P082,2023-10-20 0:00:00,4,8865.32,10,7978.79,8,delivered,Card
O18694,C0217,P087,2024-09-14 0:00:00,2,5217.06,0,5217.06,1,DELIVERED,UPI
O18695,C0276,P024,2025-06-21 0:00:00,1,5309.18,5,5043.72,11,delivered,Wallet
O18696,C0294,P067,2023-01-30 0:00:00,1,7121.96,20,5697.57,4,Returned,UPI
O18697,C0063,P013,2023-03-24 0:00:00,5,2367.65,20,1894.12,5,DELIVERED,Card
O18698,C0386,P015,2025-10-22 0:00:00,3,8464.12,0,8464.12,5,delivered,Wallet
O18699,C0150,P073,2023-10-04 0:00:00,1,3469.64,15,2949.19,12,Returned,Card
O18700,C0100,P045,2023-11-30 0:00:00,5,8096.56,10,7286.9,5,Cancelled,UPI
O18701,C0354,P067,2023-08-20 0:00:00,2,9303.89,0,9303.89,9,delivered,Wallet
O18702,C0317,P090,2023-03-07 0:00:00,2,987.91,15,839.72,3,DELIVERED,Wallet
O18703,C0423,P043,2024-12-23 0:00:00,3,3583.21,0,3583.21,7,Delivered,Wallet
O18704,C0406,P015,2024-05-05 0:00:00,1,7586.11,5,7206.8,4,Delivered,Wallet
O18705,C0301,P027,2024-05-13 0:00:00,3,7067.4,0,7067.4,5,Cancelled,COD
O18706,C0205,P010,2026-02-20 0:00:00,5,8339.96,5,7922.96,4,DELIVERED,COD
O18707,C0440,P038,2024-12-03 0:00:00,5,9179.84,20,7343.87,12,DELIVERED,UPI
O18708,C0132,P073,2023-08-16 0:00:00,3,7972.06,15,6776.25,5,delivered,Wallet
O18709,C0453,P027,2025-10-01 0:00:00,2,7787.54,15,6619.41,4,DELIVERED,Card
O18710,C0364,P019,2025-06-13 0:00:00,1,5300.28,0,5300.28,10,delivered,Wallet
O18711,C0425,P087,2024-10-21 0:00:00,1,5260.84,5,4997.8,4,Cancelled,Wallet
O18712,C0383,P078,2023-01-18 0:00:00,3,7316.23,0,7316.23,3,Delivered,Wallet
O18713,C0304,P097,2025-01-01 0:00:00,3,9061.6,0,9061.6,4,Delivered,Card
O18714,C0019,P095,2025-07-06 0:00:00,1,3926.07,15,3337.16,1,Delivered,UPI
O18715,C0480,P075,2023-05-02 0:00:00,4,2320.97,15,1972.82,11,DELIVERED,Card
O18716,C0080,P022,2024-10-30 0:00:00,1,3861.97,10,3475.77,9,delivered,Wallet
O18717,C0073,P099,2025-09-13 0:00:00,4,7862.64,10,7076.38,5,delivered,COD
O18718,C0446,P063,2024-04-05 0:00:00,3,4265.96,15,3626.07,6,Delivered,Wallet
O18719,C0420,P058,2023-12-06 0:00:00,2,8923.87,5,8477.68,7,DELIVERED,UPI
O18720,C0165,P087,2025-03-14 0:00:00,4,2067.47,10,1860.72,9,delivered,COD
O18721,C0395,P007,2024-12-12 0:00:00,4,4689.22,0,4689.22,12,Returned,COD
O18722,C0439,P011,2024-01-29 0:00:00,1,9034.44,15,7679.27,8,delivered,Card
O18723,C0244,P096,2023-08-31 0:00:00,3,3584.61,10,3226.15,2,Returned,COD
O18724,C0150,P055,2024-03-04 0:00:00,2,7660.78,10,6894.7,3,Delivered,Wallet
O18725,C0250,P014,2024-03-12 0:00:00,3,1339.81,0,1339.81,9,delivered,COD
O18726,C0037,P027,2023-03-19 0:00:00,1,8058.65,10,7252.78,11,Delivered,COD
O18727,C0120,P034,2023-01-14 0:00:00,1,8903.35,0,8903.35,8,Returned,UPI
O18728,C0319,P090,2023-05-05 0:00:00,2,3398.45,20,2718.76,5,delivered,Wallet
O18729,C0076,P015,2023-04-14 0:00:00,1,8843.88,15,7517.3,3,delivered,Card
O18730,C0189,P095,2023-07-25 0:00:00,3,9757.91,5,9270.01,6,Returned,UPI
O18731,C0288,P049,2025-03-14 0:00:00,3,8040.69,0,8040.69,7,Delivered,COD
O18732,C0220,P019,2026-04-08 0:00:00,4,7592.33,20,6073.86,7,Cancelled,COD
O18733,C0364,P040,2025-03-06 0:00:00,5,8029.77,5,7628.28,10,Delivered,Wallet
O18734,C0224,P026,2025-09-08 0:00:00,5,892.5,20,714,5,Returned,Wallet
O18735,C0361,P081,2026-03-15 0:00:00,5,8491.65,10,7642.48,4,delivered,Card
O18736,C0358,P005,2024-07-31 0:00:00,5,6482.31,15,5509.96,6,delivered,UPI
O18737,C0250,P016,2023-11-17 0:00:00,3,893.43,5,848.76,1,Cancelled,Wallet
O18738,C0023,P047,2024-06-05 0:00:00,1,2543.54,0,2543.54,7,DELIVERED,Wallet
O18739,C0126,P086,2026-01-24 0:00:00,2,3641.06,15,3094.9,4,DELIVERED,Wallet
O18740,C0293,P022,2024-01-29 0:00:00,1,4415.73,10,3974.16,7,Delivered,Wallet
O18741,C0462,P004,2023-11-08 0:00:00,1,7474.73,0,7474.73,9,Delivered,COD
O18742,C0409,P055,2024-08-29 0:00:00,5,1597.64,10,1437.88,11,DELIVERED,Wallet
O18743,C0433,P091,2025-06-30 0:00:00,1,9316.87,15,7919.34,12,DELIVERED,COD
O18744,C0285,P060,2023-01-13 0:00:00,1,7861.39,20,6289.11,3,Delivered,UPI
O18745,C0011,P077,2024-05-01 0:00:00,3,3828.42,5,3637,12,Cancelled,Wallet
O18746,C0077,P091,2025-03-21 0:00:00,5,7257.85,20,5806.28,10,delivered,Card
O18747,C0214,P004,2023-02-27 0:00:00,2,3950.25,10,3555.22,1,delivered,UPI
O18748,C0441,P068,2024-01-24 0:00:00,3,3559.57,15,3025.63,2,DELIVERED,Card
O18749,C0286,P008,2023-09-06 0:00:00,4,8942.8,20,7154.24,12,Delivered,Wallet
O18750,C0221,P062,2025-04-21 0:00:00,2,2967.04,10,2670.34,3,DELIVERED,Card
O18751,C0151,P059,2025-09-11 0:00:00,4,7685.06,20,6148.05,12,Returned,Wallet
O18752,C0500,P100,2025-03-20 0:00:00,3,8974.49,0,8974.49,2,DELIVERED,Card
O18753,C0249,P011,2023-03-05 0:00:00,3,9396.68,5,8926.85,10,Cancelled,Wallet
O18754,C0440,P038,2023-11-26 0:00:00,5,4157,10,3741.3,10,delivered,Wallet
O18755,C0220,P088,2024-12-02 0:00:00,1,8585.44,0,8585.44,7,Cancelled,Wallet
O18756,C0407,P044,2024-03-02 0:00:00,1,9871.14,20,7896.91,3,DELIVERED,COD
O18757,C0109,P016,2025-03-26 0:00:00,4,2770.6,10,2493.54,1,Cancelled,Card
O18758,C0138,P040,2024-03-25 0:00:00,5,3512.65,0,3512.65,1,Delivered,UPI
O18759,C0052,P010,2025-11-30 0:00:00,1,1831.93,20,1465.54,8,DELIVERED,COD
O18760,C0494,P055,2024-07-16 0:00:00,2,4442.35,15,3776,5,delivered,Wallet
O18761,C0271,P095,2024-01-13 0:00:00,5,9265.61,0,9265.61,4,Delivered,Card
O18762,C0021,P038,2025-07-16 0:00:00,4,8868.24,10,7981.42,9,Cancelled,Card
O18763,C0346,P050,2023-06-26 0:00:00,2,6187.9,0,6187.9,12,DELIVERED,COD
O18764,C0275,P073,2025-06-18 0:00:00,4,8648.94,10,7784.05,9,delivered,UPI
O18765,C0490,P054,2023-11-06 0:00:00,3,5046.92,10,4542.23,11,Returned,UPI
O18766,C0432,P067,2024-05-18 0:00:00,2,6890.49,15,5856.92,2,Delivered,UPI
O18767,C0324,P042,2025-01-28 0:00:00,1,4465.48,0,4465.48,1,DELIVERED,COD
O18768,C0466,P098,2025-11-22 0:00:00,4,3584.36,0,3584.36,4,Delivered,Card
O18769,C0368,P051,2024-07-19 0:00:00,4,6898.81,15,5863.99,9,Delivered,Card
O18770,C0471,P019,2024-07-05 0:00:00,2,9820.8,0,9820.8,6,delivered,Wallet
O18771,C0352,P079,2024-06-20 0:00:00,3,9846.55,15,8369.57,1,DELIVERED,UPI
O18772,C0053,P055,2025-12-07 0:00:00,5,531.59,10,478.43,1,Returned,Card
O18773,C0166,P065,2026-03-21 0:00:00,1,8910.79,10,8019.71,9,Returned,COD
O18774,C0215,P017,2026-01-23 0:00:00,1,3344.41,10,3009.97,5,delivered,Wallet
O18775,C0230,P024,2025-05-28 0:00:00,5,8661.52,10,7795.37,4,delivered,UPI
O18776,C0410,P038,2024-06-09 0:00:00,3,1410.66,10,1269.59,3,delivered,Wallet
O18777,C0068,P097,2025-11-05 0:00:00,3,8125.8,20,6500.64,6,Delivered,UPI
O18778,C0288,P002,2025-03-11 0:00:00,3,3995.99,10,3596.39,11,Delivered,Card
O18779,C0180,P073,2025-02-22 0:00:00,5,6003.37,20,4802.7,7,DELIVERED,Wallet
O18780,C0059,P039,2024-11-05 0:00:00,1,4546.51,10,4091.86,12,Delivered,UPI
O18781,C0217,P079,2025-07-19 0:00:00,5,4509.5,5,4284.02,2,Returned,COD
O18782,C0229,P091,2025-04-14 0:00:00,5,7978.91,5,7579.96,12,Returned,Wallet
O18783,C0405,P093,2025-11-08 0:00:00,1,2360.67,0,2360.67,1,Cancelled,COD
O18784,C0065,P085,2025-03-14 0:00:00,2,5557.99,0,5557.99,6,DELIVERED,Card
O18785,C0311,P055,2023-11-26 0:00:00,3,4513.9,5,4288.2,8,DELIVERED,COD
O18786,C0372,P038,2024-10-23 0:00:00,1,3267.02,15,2776.97,6,delivered,UPI
O18787,C0303,P065,2023-05-31 0:00:00,5,4421.21,15,3758.03,9,Returned,Card
O18788,C0215,P028,2023-10-02 0:00:00,5,7207.74,10,6486.97,1,Returned,Card
O18789,C0209,P062,2025-02-05 0:00:00,3,1872.26,20,1497.81,4,delivered,UPI
O18790,C0009,P002,2024-01-11 0:00:00,2,6894.18,0,6894.18,2,Delivered,Card
O18791,C0258,P004,2025-08-18 0:00:00,4,3856.57,0,3856.57,9,delivered,UPI
O18792,C0008,P026,2025-07-25 0:00:00,4,1508.2,0,1508.2,8,Returned,Card
O18793,C0453,P099,2023-09-28 0:00:00,3,7831.27,15,6656.58,2,Returned,UPI
O18794,C0074,P043,2024-03-26 0:00:00,1,6115.56,0,6115.56,10,DELIVERED,Wallet
O18795,C0103,P052,2026-01-09 0:00:00,3,746.14,20,596.91,1,Returned,UPI
O18796,C0194,P015,2025-10-29 0:00:00,5,5288.02,10,4759.22,2,delivered,Card
O18797,C0011,P085,2024-01-24 0:00:00,2,9535.84,0,9535.84,1,delivered,Card
O18798,C0068,P036,2023-02-08 0:00:00,1,8606.2,5,8175.89,8,Returned,Wallet
O18799,C0150,P057,2024-12-03 0:00:00,5,7141.19,0,7141.19,7,DELIVERED,Card
O18800,C0097,P011,2023-01-16 0:00:00,5,2862.84,20,2290.27,3,delivered,Card
O18801,C0343,P081,2024-03-30 0:00:00,3,6599.29,5,6269.33,9,Returned,Card
O18802,C0148,P074,2026-04-03 0:00:00,4,7789.95,20,6231.96,8,Delivered,UPI
O18803,C0438,P081,2024-07-10 0:00:00,5,9115.85,0,9115.85,9,Cancelled,UPI
O18804,C0120,P037,2023-11-05 0:00:00,1,7301.04,20,5840.83,3,delivered,COD
O18805,C0500,P044,2023-08-31 0:00:00,3,9936.57,20,7949.26,3,DELIVERED,Card
O18806,C0375,P097,2024-07-13 0:00:00,2,5946.92,10,5352.23,12,DELIVERED,Card
O18807,C0224,P068,2023-12-21 0:00:00,4,9191.38,10,8272.24,6,delivered,Card
O18808,C0354,P010,2025-12-27 0:00:00,5,4376.39,0,4376.39,7,DELIVERED,Wallet
O18809,C0318,P086,2026-01-02 0:00:00,2,5407.06,10,4866.35,10,Delivered,Wallet
O18810,C0423,P073,2024-12-31 0:00:00,2,1210.61,20,968.49,6,Cancelled,COD
O18811,C0472,P039,2023-04-06 0:00:00,4,1623.03,10,1460.73,5,DELIVERED,UPI
O18812,C0033,P070,2023-01-24 0:00:00,1,9845.04,0,9845.04,8,Delivered,Card
O18813,C0133,P092,2024-08-12 0:00:00,3,5416.79,20,4333.43,9,Returned,Wallet
O18814,C0302,P075,2024-11-15 0:00:00,5,6987.68,20,5590.14,8,Returned,UPI
O18815,C0291,P026,2023-05-23 0:00:00,3,9383.6,10,8445.24,9,Cancelled,Card
O18816,C0085,P006,2023-08-24 0:00:00,4,9857.53,5,9364.65,6,Delivered,Wallet
O18817,C0210,P009,2025-10-08 0:00:00,3,3836.02,5,3644.22,3,DELIVERED,COD
O18818,C0137,P022,2025-08-05 0:00:00,5,6577.93,20,5262.34,4,Cancelled,Wallet
O18819,C0372,P083,2024-12-14 0:00:00,3,5425.26,15,4611.47,10,Returned,UPI
O18820,C0425,P058,2025-11-19 0:00:00,5,7167.94,5,6809.54,3,Returned,UPI
O18821,C0380,P074,2025-09-09 0:00:00,1,1687.15,20,1349.72,7,DELIVERED,Card
O18822,C0084,P068,2024-12-23 0:00:00,1,8820.15,5,8379.14,10,Cancelled,Card
O18823,C0118,P085,2025-11-23 0:00:00,1,3478.43,15,2956.67,10,DELIVERED,Card
O18824,C0184,P043,2025-08-03 0:00:00,1,1707.25,15,1451.16,1,Returned,Card
O18825,C0184,P090,2024-11-17 0:00:00,1,1343.15,15,1141.68,1,Returned,COD
O18826,C0289,P090,2024-11-27 0:00:00,2,606.91,15,515.87,5,DELIVERED,UPI
O18827,C0054,P076,2024-02-24 0:00:00,4,5964.34,15,5069.69,12,delivered,Wallet
O18828,C0278,P087,2025-01-30 0:00:00,3,3032.41,20,2425.93,9,Returned,UPI
O18829,C0253,P003,2025-05-29 0:00:00,4,1066.7,5,1013.37,1,Delivered,Wallet
O18830,C0083,P053,2023-05-29 0:00:00,5,9344.15,15,7942.53,12,Cancelled,UPI
O18831,C0386,P016,2023-08-07 0:00:00,3,3588.51,5,3409.08,11,Cancelled,Wallet
O18832,C0236,P074,2024-02-01 0:00:00,2,3281.29,0,3281.29,9,Returned,UPI
O18833,C0495,P011,2024-02-04 0:00:00,5,2075.78,15,1764.41,12,Delivered,Wallet
O18834,C0239,P053,2025-07-09 0:00:00,3,9128.55,5,8672.12,2,delivered,COD
O18835,C0059,P017,2023-11-18 0:00:00,2,729.79,20,583.83,9,Cancelled,Card
O18836,C0031,P086,2025-05-30 0:00:00,5,8240.85,20,6592.68,9,delivered,Wallet
O18837,C0084,P001,2025-09-17 0:00:00,5,4199.93,20,3359.94,9,Returned,UPI
O18838,C0260,P090,2025-12-14 0:00:00,3,8793.96,5,8354.26,12,Returned,UPI
O18839,C0088,P042,2024-03-26 0:00:00,3,1620.28,0,1620.28,7,DELIVERED,UPI
O18840,C0024,P028,2024-09-25 0:00:00,1,7989.78,15,6791.31,9,Returned,UPI
O18841,C0009,P045,2023-10-03 0:00:00,2,2415.57,0,2415.57,8,Delivered,Card
O18842,C0427,P042,2024-06-16 0:00:00,5,4641.98,15,3945.68,9,DELIVERED,Card
O18843,C0115,P058,2025-04-18 0:00:00,5,8092.33,5,7687.71,3,DELIVERED,Card
O18844,C0485,P025,2024-09-06 0:00:00,3,6031.14,20,4824.91,12,Delivered,Card
O18845,C0026,P093,2026-03-18 0:00:00,3,6709.31,20,5367.45,9,Delivered,Wallet
O18846,C0337,P019,2025-12-21 0:00:00,1,7910.93,20,6328.74,5,delivered,Card
O18847,C0404,P061,2023-01-04 0:00:00,4,9023.13,10,8120.82,5,Returned,UPI
O18848,C0243,P080,2025-06-21 0:00:00,4,8554.87,15,7271.64,7,DELIVERED,Card
O18849,C0122,P018,2024-05-26 0:00:00,1,1176.22,0,1176.22,2,Delivered,UPI
O18850,C0376,P020,2023-01-14 0:00:00,5,2058.82,0,2058.82,12,Cancelled,Card
O18851,C0013,P025,2023-09-16 0:00:00,5,891.62,15,757.88,2,Delivered,UPI
O18852,C0138,P033,2024-10-29 0:00:00,4,9198.66,10,8278.79,1,Delivered,Wallet
O18853,C0349,P058,2025-01-19 0:00:00,3,9081.81,5,8627.72,2,Delivered,Wallet
O18854,C0132,P075,2025-04-25 0:00:00,1,9545.58,15,8113.74,10,Returned,Wallet
O18855,C0382,P023,2023-11-10 0:00:00,1,2982.75,5,2833.61,10,delivered,Card
O18856,C0461,P090,2025-07-23 0:00:00,4,7944.24,0,7944.24,11,Cancelled,COD
O18857,C0402,P006,2024-05-04 0:00:00,2,8491.93,15,7218.14,2,DELIVERED,Wallet
O18858,C0278,P002,2024-02-07 0:00:00,2,3142.88,15,2671.45,6,Cancelled,Wallet
O18859,C0414,P011,2025-08-13 0:00:00,4,8046.71,5,7644.37,12,Delivered,Card
O18860,C0252,P068,2023-06-19 0:00:00,5,9565.21,15,8130.43,12,Cancelled,Wallet
O18861,C0036,P034,2024-04-07 0:00:00,4,2944.1,15,2502.48,8,Delivered,Card
O18862,C0469,P016,2023-12-03 0:00:00,5,8316.71,10,7485.04,9,Returned,Card
O18863,C0299,P095,2023-10-19 0:00:00,5,1985.05,5,1885.8,1,Cancelled,COD
O18864,C0256,P089,2025-05-10 0:00:00,3,4992.96,0,4992.96,12,Cancelled,Wallet
O18865,C0007,P033,2023-06-21 0:00:00,2,2615.27,15,2222.98,4,delivered,Card
O18866,C0413,P072,2024-01-15 0:00:00,2,7104.83,15,6039.11,10,delivered,Card
O18867,C0320,P057,2025-04-24 0:00:00,2,4245.29,10,3820.76,9,DELIVERED,Wallet
O18868,C0027,P038,2025-02-08 0:00:00,2,5334.39,10,4800.95,4,delivered,Card
O18869,C0410,P030,2023-11-11 0:00:00,4,4908.88,20,3927.1,2,Cancelled,UPI
O18870,C0210,P010,2023-08-29 0:00:00,2,3870.22,5,3676.71,11,Delivered,Wallet
O18871,C0232,P005,2024-04-04 0:00:00,3,3567.95,5,3389.55,4,delivered,COD
O18872,C0435,P005,2025-06-14 0:00:00,5,4443.2,15,3776.72,11,DELIVERED,Wallet
O18873,C0012,P026,2025-02-20 0:00:00,2,9611.63,5,9131.05,2,Returned,Wallet
O18874,C0426,P024,2026-04-05 0:00:00,5,1673.73,15,1422.67,2,delivered,COD
O18875,C0402,P099,2023-07-09 0:00:00,2,835.24,10,751.72,7,Delivered,Wallet
O18876,C0457,P025,2023-05-16 0:00:00,1,9681.95,0,9681.95,1,Returned,Wallet
O18877,C0475,P089,2025-03-19 0:00:00,5,7290.98,10,6561.88,6,Delivered,COD
O18878,C0062,P088,2025-01-12 0:00:00,1,2472.62,20,1978.1,11,Delivered,UPI
O18879,C0197,P029,2025-10-30 0:00:00,3,5915.68,0,5915.68,5,DELIVERED,Card
O18880,C0264,P087,2024-08-18 0:00:00,3,6794.32,20,5435.46,11,Returned,Card
O18881,C0003,P072,2023-10-22 0:00:00,3,2838.92,10,2555.03,1,delivered,Wallet
O18882,C0498,P086,2024-08-23 0:00:00,1,4228.46,10,3805.61,8,Delivered,Card
O18883,C0187,P022,2026-01-03 0:00:00,4,3785.75,5,3596.46,10,Returned,COD
O18884,C0395,P038,2025-06-21 0:00:00,2,2002.9,10,1802.61,12,Delivered,Wallet
O18885,C0419,P069,2025-10-03 0:00:00,1,3984.77,20,3187.82,5,DELIVERED,COD
O18886,C0189,P003,2025-07-25 0:00:00,1,2595.71,5,2465.92,9,Delivered,Wallet
O18887,C0345,P007,2025-08-10 0:00:00,4,5879.52,20,4703.62,10,Returned,Wallet
O18888,C0322,P018,2025-09-17 0:00:00,5,9052.76,20,7242.21,3,Delivered,Wallet
O18889,C0008,P041,2023-08-25 0:00:00,3,640.04,10,576.04,1,Cancelled,Wallet
O18890,C0224,P020,2023-12-23 0:00:00,2,6847.67,15,5820.52,9,Delivered,Wallet
O18891,C0390,P100,2023-04-28 0:00:00,5,3151.63,10,2836.47,11,DELIVERED,Wallet
O18892,C0034,P091,2023-06-19 0:00:00,5,4607.61,0,4607.61,1,Returned,Card
O18893,C0198,P022,2023-08-05 0:00:00,3,6617.21,0,6617.21,8,Cancelled,Wallet
O18894,C0393,P011,2023-02-02 0:00:00,4,8019.15,10,7217.23,2,Returned,Wallet
O18895,C0051,P083,2024-08-19 0:00:00,1,7954.88,5,7557.14,12,delivered,UPI
O18896,C0490,P034,2026-02-09 0:00:00,4,6247.04,15,5309.98,6,Delivered,UPI
O18897,C0060,P054,2024-12-31 0:00:00,2,3072.15,20,2457.72,3,Cancelled,Card
O18898,C0094,P046,2025-03-10 0:00:00,5,9988.78,20,7991.02,5,DELIVERED,Card
O18899,C0173,P033,2023-07-29 0:00:00,5,9107.66,15,7741.51,1,Cancelled,Wallet
O18900,C0491,P020,2024-10-09 0:00:00,5,8253.29,10,7427.96,4,delivered,Card
O18901,C0069,P099,2024-05-31 0:00:00,3,8228.69,5,7817.26,1,Delivered,Wallet
O18902,C0115,P085,2023-04-20 0:00:00,5,5805.33,10,5224.8,10,Returned,UPI
O18903,C0175,P041,2025-02-19 0:00:00,2,2524.83,5,2398.59,8,delivered,COD
O18904,C0111,P027,2024-12-07 0:00:00,1,5994.45,5,5694.73,10,delivered,UPI
O18905,C0055,P048,2025-02-26 0:00:00,1,9660.15,0,9660.15,8,delivered,Wallet
O18906,C0281,P027,2024-03-21 0:00:00,2,2252.1,5,2139.49,11,Returned,Wallet
O18907,C0429,P048,2025-11-16 0:00:00,5,2657.46,20,2125.97,2,Cancelled,Card
O18908,C0074,P036,2023-01-21 0:00:00,3,9979.25,5,9480.29,5,Cancelled,Wallet
O18909,C0270,P021,2023-11-11 0:00:00,5,2414.87,20,1931.9,2,Cancelled,Card
O18910,C0158,P076,2024-05-14 0:00:00,4,2582.31,10,2324.08,5,Returned,Wallet
O18911,C0280,P019,2025-08-26 0:00:00,4,3580.09,15,3043.08,7,delivered,UPI
O18912,C0067,P013,2025-05-30 0:00:00,1,1849.08,10,1664.17,5,Returned,Card
O18913,C0316,P012,2025-08-16 0:00:00,3,3127.05,20,2501.64,3,Cancelled,COD
O18914,C0393,P077,2024-08-04 0:00:00,3,3388.33,15,2880.08,5,Delivered,UPI
O18915,C0092,P032,2025-11-04 0:00:00,4,4880.4,5,4636.38,10,Delivered,UPI
O18916,C0079,P034,2023-05-06 0:00:00,4,1691.05,20,1352.84,10,Returned,Wallet
O18917,C0039,P032,2023-07-13 0:00:00,4,3813.59,5,3622.91,6,Delivered,COD
O18918,C0011,P066,2024-12-07 0:00:00,4,4486.47,10,4037.82,6,Returned,COD
O18919,C0486,P046,2023-05-07 0:00:00,3,1959.36,20,1567.49,9,Cancelled,COD
O18920,C0462,P017,2026-01-20 0:00:00,2,7362.13,5,6994.02,5,delivered,Wallet
O18921,C0044,P069,2024-10-24 0:00:00,1,3403.98,0,3403.98,8,Returned,Card
O18922,C0379,P012,2025-03-08 0:00:00,1,6237.75,15,5302.09,2,Returned,Wallet
O18923,C0018,P042,2023-06-26 0:00:00,3,2797.6,20,2238.08,3,DELIVERED,Wallet
O18924,C0052,P089,2024-10-19 0:00:00,2,1392.64,20,1114.11,7,DELIVERED,Card
O18925,C0222,P084,2025-09-24 0:00:00,1,9009.5,15,7658.07,7,Returned,Wallet
O18926,C0101,P099,2025-07-30 0:00:00,1,5140.62,20,4112.5,3,Returned,Wallet
O18927,C0463,P024,2024-07-23 0:00:00,3,8591.45,20,6873.16,2,Returned,Wallet
O18928,C0495,P067,2023-03-05 0:00:00,1,3936.56,10,3542.9,4,Delivered,COD
O18929,C0114,P096,2023-08-19 0:00:00,1,9801.02,15,8330.87,8,Cancelled,Wallet
O18930,C0420,P011,2023-12-10 0:00:00,2,1633.74,20,1306.99,11,Returned,UPI
O18931,C0001,P003,2024-08-24 0:00:00,5,2405.69,20,1924.55,7,DELIVERED,Wallet
O18932,C0250,P024,2025-01-01 0:00:00,4,9625.25,5,9143.99,1,Cancelled,UPI
O18933,C0107,P052,2024-02-29 0:00:00,4,9301.66,0,9301.66,6,Returned,COD
O18934,C0143,P045,2024-04-29 0:00:00,2,3261.04,20,2608.83,6,Delivered,Wallet
O18935,C0098,P019,2024-11-18 0:00:00,1,9832.37,10,8849.13,10,Delivered,Wallet
O18936,C0099,P006,2024-08-27 0:00:00,1,4572.1,5,4343.49,1,Delivered,COD
O18937,C0378,P008,2024-04-09 0:00:00,5,9266.98,10,8340.28,11,Delivered,Wallet
O18938,C0068,P060,2024-08-13 0:00:00,4,5358.5,15,4554.72,8,DELIVERED,UPI
O18939,C0120,P055,2026-02-07 0:00:00,2,6407.58,10,5766.82,11,Returned,Wallet
O18940,C0174,P071,2023-03-18 0:00:00,3,9356.26,20,7485.01,5,delivered,Wallet
O18941,C0285,P021,2024-12-26 0:00:00,3,6803.06,5,6462.91,5,delivered,UPI
O18942,C0298,P092,2023-03-29 0:00:00,1,9206.51,10,8285.86,2,Cancelled,Wallet
O18943,C0434,P035,2025-09-13 0:00:00,2,7803.04,15,6632.58,6,Returned,Wallet
O18944,C0083,P066,2026-04-06 0:00:00,5,6561.79,0,6561.79,3,delivered,UPI
O18945,C0300,P027,2023-08-09 0:00:00,5,3216.22,10,2894.6,12,Returned,COD
O18946,C0027,P052,2024-12-24 0:00:00,4,2539.66,5,2412.68,12,Delivered,COD
O18947,C0287,P064,2024-07-23 0:00:00,3,7992.44,20,6393.95,2,Delivered,UPI
O18948,C0089,P015,2023-02-25 0:00:00,4,9377.8,15,7971.13,7,Returned,UPI
O18949,C0176,P066,2025-09-23 0:00:00,2,4575.32,15,3889.02,5,Returned,UPI
O18950,C0283,P025,2023-06-10 0:00:00,3,3992.25,20,3193.8,8,Delivered,Wallet
O18951,C0192,P041,2023-12-24 0:00:00,1,7873.45,10,7086.1,8,Cancelled,Wallet
O18952,C0308,P049,2025-09-10 0:00:00,2,8066.04,20,6452.83,9,Returned,UPI
O18953,C0024,P013,2024-08-24 0:00:00,1,9356.76,15,7953.25,3,DELIVERED,Card
O18954,C0053,P079,2023-01-08 0:00:00,3,9314.34,20,7451.47,4,Returned,Card
O18955,C0145,P051,2023-11-24 0:00:00,3,1403.74,10,1263.37,7,Cancelled,Wallet
O18956,C0116,P027,2023-10-10 0:00:00,2,2511.55,20,2009.24,6,Cancelled,UPI
O18957,C0441,P099,2023-07-20 0:00:00,4,4966.34,5,4718.02,11,delivered,UPI
O18958,C0003,P020,2023-07-09 0:00:00,1,7259.22,10,6533.3,4,Cancelled,Card
O18959,C0124,P081,2026-03-28 0:00:00,2,3876.32,0,3876.32,3,delivered,Wallet
O18960,C0048,P004,2023-09-09 0:00:00,4,6538.3,20,5230.64,9,Delivered,Wallet
O18961,C0063,P088,2023-09-21 0:00:00,5,9859.17,0,9859.17,7,delivered,COD
O18962,C0304,P062,2023-12-20 0:00:00,3,7135.55,10,6421.99,2,DELIVERED,Wallet
O18963,C0122,P092,2024-11-07 0:00:00,3,8254.41,0,8254.41,5,delivered,Wallet
O18964,C0301,P014,2025-10-12 0:00:00,5,7122.43,10,6410.19,12,delivered,Wallet
O18965,C0374,P055,2025-01-31 0:00:00,4,3194.41,15,2715.25,9,Delivered,UPI
O18966,C0164,P038,2025-10-02 0:00:00,1,1421.77,15,1208.5,8,Returned,Card
O18967,C0158,P081,2025-01-04 0:00:00,5,7030.98,15,5976.33,12,delivered,Wallet
O18968,C0053,P013,2025-12-31 0:00:00,1,4988.2,5,4738.79,1,Returned,Wallet
O18969,C0209,P007,2023-05-16 0:00:00,5,3190.29,20,2552.23,6,Cancelled,Card
O18970,C0008,P100,2025-05-18 0:00:00,1,5848.34,5,5555.92,5,delivered,UPI
O18971,C0415,P022,2023-06-13 0:00:00,2,1804.87,0,1804.87,5,Cancelled,Card
O18972,C0009,P082,2025-07-27 0:00:00,3,691.05,20,552.84,4,DELIVERED,Wallet
O18973,C0405,P040,2023-01-27 0:00:00,4,9164.13,10,8247.72,7,Cancelled,Wallet
O18974,C0195,P083,2024-03-19 0:00:00,2,2316.22,20,1852.98,4,Returned,Wallet
O18975,C0440,P042,2025-10-08 0:00:00,2,4032.63,10,3629.37,9,Cancelled,Wallet
O18976,C0189,P018,2024-05-16 0:00:00,3,7329.01,5,6962.56,5,Returned,COD
O18977,C0106,P051,2024-01-14 0:00:00,4,6099.92,0,6099.92,9,Returned,Card
O18978,C0234,P021,2023-04-18 0:00:00,1,4493.46,0,4493.46,11,Cancelled,Card
O18979,C0147,P084,2025-02-21 0:00:00,1,2630.97,10,2367.87,1,delivered,COD
O18980,C0458,P037,2023-09-06 0:00:00,3,6505.93,5,6180.63,8,delivered,UPI
O18981,C0290,P097,2024-02-23 0:00:00,4,2987.92,15,2539.73,11,DELIVERED,COD
O18982,C0357,P054,2023-07-13 0:00:00,1,8857.22,5,8414.36,6,Delivered,Card
O18983,C0072,P024,2023-02-03 0:00:00,2,2730.71,10,2457.64,2,DELIVERED,Wallet
O18984,C0073,P021,2024-06-12 0:00:00,4,696.79,10,627.11,10,DELIVERED,COD
O18985,C0150,P071,2024-06-27 0:00:00,4,7574.63,20,6059.7,8,Delivered,Card
O18986,C0488,P024,2024-04-05 0:00:00,4,9140.64,5,8683.61,9,DELIVERED,Wallet
O18987,C0339,P083,2024-08-08 0:00:00,5,5354.84,15,4551.61,10,Returned,Card
O18988,C0444,P098,2025-01-06 0:00:00,2,4641.86,20,3713.49,5,Cancelled,Card
O18989,C0137,P004,2023-01-12 0:00:00,5,6107.26,15,5191.17,6,DELIVERED,COD
O18990,C0357,P015,2025-05-22 0:00:00,4,6749.46,20,5399.57,9,Cancelled,Wallet
O18991,C0178,P085,2023-09-25 0:00:00,5,3027.03,5,2875.68,7,delivered,COD
O18992,C0467,P031,2023-09-17 0:00:00,3,8574.04,5,8145.34,4,delivered,Wallet
O18993,C0320,P036,2025-12-09 0:00:00,1,3311.65,5,3146.07,9,delivered,Wallet
O18994,C0340,P007,2026-04-11 0:00:00,2,2467.22,20,1973.78,8,Cancelled,UPI
O18995,C0235,P026,2024-02-08 0:00:00,4,5980.25,20,4784.2,1,Cancelled,Wallet
O18996,C0180,P084,2024-08-13 0:00:00,1,2734.03,15,2323.93,11,DELIVERED,COD
O18997,C0014,P053,2024-07-09 0:00:00,4,9128.64,0,9128.64,3,DELIVERED,Card
O18998,C0407,P022,2024-10-27 0:00:00,2,5967.37,15,5072.26,2,DELIVERED,Card
O18999,C0113,P072,2024-05-31 0:00:00,2,6290.59,15,5347,7,Cancelled,Wallet
O19000,C0274,P044,2023-02-26 0:00:00,5,3516.58,20,2813.26,2,DELIVERED,Wallet
O19001,C0046,P025,2023-04-27 0:00:00,2,7279.23,5,6915.27,7,Cancelled,UPI
O19002,C0167,P094,2023-10-18 0:00:00,4,3540.95,10,3186.86,3,Cancelled,Wallet
O19003,C0278,P071,2023-03-11 0:00:00,1,6888.99,20,5511.19,4,DELIVERED,Wallet
O19004,C0088,P062,2023-10-26 0:00:00,1,4281.83,0,4281.83,8,Delivered,Card
O19005,C0130,P031,2023-02-26 0:00:00,1,6774.34,20,5419.47,10,delivered,Wallet
O19006,C0023,P036,2023-11-25 0:00:00,5,5010.27,15,4258.73,4,Delivered,Wallet
O19007,C0296,P083,2024-06-27 0:00:00,5,2288.1,20,1830.48,11,DELIVERED,COD
O19008,C0340,P036,2026-01-22 0:00:00,3,7317.99,15,6220.29,2,Delivered,Wallet
O19009,C0026,P053,2025-02-23 0:00:00,3,1236.47,15,1051,8,delivered,Card
O19010,C0368,P049,2026-02-13 0:00:00,3,1551.31,15,1318.61,8,delivered,Wallet
O19011,C0493,P047,2023-10-22 0:00:00,1,1888.97,15,1605.62,10,delivered,Wallet
O19012,C0059,P059,2024-12-08 0:00:00,5,6929.64,5,6583.16,9,delivered,Card
O19013,C0457,P055,2024-07-16 0:00:00,1,1719.39,5,1633.42,9,Delivered,COD
O19014,C0063,P017,2023-07-26 0:00:00,4,1977.24,10,1779.52,1,DELIVERED,Card
O19015,C0193,P013,2024-02-11 0:00:00,2,2081.01,5,1976.96,11,Returned,COD
O19016,C0056,P024,2025-12-27 0:00:00,5,6663.25,5,6330.09,8,Returned,Wallet
O19017,C0368,P079,2024-09-14 0:00:00,4,2861.88,10,2575.69,2,Cancelled,Wallet
O19018,C0172,P080,2023-03-18 0:00:00,4,4329.54,10,3896.59,10,Returned,Wallet
O19019,C0303,P093,2023-02-23 0:00:00,4,6292.27,5,5977.66,8,DELIVERED,Wallet
O19020,C0245,P024,2023-01-09 0:00:00,4,5606.3,20,4485.04,11,Returned,Card
O19021,C0332,P045,2026-02-11 0:00:00,3,5342.87,10,4808.58,12,delivered,UPI
O19022,C0137,P058,2023-02-18 0:00:00,3,5380.9,0,5380.9,8,DELIVERED,Card
O19023,C0047,P065,2026-01-11 0:00:00,1,8172.77,5,7764.13,3,Delivered,UPI
O19024,C0445,P066,2025-03-11 0:00:00,2,8552.16,15,7269.34,9,Delivered,Card
O19025,C0332,P043,2023-12-19 0:00:00,3,1366.07,15,1161.16,1,Cancelled,Wallet
O19026,C0159,P065,2025-10-29 0:00:00,2,5268.61,10,4741.75,10,DELIVERED,Card
O19027,C0449,P075,2024-06-16 0:00:00,2,2815.44,20,2252.35,8,Returned,UPI
O19028,C0491,P079,2024-12-06 0:00:00,4,4238.25,20,3390.6,9,DELIVERED,Card
O19029,C0005,P050,2025-07-19 0:00:00,1,3683.64,10,3315.28,5,DELIVERED,COD
O19030,C0040,P068,2023-02-24 0:00:00,4,5982.45,15,5085.08,4,Delivered,COD
O19031,C0423,P008,2023-10-26 0:00:00,2,8517.74,0,8517.74,2,Cancelled,Wallet
O19032,C0450,P061,2023-12-27 0:00:00,1,5272.39,10,4745.15,2,Returned,Wallet
O19033,C0065,P092,2024-01-14 0:00:00,3,8611.15,5,8180.59,5,DELIVERED,UPI
O19034,C0422,P069,2023-10-26 0:00:00,1,9397.76,15,7988.1,6,Returned,Card
O19035,C0147,P099,2023-12-15 0:00:00,2,4667.65,0,4667.65,7,DELIVERED,Wallet
O19036,C0329,P024,2025-06-30 0:00:00,3,4396.98,15,3737.43,12,Returned,Card
O19037,C0209,P038,2023-08-28 0:00:00,1,2213.76,5,2103.07,9,DELIVERED,Wallet
O19038,C0300,P045,2023-11-12 0:00:00,3,796.21,20,636.97,11,Delivered,UPI
O19039,C0027,P031,2025-01-17 0:00:00,2,1977.33,10,1779.6,10,Cancelled,UPI
O19040,C0134,P012,2026-02-09 0:00:00,5,8175.38,20,6540.3,10,Delivered,Card
O19041,C0448,P097,2023-04-16 0:00:00,5,7332.69,15,6232.79,3,DELIVERED,UPI
O19042,C0048,P070,2024-05-03 0:00:00,3,4291.28,10,3862.15,3,Cancelled,Wallet
O19043,C0415,P092,2023-03-30 0:00:00,3,4725.51,0,4725.51,1,DELIVERED,Card
O19044,C0194,P089,2025-02-05 0:00:00,5,4195.47,5,3985.7,12,Returned,UPI
O19045,C0212,P082,2023-04-15 0:00:00,5,4919.43,5,4673.46,10,Cancelled,Card
O19046,C0402,P004,2025-05-28 0:00:00,5,2227.13,5,2115.77,10,Cancelled,Wallet
O19047,C0395,P035,2025-10-21 0:00:00,3,2082.82,20,1666.26,1,Cancelled,Card
O19048,C0330,P094,2025-07-29 0:00:00,5,6051.53,20,4841.22,4,Cancelled,Card
O19049,C0472,P084,2024-11-10 0:00:00,5,3788.95,15,3220.61,4,DELIVERED,Wallet
O19050,C0376,P087,2024-12-09 0:00:00,4,2374.3,20,1899.44,4,Delivered,Wallet
O19051,C0210,P048,2023-10-24 0:00:00,1,8803.24,15,7482.75,12,Returned,COD
O19052,C0146,P008,2026-02-08 0:00:00,5,9328.2,5,8861.79,11,Delivered,COD
O19053,C0498,P059,2024-06-13 0:00:00,4,5778.35,10,5200.52,1,Returned,Wallet
O19054,C0061,P015,2026-02-23 0:00:00,5,8217.3,15,6984.7,2,DELIVERED,UPI
O19055,C0313,P012,2025-07-31 0:00:00,3,6286.28,5,5971.97,7,Delivered,Wallet
O19056,C0221,P030,2025-12-07 0:00:00,2,880.59,0,880.59,8,delivered,Card
O19057,C0009,P092,2025-10-27 0:00:00,2,7149,0,7149,5,Cancelled,COD
O19058,C0295,P026,2023-06-25 0:00:00,5,8547.88,5,8120.49,12,Delivered,Wallet
O19059,C0292,P007,2024-05-04 0:00:00,4,2959.98,15,2515.98,9,delivered,Wallet
O19060,C0133,P019,2024-03-09 0:00:00,2,7550.1,15,6417.59,11,Cancelled,Card
O19061,C0365,P088,2025-10-16 0:00:00,3,8490.14,0,8490.14,10,Returned,Card
O19062,C0040,P060,2025-10-27 0:00:00,3,4276.96,20,3421.57,1,Delivered,UPI
O19063,C0497,P038,2025-11-24 0:00:00,1,2236.86,15,1901.33,10,Delivered,Card
O19064,C0453,P069,2023-12-01 0:00:00,5,7430.85,15,6316.22,4,DELIVERED,Wallet
O19065,C0457,P092,2025-02-26 0:00:00,1,5592.06,0,5592.06,5,Returned,UPI
O19066,C0038,P017,2026-04-03 0:00:00,5,9262.31,0,9262.31,6,DELIVERED,Card
O19067,C0438,P040,2025-01-16 0:00:00,1,1151.13,5,1093.57,6,delivered,Card
O19068,C0139,P092,2024-11-22 0:00:00,1,8741.57,0,8741.57,3,DELIVERED,Card
O19069,C0351,P016,2023-06-06 0:00:00,5,1822.58,15,1549.19,10,DELIVERED,Wallet
O19070,C0034,P092,2023-11-07 0:00:00,4,9388.06,15,7979.85,3,delivered,Card
O19071,C0263,P056,2025-09-02 0:00:00,3,9885.72,15,8402.86,10,Delivered,UPI
O19072,C0158,P085,2025-03-07 0:00:00,5,6871.95,15,5841.16,1,delivered,UPI
O19073,C0097,P018,2024-01-31 0:00:00,4,6510.33,5,6184.81,8,DELIVERED,UPI
O19074,C0256,P031,2023-09-26 0:00:00,1,2346.59,5,2229.26,8,Returned,Wallet
O19075,C0288,P061,2023-09-15 0:00:00,1,3510.6,10,3159.54,2,DELIVERED,Card
O19076,C0401,P077,2023-03-26 0:00:00,2,9436.08,15,8020.67,11,Returned,Wallet
O19077,C0285,P063,2023-01-25 0:00:00,1,3705.06,20,2964.05,9,Delivered,Card
O19078,C0432,P082,2024-03-08 0:00:00,4,1247.92,0,1247.92,12,DELIVERED,Card
O19079,C0258,P040,2023-01-13 0:00:00,1,9592.17,10,8632.95,8,Cancelled,Card
O19080,C0435,P039,2024-11-15 0:00:00,1,1475.86,0,1475.86,3,DELIVERED,Card
O19081,C0488,P087,2025-03-11 0:00:00,2,3948.88,10,3553.99,6,Cancelled,COD
O19082,C0297,P018,2025-02-02 0:00:00,3,1135.45,15,965.13,1,Delivered,UPI
O19083,C0326,P021,2024-02-18 0:00:00,2,3370.56,0,3370.56,3,DELIVERED,Wallet
O19084,C0300,P099,2023-01-04 0:00:00,4,7992.56,20,6394.05,5,Cancelled,Wallet
O19085,C0239,P030,2025-10-20 0:00:00,1,7772.75,0,7772.75,9,delivered,COD
O19086,C0091,P094,2023-08-31 0:00:00,1,4359.22,20,3487.38,4,delivered,Wallet
O19087,C0336,P074,2024-01-17 0:00:00,3,2829.39,0,2829.39,7,Returned,Wallet
O19088,C0200,P027,2024-07-30 0:00:00,1,9955.49,0,9955.49,6,DELIVERED,COD
O19089,C0338,P014,2026-03-10 0:00:00,3,9828.03,15,8353.83,5,DELIVERED,Wallet
O19090,C0283,P087,2025-07-26 0:00:00,2,6275.11,0,6275.11,1,Delivered,Wallet
O19091,C0220,P098,2023-08-07 0:00:00,5,4420.75,5,4199.71,1,Cancelled,COD
O19092,C0439,P050,2024-03-04 0:00:00,3,8000.04,0,8000.04,8,Returned,Wallet
O19093,C0493,P045,2025-05-06 0:00:00,2,1224.04,15,1040.43,5,delivered,Wallet
O19094,C0348,P064,2023-11-29 0:00:00,5,2110.16,15,1793.64,7,DELIVERED,COD
O19095,C0072,P009,2023-05-04 0:00:00,1,6289.52,0,6289.52,10,Delivered,UPI
O19096,C0050,P039,2025-05-10 0:00:00,5,3167.57,5,3009.19,6,Cancelled,UPI
O19097,C0184,P043,2024-02-11 0:00:00,5,8110.53,0,8110.53,6,Delivered,Wallet
O19098,C0175,P044,2024-05-09 0:00:00,5,9265.97,20,7412.78,5,delivered,COD
O19099,C0155,P058,2024-10-16 0:00:00,1,7267.72,20,5814.18,1,Delivered,COD
O19100,C0026,P037,2026-03-29 0:00:00,4,2583.98,20,2067.18,6,delivered,COD
O19101,C0427,P068,2023-10-29 0:00:00,3,518.83,10,466.95,5,Returned,COD
O19102,C0457,P094,2026-01-28 0:00:00,2,5377.53,15,4570.9,3,Cancelled,COD
O19103,C0161,P027,2023-08-29 0:00:00,3,5182.97,5,4923.82,7,Cancelled,UPI
O19104,C0446,P073,2026-03-30 0:00:00,4,2749.13,20,2199.3,8,delivered,COD
O19105,C0205,P074,2024-02-05 0:00:00,1,8083.76,15,6871.2,1,DELIVERED,Card
O19106,C0107,P050,2023-03-23 0:00:00,2,9385.66,5,8916.38,9,Cancelled,UPI
O19107,C0186,P001,2025-04-24 0:00:00,5,1878.58,10,1690.72,10,DELIVERED,Wallet
O19108,C0280,P077,2025-11-09 0:00:00,4,4866.77,20,3893.42,11,DELIVERED,UPI
O19109,C0132,P060,2024-02-13 0:00:00,5,2908.66,10,2617.79,9,DELIVERED,UPI
O19110,C0257,P007,2023-01-05 0:00:00,5,2405.61,20,1924.49,3,Cancelled,Wallet
O19111,C0023,P027,2024-07-28 0:00:00,1,4285.05,5,4070.8,8,delivered,Card
O19112,C0450,P018,2023-11-20 0:00:00,5,4285.79,0,4285.79,5,delivered,Card
O19113,C0147,P001,2023-06-20 0:00:00,1,8314.94,10,7483.45,12,DELIVERED,COD
O19114,C0123,P034,2023-04-29 0:00:00,1,3316.71,15,2819.2,8,Returned,COD
O19115,C0415,P004,2025-02-02 0:00:00,1,9674.28,5,9190.57,6,delivered,Wallet
O19116,C0010,P074,2024-05-30 0:00:00,3,8195.23,10,7375.71,4,DELIVERED,COD
O19117,C0352,P010,2025-11-23 0:00:00,1,1167.57,0,1167.57,7,Returned,UPI
O19118,C0157,P040,2025-04-26 0:00:00,2,2730.01,20,2184.01,12,Delivered,Wallet
O19119,C0331,P055,2024-11-19 0:00:00,5,1279.95,20,1023.96,4,Delivered,Card
O19120,C0245,P026,2025-08-25 0:00:00,5,4448.7,15,3781.39,4,DELIVERED,UPI
O19121,C0024,P031,2024-05-28 0:00:00,5,1065.26,5,1012,4,Returned,Card
O19122,C0426,P014,2024-06-14 0:00:00,5,9455.55,0,9455.55,7,DELIVERED,Wallet
O19123,C0228,P094,2024-06-01 0:00:00,4,9283.66,5,8819.48,1,Returned,UPI
O19124,C0312,P062,2025-12-08 0:00:00,2,9557.22,10,8601.5,3,DELIVERED,COD
O19125,C0249,P077,2024-11-05 0:00:00,3,6607.16,5,6276.8,5,DELIVERED,Wallet
O19126,C0194,P020,2025-05-10 0:00:00,2,2042.36,15,1736.01,10,delivered,Wallet
O19127,C0425,P078,2023-01-29 0:00:00,4,3801.14,15,3230.97,12,Cancelled,UPI
O19128,C0034,P025,2024-03-09 0:00:00,4,4389.22,10,3950.3,8,Cancelled,COD
O19129,C0283,P033,2025-02-05 0:00:00,3,9523.5,20,7618.8,10,DELIVERED,Wallet
O19130,C0203,P061,2024-10-18 0:00:00,5,4806.37,0,4806.37,4,delivered,COD
O19131,C0044,P098,2024-11-04 0:00:00,3,8411.31,0,8411.31,9,DELIVERED,Card
O19132,C0456,P002,2025-10-28 0:00:00,4,6206.47,15,5275.5,4,DELIVERED,Wallet
O19133,C0026,P095,2024-02-21 0:00:00,2,4818.38,15,4095.62,6,Cancelled,Wallet
O19134,C0434,P097,2023-06-19 0:00:00,1,1992.54,5,1892.91,4,Cancelled,COD
O19135,C0153,P100,2023-03-17 0:00:00,1,9612.61,5,9131.98,11,DELIVERED,Wallet
O19136,C0146,P044,2023-05-21 0:00:00,3,2568.45,10,2311.61,2,DELIVERED,UPI
O19137,C0389,P005,2025-06-28 0:00:00,1,3840.58,0,3840.58,9,Returned,Wallet
O19138,C0279,P051,2023-06-30 0:00:00,4,3683.73,10,3315.36,9,delivered,Card
O19139,C0312,P019,2025-08-18 0:00:00,4,7843,20,6274.4,9,Delivered,UPI
O19140,C0455,P077,2024-11-06 0:00:00,3,1580.08,20,1264.06,9,DELIVERED,Card
O19141,C0219,P084,2025-09-24 0:00:00,4,7678.82,20,6143.06,4,delivered,COD
O19142,C0429,P002,2023-04-24 0:00:00,2,7395.7,15,6286.34,2,delivered,COD
O19143,C0249,P015,2023-08-21 0:00:00,4,8797.37,0,8797.37,10,Delivered,Card
O19144,C0275,P030,2025-06-02 0:00:00,4,9100.9,5,8645.85,11,Delivered,Card
O19145,C0418,P018,2025-01-10 0:00:00,4,1535.91,10,1382.32,6,Returned,COD
O19146,C0392,P097,2023-02-23 0:00:00,1,1139.1,15,968.23,10,Cancelled,UPI
O19147,C0138,P028,2024-12-08 0:00:00,1,1868.46,10,1681.61,1,Returned,Wallet
O19148,C0161,P096,2023-01-12 0:00:00,4,5922.46,5,5626.34,1,Returned,Wallet
O19149,C0043,P044,2024-10-03 0:00:00,4,6873.9,5,6530.2,3,DELIVERED,UPI
O19150,C0149,P032,2025-08-06 0:00:00,3,6474.61,15,5503.42,5,Cancelled,UPI
O19151,C0133,P066,2023-04-24 0:00:00,3,3372.76,10,3035.48,2,Cancelled,Card
O19152,C0269,P048,2025-01-29 0:00:00,5,4930.86,5,4684.32,8,Delivered,COD
O19153,C0033,P032,2023-03-02 0:00:00,5,6438.71,20,5150.97,12,Cancelled,Wallet
O19154,C0288,P028,2024-06-22 0:00:00,2,8806.76,20,7045.41,6,delivered,COD
O19155,C0017,P074,2025-03-23 0:00:00,3,5109.71,10,4598.74,4,Cancelled,UPI
O19156,C0208,P044,2023-12-22 0:00:00,1,1738.33,0,1738.33,12,DELIVERED,COD
O19157,C0277,P039,2023-11-08 0:00:00,1,7216.07,0,7216.07,3,Returned,UPI
O19158,C0217,P065,2023-04-16 0:00:00,3,3144.83,5,2987.59,2,delivered,Card
O19159,C0351,P033,2023-03-16 0:00:00,5,8767.51,15,7452.38,2,delivered,UPI
O19160,C0144,P032,2024-12-23 0:00:00,2,4262.79,15,3623.37,8,Delivered,UPI
O19161,C0194,P097,2025-04-06 0:00:00,3,4610,0,4610,7,Returned,Wallet
O19162,C0144,P091,2025-07-09 0:00:00,1,2408.81,10,2167.93,5,Returned,Wallet
O19163,C0279,P058,2023-06-18 0:00:00,3,3515.51,5,3339.73,2,Cancelled,COD
O19164,C0334,P070,2025-11-24 0:00:00,4,564.45,15,479.78,12,Returned,Wallet
O19165,C0362,P001,2024-10-21 0:00:00,5,8697.97,20,6958.38,10,Returned,Wallet
O19166,C0105,P017,2023-02-17 0:00:00,5,9041.06,10,8136.95,2,Delivered,UPI
O19167,C0195,P067,2025-12-15 0:00:00,4,8898.91,5,8453.96,11,Delivered,UPI
O19168,C0219,P014,2024-01-11 0:00:00,1,5684.23,15,4831.6,10,Cancelled,Wallet
O19169,C0250,P078,2025-08-31 0:00:00,2,717.99,0,717.99,7,DELIVERED,Card
O19170,C0032,P037,2023-04-19 0:00:00,3,7794.55,0,7794.55,4,delivered,Card
O19171,C0477,P059,2026-04-11 0:00:00,3,3876.81,20,3101.45,2,delivered,UPI
O19172,C0391,P073,2025-01-28 0:00:00,4,6038.72,10,5434.85,2,DELIVERED,Wallet
O19173,C0258,P086,2024-08-08 0:00:00,4,3298.36,15,2803.61,12,Cancelled,UPI
O19174,C0319,P026,2026-04-02 0:00:00,3,9408.03,15,7996.83,4,Returned,Wallet
O19175,C0393,P040,2026-02-18 0:00:00,5,8653.46,5,8220.79,8,DELIVERED,COD
O19176,C0007,P056,2025-01-06 0:00:00,5,8855.13,5,8412.37,4,Cancelled,UPI
O19177,C0081,P068,2023-05-18 0:00:00,3,4821.96,10,4339.76,9,DELIVERED,UPI
O19178,C0420,P025,2023-01-09 0:00:00,1,9213.6,0,9213.6,12,delivered,UPI
O19179,C0218,P015,2023-12-14 0:00:00,3,6918.1,5,6572.19,12,Returned,Card
O19180,C0210,P098,2024-05-07 0:00:00,4,4754.81,20,3803.85,7,DELIVERED,Card
O19181,C0420,P080,2026-03-09 0:00:00,4,3872.66,5,3679.03,12,Returned,Card
O19182,C0318,P056,2023-10-25 0:00:00,5,7619.09,20,6095.27,9,Delivered,UPI
O19183,C0341,P029,2025-12-08 0:00:00,3,7242.29,20,5793.83,11,Returned,Wallet
O19184,C0393,P034,2023-06-13 0:00:00,4,7961.84,20,6369.47,2,Delivered,Wallet
O19185,C0145,P097,2024-06-18 0:00:00,1,2996.85,10,2697.16,9,delivered,UPI
O19186,C0335,P040,2025-12-20 0:00:00,5,4009.69,20,3207.75,6,Returned,UPI
O19187,C0415,P056,2025-03-03 0:00:00,1,3921.99,20,3137.59,1,DELIVERED,UPI
O19188,C0418,P068,2025-04-10 0:00:00,2,3963.95,0,3963.95,10,Delivered,UPI
O19189,C0304,P024,2024-01-15 0:00:00,2,9579.54,20,7663.63,5,delivered,Card
O19190,C0181,P017,2024-06-19 0:00:00,2,5745.35,20,4596.28,6,Delivered,UPI
O19191,C0222,P035,2023-05-18 0:00:00,1,6989.16,10,6290.24,10,delivered,Wallet
O19192,C0242,P045,2024-07-21 0:00:00,4,3691.45,5,3506.88,1,DELIVERED,Wallet
O19193,C0427,P083,2023-03-02 0:00:00,2,3973.96,5,3775.26,3,Returned,Card
O19194,C0409,P002,2024-06-29 0:00:00,4,3949.63,5,3752.15,6,DELIVERED,Card
O19195,C0487,P050,2024-05-24 0:00:00,3,2606.43,0,2606.43,9,Delivered,UPI
O19196,C0029,P071,2025-02-18 0:00:00,2,7711.76,10,6940.58,8,Returned,Wallet
O19197,C0308,P096,2023-10-21 0:00:00,4,2258.26,15,1919.52,7,Delivered,COD
O19198,C0123,P002,2024-12-04 0:00:00,1,1723.01,10,1550.71,6,Delivered,COD
O19199,C0236,P063,2023-01-03 0:00:00,4,813.45,5,772.78,3,Delivered,Wallet
O19200,C0214,P094,2023-02-13 0:00:00,4,5801.84,15,4931.56,1,Cancelled,COD
O19201,C0251,P037,2023-05-28 0:00:00,3,1681.96,15,1429.67,11,Delivered,UPI
O19202,C0441,P001,2024-02-02 0:00:00,2,2027.98,5,1926.58,10,DELIVERED,COD
O19203,C0178,P060,2025-12-18 0:00:00,2,5602.11,20,4481.69,5,Delivered,UPI
O19204,C0439,P023,2024-11-10 0:00:00,1,7624.58,10,6862.12,11,Returned,Card
O19205,C0255,P097,2023-11-12 0:00:00,4,7008.08,20,5606.46,12,Returned,Wallet
O19206,C0492,P050,2025-08-13 0:00:00,5,4430.69,0,4430.69,7,delivered,UPI
O19207,C0221,P007,2024-01-30 0:00:00,3,7403.89,10,6663.5,1,Delivered,COD
O19208,C0216,P071,2024-06-13 0:00:00,4,3244.35,10,2919.91,3,Returned,UPI
O19209,C0087,P046,2023-04-01 0:00:00,4,8580.9,0,8580.9,9,Delivered,Wallet
O19210,C0304,P100,2023-07-31 0:00:00,1,1884.52,20,1507.62,4,Delivered,UPI
O19211,C0235,P078,2025-01-14 0:00:00,4,1882.06,10,1693.85,10,delivered,COD
O19212,C0006,P029,2026-02-22 0:00:00,2,8577.92,0,8577.92,4,Delivered,Wallet
O19213,C0472,P024,2023-09-05 0:00:00,1,9427.55,10,8484.8,2,Cancelled,Card
O19214,C0090,P064,2023-08-04 0:00:00,3,9581.74,5,9102.65,5,Cancelled,Wallet
O19215,C0413,P078,2025-05-22 0:00:00,4,1157.04,0,1157.04,12,Delivered,Wallet
O19216,C0145,P084,2023-06-08 0:00:00,3,826.96,5,785.61,6,Delivered,COD
O19217,C0111,P089,2023-03-17 0:00:00,2,9835.98,15,8360.58,4,Delivered,COD
O19218,C0037,P050,2023-02-02 0:00:00,4,1018.95,15,866.11,8,Returned,COD
O19219,C0017,P069,2026-01-02 0:00:00,1,5898.51,5,5603.58,3,delivered,Wallet
O19220,C0448,P083,2023-03-15 0:00:00,5,9228.6,10,8305.74,8,delivered,Wallet
O19221,C0222,P064,2023-04-10 0:00:00,1,2851.97,15,2424.17,10,Delivered,Wallet
O19222,C0201,P033,2025-04-11 0:00:00,2,7111.59,0,7111.59,12,Delivered,COD
O19223,C0033,P011,2023-09-28 0:00:00,2,2429.93,15,2065.44,11,Cancelled,COD
O19224,C0351,P093,2025-03-26 0:00:00,1,1567.37,20,1253.9,7,DELIVERED,Wallet
O19225,C0258,P039,2023-08-24 0:00:00,3,6273.21,10,5645.89,1,Returned,Card
O19226,C0489,P033,2023-04-11 0:00:00,3,6275.13,0,6275.13,12,delivered,Wallet
O19227,C0121,P022,2026-01-11 0:00:00,2,6547.98,0,6547.98,7,delivered,Card
O19228,C0256,P094,2024-08-20 0:00:00,3,1258.27,10,1132.44,10,Cancelled,COD
O19229,C0361,P079,2025-07-20 0:00:00,2,9819.08,20,7855.26,5,delivered,Card
O19230,C0352,P042,2024-10-31 0:00:00,2,2847.63,20,2278.1,11,delivered,COD
O19231,C0025,P030,2023-09-23 0:00:00,2,6774.85,5,6436.11,1,delivered,Wallet
O19232,C0382,P082,2025-01-12 0:00:00,2,1969.57,10,1772.61,4,delivered,COD
O19233,C0204,P064,2023-06-14 0:00:00,1,5986.87,10,5388.18,5,DELIVERED,Wallet
O19234,C0233,P099,2023-05-17 0:00:00,5,9914.65,10,8923.18,12,Cancelled,COD
O19235,C0176,P053,2024-05-24 0:00:00,4,9218.44,15,7835.67,1,Delivered,Wallet
O19236,C0148,P001,2025-01-15 0:00:00,1,4351.69,0,4351.69,3,Delivered,Card
O19237,C0001,P019,2023-06-06 0:00:00,1,7057.37,10,6351.63,7,Returned,Card
O19238,C0493,P072,2025-12-09 0:00:00,5,8056.57,10,7250.91,11,delivered,Wallet
O19239,C0494,P078,2025-07-09 0:00:00,2,3329.55,5,3163.07,5,Returned,UPI
O19240,C0340,P026,2023-02-02 0:00:00,4,6036.47,10,5432.82,3,Returned,UPI
O19241,C0406,P003,2023-04-02 0:00:00,3,8809.91,20,7047.93,9,DELIVERED,Wallet
O19242,C0017,P014,2026-02-24 0:00:00,3,636.12,20,508.9,5,delivered,COD
O19243,C0256,P066,2024-07-22 0:00:00,5,4269.96,20,3415.97,10,Cancelled,UPI
O19244,C0376,P078,2024-12-11 0:00:00,1,8327.94,0,8327.94,6,Cancelled,Wallet
O19245,C0436,P099,2023-02-07 0:00:00,2,4366.1,10,3929.49,12,Delivered,Card
O19246,C0271,P020,2025-10-26 0:00:00,2,1417.43,0,1417.43,6,DELIVERED,COD
O19247,C0106,P076,2025-11-14 0:00:00,3,4139.74,15,3518.78,5,DELIVERED,Wallet
O19248,C0111,P062,2023-10-30 0:00:00,1,4681.27,10,4213.14,11,Cancelled,UPI
O19249,C0125,P083,2025-12-07 0:00:00,3,8716.76,20,6973.41,6,delivered,COD
O19250,C0097,P063,2024-06-04 0:00:00,4,6067.84,0,6067.84,7,delivered,COD
O19251,C0136,P084,2026-04-14 0:00:00,1,3082.8,5,2928.66,9,Returned,COD
O19252,C0210,P028,2024-07-21 0:00:00,2,2036.17,10,1832.55,11,Returned,Wallet
O19253,C0244,P079,2023-07-30 0:00:00,2,4258.46,20,3406.77,3,Cancelled,Wallet
O19254,C0030,P066,2024-06-17 0:00:00,2,6052.06,15,5144.25,1,Returned,Wallet
O19255,C0318,P047,2024-02-14 0:00:00,4,4310.82,0,4310.82,5,Cancelled,Card
O19256,C0329,P070,2023-02-07 0:00:00,2,5669.87,0,5669.87,5,Delivered,Wallet
O19257,C0171,P028,2023-01-17 0:00:00,4,6099.03,10,5489.13,6,Returned,Wallet
O19258,C0245,P057,2024-01-07 0:00:00,2,2780.14,0,2780.14,1,Returned,UPI
O19259,C0122,P058,2024-04-12 0:00:00,3,4462.6,0,4462.6,12,Returned,COD
O19260,C0481,P071,2024-03-05 0:00:00,3,3579.89,20,2863.91,5,Returned,Wallet
O19261,C0022,P002,2024-07-17 0:00:00,3,5270.36,10,4743.32,4,Delivered,Card
O19262,C0286,P013,2026-02-16 0:00:00,4,1059.99,20,847.99,11,DELIVERED,UPI
O19263,C0151,P056,2025-09-28 0:00:00,5,7927.8,15,6738.63,4,DELIVERED,Card
O19264,C0399,P019,2023-12-05 0:00:00,4,2589.61,15,2201.17,9,Cancelled,Wallet
O19265,C0500,P013,2025-11-19 0:00:00,1,1057.22,15,898.64,4,Cancelled,UPI
O19266,C0030,P030,2024-12-03 0:00:00,3,3598.2,5,3418.29,8,delivered,COD
O19267,C0277,P074,2023-09-09 0:00:00,3,9004.83,0,9004.83,2,delivered,Wallet
O19268,C0452,P052,2024-01-09 0:00:00,2,4250.94,0,4250.94,1,Delivered,Card
O19269,C0141,P078,2025-02-16 0:00:00,5,9765.47,0,9765.47,3,Cancelled,Wallet
O19270,C0270,P018,2025-09-03 0:00:00,1,8966.33,15,7621.38,4,Cancelled,Wallet
O19271,C0275,P082,2024-03-03 0:00:00,1,4647.71,10,4182.94,11,delivered,Wallet
O19272,C0072,P086,2023-07-04 0:00:00,1,9506.05,10,8555.44,6,Returned,Wallet
O19273,C0494,P031,2024-04-15 0:00:00,1,5917.52,5,5621.64,1,Cancelled,Card
O19274,C0121,P005,2024-08-14 0:00:00,4,4600.5,15,3910.42,4,Returned,COD
O19275,C0362,P079,2024-06-06 0:00:00,5,8420.33,0,8420.33,5,DELIVERED,COD
O19276,C0423,P023,2026-03-01 0:00:00,2,7478.63,5,7104.7,5,delivered,Wallet
O19277,C0162,P034,2026-03-11 0:00:00,5,4324.8,0,4324.8,8,delivered,Wallet
O19278,C0500,P098,2024-05-18 0:00:00,1,5069.2,0,5069.2,9,DELIVERED,Wallet
O19279,C0082,P090,2025-09-29 0:00:00,3,3503.97,10,3153.57,11,DELIVERED,Wallet
O19280,C0338,P075,2026-01-29 0:00:00,4,7549.36,10,6794.42,1,Cancelled,COD
O19281,C0326,P024,2024-02-18 0:00:00,4,7819.23,15,6646.35,7,delivered,Card
O19282,C0241,P047,2023-07-18 0:00:00,3,2047.15,10,1842.44,10,Returned,Card
O19283,C0310,P084,2023-03-14 0:00:00,1,7741.48,20,6193.18,5,Returned,COD
O19284,C0413,P054,2025-09-05 0:00:00,5,4085.37,5,3881.1,9,DELIVERED,UPI
O19285,C0077,P024,2024-07-25 0:00:00,1,1606.67,15,1365.67,5,DELIVERED,Wallet
O19286,C0370,P057,2024-07-31 0:00:00,3,8619.31,20,6895.45,3,Cancelled,Wallet
O19287,C0039,P039,2024-01-03 0:00:00,3,752.93,10,677.64,5,Returned,Wallet
O19288,C0451,P014,2023-09-02 0:00:00,4,7930.08,0,7930.08,5,DELIVERED,Wallet
O19289,C0046,P003,2023-04-27 0:00:00,2,1782.73,10,1604.46,6,DELIVERED,Wallet
O19290,C0412,P090,2026-03-26 0:00:00,1,3953.75,15,3360.69,9,Returned,Card
O19291,C0306,P034,2025-05-23 0:00:00,5,4236.42,20,3389.14,4,Delivered,Wallet
O19292,C0118,P077,2024-09-22 0:00:00,5,9217.59,20,7374.07,5,Returned,Wallet
O19293,C0246,P021,2024-10-14 0:00:00,1,5308.65,10,4777.78,10,Delivered,Card
O19294,C0390,P025,2026-04-05 0:00:00,1,5315.22,0,5315.22,6,DELIVERED,UPI
O19295,C0063,P088,2023-03-29 0:00:00,3,1514.52,10,1363.07,7,delivered,COD
O19296,C0151,P037,2026-01-24 0:00:00,2,6127.36,10,5514.62,6,DELIVERED,Card
O19297,C0014,P021,2023-08-17 0:00:00,1,6583.4,20,5266.72,1,Delivered,Wallet
O19298,C0168,P001,2025-06-25 0:00:00,5,8999.52,5,8549.54,10,Cancelled,Card
O19299,C0133,P080,2024-02-03 0:00:00,2,2778.8,20,2223.04,8,Cancelled,UPI
O19300,C0181,P086,2023-06-19 0:00:00,3,6780.21,0,6780.21,3,delivered,COD
O19301,C0161,P061,2025-11-26 0:00:00,2,5818.76,20,4655.01,6,delivered,Wallet
O19302,C0244,P055,2026-03-10 0:00:00,1,8281.46,0,8281.46,9,delivered,Wallet
O19303,C0331,P060,2024-06-06 0:00:00,2,8565.21,20,6852.17,9,Delivered,Wallet
O19304,C0220,P024,2025-01-08 0:00:00,4,1103.41,10,993.07,9,Returned,Card
O19305,C0140,P097,2023-12-05 0:00:00,5,2151.38,15,1828.67,3,Delivered,UPI
O19306,C0303,P030,2024-08-09 0:00:00,4,6203.48,0,6203.48,9,DELIVERED,Wallet
O19307,C0073,P042,2025-11-01 0:00:00,4,5320.28,15,4522.24,3,Cancelled,COD
O19308,C0020,P074,2024-08-12 0:00:00,4,8988.88,0,8988.88,11,Delivered,Card
O19309,C0094,P051,2025-07-12 0:00:00,4,1408.23,0,1408.23,2,delivered,Card
O19310,C0215,P042,2025-08-18 0:00:00,4,5632.13,0,5632.13,1,delivered,Card
O19311,C0079,P074,2024-07-10 0:00:00,4,1641.87,10,1477.68,6,Cancelled,Wallet
O19312,C0199,P083,2023-01-12 0:00:00,3,5450.79,0,5450.79,7,Cancelled,COD
O19313,C0056,P073,2024-12-02 0:00:00,1,3530.29,15,3000.75,7,Returned,Card
O19314,C0255,P001,2023-05-03 0:00:00,3,6259.55,10,5633.6,9,Delivered,Wallet
O19315,C0264,P062,2025-03-01 0:00:00,5,713.93,5,678.23,3,Returned,Card
O19316,C0205,P047,2023-06-09 0:00:00,1,3304.51,10,2974.06,12,DELIVERED,Card
O19317,C0236,P064,2025-04-29 0:00:00,2,518.97,0,518.97,10,Returned,COD
O19318,C0323,P007,2023-03-18 0:00:00,4,5229.91,15,4445.42,11,delivered,UPI
O19319,C0265,P036,2023-02-06 0:00:00,4,5976.04,5,5677.24,7,delivered,Card
O19320,C0180,P076,2023-12-30 0:00:00,1,7215.19,20,5772.15,4,Delivered,Wallet
O19321,C0217,P027,2023-04-22 0:00:00,3,2856.62,10,2570.96,7,Delivered,COD
O19322,C0318,P082,2024-08-28 0:00:00,1,2512.66,0,2512.66,8,Delivered,COD
O19323,C0198,P092,2023-09-02 0:00:00,3,3343.61,10,3009.25,8,Returned,Wallet
O19324,C0251,P021,2024-04-01 0:00:00,1,5738.05,10,5164.24,2,delivered,Wallet
O19325,C0421,P078,2023-05-31 0:00:00,4,1436.38,10,1292.74,9,Cancelled,Wallet
O19326,C0058,P093,2024-10-12 0:00:00,3,4736.07,20,3788.86,1,Delivered,COD
O19327,C0381,P083,2025-10-11 0:00:00,1,9190.31,20,7352.25,3,DELIVERED,COD
O19328,C0245,P082,2025-04-03 0:00:00,3,9095.04,20,7276.03,6,Returned,Wallet
O19329,C0033,P099,2025-01-01 0:00:00,1,6044.78,20,4835.82,9,Returned,UPI
O19330,C0302,P024,2023-01-31 0:00:00,3,4896.56,15,4162.08,4,Returned,Wallet
O19331,C0287,P095,2025-11-12 0:00:00,4,8123.95,15,6905.36,7,Cancelled,UPI
O19332,C0279,P068,2024-12-24 0:00:00,5,5594.22,20,4475.38,9,DELIVERED,Wallet
O19333,C0047,P079,2025-10-08 0:00:00,3,4610.53,20,3688.42,4,DELIVERED,Wallet
O19334,C0142,P022,2023-06-26 0:00:00,3,9788.3,15,8320.05,9,Delivered,COD
O19335,C0341,P063,2023-01-10 0:00:00,5,5510.08,10,4959.07,2,Delivered,Wallet
O19336,C0306,P031,2023-08-31 0:00:00,3,9625.64,20,7700.51,5,Delivered,UPI
O19337,C0132,P067,2025-10-27 0:00:00,1,4311.18,5,4095.62,10,Returned,COD
O19338,C0433,P025,2023-05-04 0:00:00,3,9674,0,9674,1,delivered,Wallet
O19339,C0222,P012,2025-01-26 0:00:00,1,4356.63,5,4138.8,8,Delivered,Wallet
O19340,C0388,P005,2024-04-22 0:00:00,2,5977.34,15,5080.74,5,DELIVERED,Wallet
O19341,C0313,P019,2023-10-19 0:00:00,2,7841.99,10,7057.79,8,Returned,UPI
O19342,C0050,P029,2023-03-18 0:00:00,4,3744.44,20,2995.55,4,Delivered,Wallet
O19343,C0426,P014,2023-07-24 0:00:00,4,7260.21,5,6897.2,7,Returned,Wallet
O19344,C0081,P090,2023-08-25 0:00:00,3,4845.53,15,4118.7,4,Cancelled,Wallet
O19345,C0172,P083,2024-07-08 0:00:00,1,4547.67,15,3865.52,11,Cancelled,COD
O19346,C0225,P007,2023-12-08 0:00:00,5,5442.19,15,4625.86,10,Cancelled,Wallet
O19347,C0076,P091,2026-02-18 0:00:00,2,7863.09,20,6290.47,4,Returned,Wallet
O19348,C0269,P017,2025-07-28 0:00:00,4,5909.58,10,5318.62,7,DELIVERED,UPI
O19349,C0132,P034,2023-12-03 0:00:00,3,2530.31,10,2277.28,8,Cancelled,Wallet
O19350,C0321,P089,2025-09-17 0:00:00,4,6331.77,10,5698.59,7,delivered,Wallet
O19351,C0472,P083,2025-12-25 0:00:00,3,7699.21,0,7699.21,8,Returned,UPI
O19352,C0034,P025,2023-10-08 0:00:00,2,5793.5,10,5214.15,12,Cancelled,COD
O19353,C0280,P034,2024-01-27 0:00:00,5,5801.72,10,5221.55,4,delivered,Card
O19354,C0436,P016,2026-02-05 0:00:00,3,1355.28,15,1151.99,6,DELIVERED,UPI
O19355,C0365,P099,2023-11-29 0:00:00,1,3870.42,5,3676.9,2,delivered,Wallet
O19356,C0215,P038,2025-07-19 0:00:00,5,8443.15,0,8443.15,9,Delivered,Wallet
O19357,C0265,P090,2024-06-28 0:00:00,2,8898.62,5,8453.69,3,Returned,Wallet
O19358,C0212,P023,2023-12-07 0:00:00,2,3974.62,0,3974.62,6,delivered,Wallet
O19359,C0194,P095,2025-07-10 0:00:00,3,7724.14,15,6565.52,2,Cancelled,Card
O19360,C0138,P040,2025-04-12 0:00:00,4,8573.29,10,7715.96,2,Delivered,Card
O19361,C0423,P022,2024-03-20 0:00:00,5,1804.66,0,1804.66,11,Delivered,COD
O19362,C0021,P030,2024-07-30 0:00:00,1,3299.72,20,2639.78,1,DELIVERED,UPI
O19363,C0089,P001,2025-12-05 0:00:00,2,2274.61,15,1933.42,5,Cancelled,UPI
O19364,C0067,P044,2024-01-28 0:00:00,4,5015.15,5,4764.39,4,Cancelled,COD
O19365,C0254,P075,2024-01-30 0:00:00,2,4297.19,0,4297.19,12,Cancelled,Wallet
O19366,C0408,P080,2025-08-19 0:00:00,2,2044.02,0,2044.02,6,Cancelled,UPI
O19367,C0094,P043,2024-08-23 0:00:00,3,8683.09,20,6946.47,4,delivered,Card
O19368,C0452,P061,2023-03-13 0:00:00,1,3865.31,10,3478.78,7,Delivered,Wallet
O19369,C0086,P086,2023-07-19 0:00:00,5,4097.02,0,4097.02,3,Delivered,UPI
O19370,C0364,P068,2025-07-26 0:00:00,3,9822.02,0,9822.02,2,delivered,Card
O19371,C0076,P085,2024-11-03 0:00:00,3,2585.01,5,2455.76,11,Delivered,UPI
O19372,C0326,P014,2025-09-14 0:00:00,1,5508.56,5,5233.13,12,Delivered,Wallet
O19373,C0165,P072,2026-01-21 0:00:00,1,1494.67,5,1419.94,12,DELIVERED,COD
O19374,C0191,P009,2025-05-08 0:00:00,4,2758.01,15,2344.31,7,delivered,Card
O19375,C0017,P034,2024-04-09 0:00:00,2,3260.81,10,2934.73,2,delivered,UPI
O19376,C0059,P019,2025-11-15 0:00:00,4,7967.62,5,7569.24,4,Cancelled,UPI
O19377,C0363,P072,2023-11-11 0:00:00,1,1780.68,15,1513.58,9,Cancelled,Wallet
O19378,C0079,P089,2025-05-27 0:00:00,2,572.34,15,486.49,4,Cancelled,UPI
O19379,C0048,P082,2026-03-25 0:00:00,5,4441.38,15,3775.17,12,Delivered,UPI
O19380,C0433,P034,2025-12-23 0:00:00,5,804.13,10,723.72,8,Delivered,Wallet
O19381,C0229,P069,2024-09-25 0:00:00,3,1356.09,10,1220.48,12,Delivered,Wallet
O19382,C0248,P061,2024-05-12 0:00:00,4,7573.38,10,6816.04,10,delivered,Wallet
O19383,C0237,P084,2024-02-20 0:00:00,4,7824.79,5,7433.55,3,Delivered,Wallet
O19384,C0236,P047,2026-01-04 0:00:00,2,8574.34,5,8145.62,2,DELIVERED,Card
O19385,C0496,P080,2023-03-30 0:00:00,1,4292.86,5,4078.22,12,DELIVERED,Wallet
O19386,C0314,P049,2023-06-23 0:00:00,3,9934.87,5,9438.13,6,DELIVERED,Card
O19387,C0292,P037,2024-08-21 0:00:00,1,7804.93,20,6243.94,8,Cancelled,Wallet
O19388,C0235,P007,2023-12-16 0:00:00,4,5855.41,0,5855.41,6,DELIVERED,Wallet
O19389,C0188,P023,2025-07-09 0:00:00,5,2435.59,20,1948.47,12,DELIVERED,Wallet
O19390,C0407,P082,2023-09-10 0:00:00,4,3354.82,10,3019.34,5,DELIVERED,Card
O19391,C0476,P006,2024-07-18 0:00:00,1,3422.99,0,3422.99,10,Cancelled,Wallet
O19392,C0094,P001,2025-06-13 0:00:00,1,918.13,15,780.41,5,delivered,COD
O19393,C0019,P076,2025-05-07 0:00:00,5,2337.19,15,1986.61,8,Returned,Wallet
O19394,C0249,P049,2025-09-22 0:00:00,2,7144.3,20,5715.44,9,Cancelled,Card
O19395,C0471,P072,2024-12-29 0:00:00,3,8814.89,0,8814.89,6,Delivered,Card
O19396,C0247,P031,2026-04-01 0:00:00,5,1950.85,20,1560.68,10,delivered,COD
O19397,C0322,P056,2025-02-22 0:00:00,5,3496.6,5,3321.77,12,Delivered,COD
O19398,C0342,P065,2025-02-13 0:00:00,1,2233.35,20,1786.68,11,DELIVERED,COD
O19399,C0324,P017,2023-01-15 0:00:00,5,1368.59,0,1368.59,12,delivered,Wallet
O19400,C0256,P065,2025-06-30 0:00:00,3,9488.51,0,9488.51,12,DELIVERED,Card
O19401,C0463,P018,2026-03-01 0:00:00,2,6733.49,5,6396.82,11,DELIVERED,Wallet
O19402,C0106,P077,2025-07-01 0:00:00,3,9384.03,20,7507.22,3,delivered,UPI
O19403,C0425,P021,2023-04-04 0:00:00,2,3730.91,5,3544.36,11,Returned,Wallet
O19404,C0103,P059,2023-09-06 0:00:00,2,2010.75,5,1910.21,8,Returned,Wallet
O19405,C0305,P085,2023-05-07 0:00:00,4,6923.48,20,5538.78,1,DELIVERED,UPI
O19406,C0384,P078,2025-10-02 0:00:00,3,4239.69,15,3603.74,7,Returned,COD
O19407,C0307,P012,2023-07-04 0:00:00,4,9427.23,5,8955.87,4,delivered,UPI
O19408,C0344,P038,2024-12-25 0:00:00,5,7134.9,10,6421.41,8,Returned,Wallet
O19409,C0438,P062,2024-04-27 0:00:00,1,2519.82,15,2141.85,11,delivered,Wallet
O19410,C0248,P060,2023-10-11 0:00:00,5,8518.73,5,8092.79,6,Returned,UPI
O19411,C0189,P036,2024-06-01 0:00:00,2,7530.23,20,6024.18,12,Returned,UPI
O19412,C0459,P041,2023-08-15 0:00:00,5,3010.78,10,2709.7,10,delivered,UPI
O19413,C0157,P009,2023-10-28 0:00:00,2,6776.65,20,5421.32,12,delivered,Wallet
O19414,C0003,P092,2023-10-15 0:00:00,3,4386.57,5,4167.24,7,Cancelled,Card
O19415,C0057,P019,2023-09-16 0:00:00,2,5515.42,0,5515.42,12,DELIVERED,Card
O19416,C0373,P044,2025-10-25 0:00:00,1,9907.56,0,9907.56,6,delivered,COD
O19417,C0302,P082,2026-02-19 0:00:00,3,6499.98,0,6499.98,8,Delivered,Wallet
O19418,C0054,P080,2024-06-29 0:00:00,2,3390.71,5,3221.17,11,Returned,COD
O19419,C0453,P057,2024-05-31 0:00:00,5,7502.49,5,7127.37,11,delivered,UPI
O19420,C0226,P099,2023-03-24 0:00:00,2,7993.21,10,7193.89,5,delivered,COD
O19421,C0476,P011,2025-04-06 0:00:00,5,9190.38,15,7811.82,12,delivered,Wallet
O19422,C0425,P074,2023-03-21 0:00:00,3,4316.89,20,3453.51,3,delivered,Wallet
O19423,C0239,P094,2025-03-03 0:00:00,4,5027.05,15,4272.99,6,Delivered,UPI
O19424,C0330,P097,2024-08-11 0:00:00,4,3409.21,10,3068.29,2,delivered,Card
O19425,C0096,P057,2025-12-20 0:00:00,3,7222.4,0,7222.4,10,Delivered,Wallet
O19426,C0411,P080,2023-11-10 0:00:00,3,7672.87,5,7289.23,11,delivered,Wallet
O19427,C0127,P010,2025-10-10 0:00:00,5,8521.93,0,8521.93,2,Returned,Wallet
O19428,C0323,P054,2023-03-08 0:00:00,5,1304.5,0,1304.5,4,Cancelled,Card
O19429,C0224,P009,2025-10-18 0:00:00,3,9749.64,0,9749.64,2,Delivered,Card
O19430,C0353,P061,2024-01-31 0:00:00,1,5750.67,15,4888.07,7,DELIVERED,COD
O19431,C0486,P082,2023-03-15 0:00:00,3,3269.5,15,2779.07,4,DELIVERED,Wallet
O19432,C0108,P070,2023-02-07 0:00:00,4,7189.87,20,5751.9,4,Cancelled,Wallet
O19433,C0020,P062,2024-05-01 0:00:00,1,5555.33,5,5277.56,5,Delivered,Wallet
O19434,C0401,P031,2023-11-08 0:00:00,1,4986.32,15,4238.37,9,Delivered,UPI
O19435,C0264,P018,2024-03-01 0:00:00,3,4760.14,0,4760.14,12,Cancelled,Wallet
O19436,C0115,P064,2024-09-23 0:00:00,4,9513.35,5,9037.68,10,Cancelled,UPI
O19437,C0377,P041,2023-07-29 0:00:00,4,6477.43,15,5505.82,3,Delivered,Wallet
O19438,C0328,P048,2024-03-14 0:00:00,1,4856.88,0,4856.88,9,DELIVERED,Card
O19439,C0344,P067,2024-04-24 0:00:00,4,3908.52,5,3713.09,6,Cancelled,Card
O19440,C0059,P068,2025-11-21 0:00:00,2,9441.79,10,8497.61,7,Delivered,Card
O19441,C0013,P032,2026-01-17 0:00:00,5,3330.07,10,2997.06,7,Delivered,Wallet
O19442,C0368,P024,2024-02-14 0:00:00,1,6548.07,5,6220.67,9,delivered,COD
O19443,C0408,P025,2024-12-15 0:00:00,4,1155.27,15,981.98,3,Returned,Wallet
O19444,C0463,P056,2023-01-30 0:00:00,4,8660.02,0,8660.02,3,Delivered,Wallet
O19445,C0132,P015,2024-11-24 0:00:00,4,8474.51,0,8474.51,3,delivered,Card
O19446,C0376,P061,2026-03-24 0:00:00,1,7333.18,15,6233.2,9,Cancelled,UPI
O19447,C0015,P066,2024-04-09 0:00:00,1,5702.22,20,4561.78,12,DELIVERED,UPI
O19448,C0102,P085,2024-09-17 0:00:00,1,9190.18,5,8730.67,9,Cancelled,UPI
O19449,C0115,P099,2024-08-07 0:00:00,1,3808.78,0,3808.78,11,Cancelled,COD
O19450,C0306,P045,2025-03-13 0:00:00,3,9854.88,20,7883.9,1,Returned,Card
O19451,C0320,P023,2023-07-05 0:00:00,5,4044.56,15,3437.88,7,Returned,Card
O19452,C0206,P006,2025-01-16 0:00:00,5,1631.74,10,1468.57,7,delivered,COD
O19453,C0052,P095,2025-11-22 0:00:00,1,590.76,0,590.76,3,Cancelled,Wallet
O19454,C0089,P097,2024-06-15 0:00:00,4,7269.55,5,6906.07,5,Cancelled,COD
O19455,C0361,P063,2023-03-16 0:00:00,5,8684.06,15,7381.45,1,delivered,UPI
O19456,C0271,P019,2023-07-14 0:00:00,4,3343.13,10,3008.82,4,Returned,Card
O19457,C0394,P055,2023-01-14 0:00:00,5,1838.21,0,1838.21,4,Cancelled,Card
O19458,C0454,P054,2026-04-09 0:00:00,1,2115.97,20,1692.78,8,Returned,Wallet
O19459,C0039,P043,2023-07-09 0:00:00,5,7859.59,10,7073.63,3,Delivered,Card
O19460,C0454,P090,2023-08-02 0:00:00,5,9949.53,10,8954.58,7,delivered,Wallet
O19461,C0061,P096,2024-02-28 0:00:00,3,2972.65,0,2972.65,12,Returned,Wallet
O19462,C0023,P045,2025-07-09 0:00:00,2,6717.12,0,6717.12,12,DELIVERED,Wallet
O19463,C0376,P056,2026-04-06 0:00:00,1,1837.59,5,1745.71,4,delivered,Wallet
O19464,C0213,P031,2023-04-01 0:00:00,2,9545.62,15,8113.78,9,DELIVERED,Wallet
O19465,C0107,P025,2024-04-14 0:00:00,4,1101.77,10,991.59,10,delivered,Card
O19466,C0233,P033,2023-02-08 0:00:00,1,5334.1,0,5334.1,10,Cancelled,Wallet
O19467,C0130,P001,2023-04-01 0:00:00,5,5214.86,5,4954.12,8,delivered,COD
O19468,C0234,P072,2025-08-26 0:00:00,4,7349.65,0,7349.65,11,Delivered,COD
O19469,C0202,P057,2023-06-14 0:00:00,3,5130.33,0,5130.33,5,delivered,COD
O19470,C0027,P012,2023-10-19 0:00:00,5,2724.9,0,2724.9,1,Cancelled,Card
O19471,C0087,P007,2024-12-14 0:00:00,2,4219.2,5,4008.24,4,Delivered,Card
O19472,C0457,P021,2026-01-31 0:00:00,3,2801.54,10,2521.39,6,Returned,Wallet
O19473,C0432,P086,2025-08-15 0:00:00,2,2709.44,10,2438.5,1,delivered,COD
O19474,C0172,P058,2025-12-14 0:00:00,2,8356.98,20,6685.58,4,DELIVERED,Card
O19475,C0038,P024,2026-04-07 0:00:00,4,7901.21,5,7506.15,4,DELIVERED,UPI
O19476,C0409,P013,2026-02-09 0:00:00,1,6034.89,10,5431.4,12,delivered,COD
O19477,C0301,P069,2024-01-25 0:00:00,4,8277.48,10,7449.73,11,Cancelled,COD
O19478,C0126,P018,2024-01-07 0:00:00,5,6138.49,0,6138.49,12,DELIVERED,Wallet
O19479,C0484,P045,2023-10-26 0:00:00,1,7873.2,5,7479.54,7,DELIVERED,Card
O19480,C0045,P086,2023-11-30 0:00:00,5,7781.22,15,6614.04,6,Cancelled,UPI
O19481,C0107,P067,2023-06-07 0:00:00,1,3909.44,15,3323.02,7,delivered,Wallet
O19482,C0179,P059,2026-02-06 0:00:00,3,9467.69,5,8994.31,6,delivered,Wallet
O19483,C0150,P017,2025-07-07 0:00:00,2,802.09,10,721.88,6,Cancelled,Wallet
O19484,C0279,P086,2025-02-16 0:00:00,4,4281.19,20,3424.95,11,Delivered,Wallet
O19485,C0156,P097,2024-10-04 0:00:00,5,9940.24,20,7952.19,2,Returned,UPI
O19486,C0359,P019,2025-11-05 0:00:00,1,4583.02,5,4353.87,9,Cancelled,Wallet
O19487,C0142,P046,2026-04-08 0:00:00,3,4376.22,5,4157.41,10,Cancelled,Card
O19488,C0209,P083,2024-04-21 0:00:00,3,8606.14,20,6884.91,12,delivered,Wallet
O19489,C0453,P053,2024-10-18 0:00:00,1,2460.79,0,2460.79,2,DELIVERED,Wallet
O19490,C0401,P089,2024-02-15 0:00:00,3,3823.15,10,3440.84,1,Returned,UPI
O19491,C0411,P095,2026-03-04 0:00:00,4,3955.51,5,3757.73,1,Returned,Card
O19492,C0496,P024,2023-04-15 0:00:00,2,3627.88,15,3083.7,10,DELIVERED,Wallet
O19493,C0155,P044,2023-10-23 0:00:00,2,8262.48,5,7849.36,8,Cancelled,UPI
O19494,C0160,P043,2023-02-07 0:00:00,4,6995.2,5,6645.44,9,delivered,Wallet
O19495,C0492,P038,2023-04-07 0:00:00,1,810.18,5,769.67,4,DELIVERED,UPI
O19496,C0204,P063,2024-10-28 0:00:00,2,8180.05,20,6544.04,4,Cancelled,Wallet
O19497,C0137,P092,2025-06-11 0:00:00,4,4879.22,15,4147.34,6,Cancelled,UPI
O19498,C0102,P002,2023-12-05 0:00:00,2,1201.29,20,961.03,9,Returned,Wallet
O19499,C0102,P041,2024-04-29 0:00:00,3,2465.56,20,1972.45,12,Returned,Wallet
O19500,C0186,P006,2025-12-06 0:00:00,2,7096.14,15,6031.72,11,delivered,Wallet
O19501,C0364,P040,2024-09-01 0:00:00,4,5893.37,20,4714.7,8,DELIVERED,Wallet
O19502,C0414,P015,2026-02-04 0:00:00,3,5825.14,0,5825.14,7,delivered,COD
O19503,C0251,P083,2023-08-26 0:00:00,1,8678.87,5,8244.93,2,Returned,Wallet
O19504,C0392,P100,2023-04-30 0:00:00,5,8651.98,15,7354.18,3,Cancelled,Wallet
O19505,C0046,P001,2024-12-20 0:00:00,5,8046.99,5,7644.64,5,DELIVERED,Wallet
O19506,C0085,P030,2024-04-07 0:00:00,1,6105.01,5,5799.76,10,delivered,UPI
O19507,C0170,P083,2026-01-15 0:00:00,1,6396.39,15,5436.93,12,Delivered,Card
O19508,C0253,P095,2025-11-24 0:00:00,2,3908.9,20,3127.12,10,Returned,Wallet
O19509,C0296,P045,2023-08-21 0:00:00,2,2741.02,5,2603.97,11,Cancelled,UPI
O19510,C0149,P060,2024-07-24 0:00:00,5,7822.69,15,6649.29,7,Returned,Wallet
O19511,C0347,P073,2023-12-15 0:00:00,2,5364.27,20,4291.42,8,Returned,UPI
O19512,C0079,P046,2026-03-11 0:00:00,4,7893.07,5,7498.42,5,delivered,Wallet
O19513,C0076,P027,2025-08-19 0:00:00,2,1241.04,20,992.83,9,Cancelled,Card
O19514,C0178,P056,2025-06-02 0:00:00,3,2594.86,5,2465.12,4,Delivered,Wallet
O19515,C0032,P099,2023-03-29 0:00:00,4,4489.84,20,3591.87,3,Delivered,Wallet
O19516,C0339,P096,2026-01-19 0:00:00,2,6517.36,15,5539.76,10,Cancelled,UPI
O19517,C0144,P038,2025-05-18 0:00:00,5,1863.55,15,1584.02,11,Delivered,UPI
O19518,C0133,P006,2025-10-06 0:00:00,2,6282.77,10,5654.49,3,DELIVERED,Wallet
O19519,C0465,P018,2025-08-21 0:00:00,2,2516.52,5,2390.69,8,Returned,UPI
O19520,C0126,P063,2024-10-26 0:00:00,3,8879.1,0,8879.1,3,delivered,Wallet
O19521,C0422,P068,2024-03-01 0:00:00,5,2154.38,15,1831.22,3,delivered,Wallet
O19522,C0281,P047,2023-12-09 0:00:00,3,9953.71,20,7962.97,4,Delivered,Card
O19523,C0414,P057,2024-01-02 0:00:00,4,2106.37,0,2106.37,1,DELIVERED,Wallet
O19524,C0075,P015,2026-02-22 0:00:00,3,5076.3,0,5076.3,11,Returned,Wallet
O19525,C0156,P095,2025-07-03 0:00:00,3,5834.97,10,5251.47,4,Delivered,Card
O19526,C0457,P054,2023-12-03 0:00:00,2,3105.72,15,2639.86,4,delivered,Wallet
O19527,C0109,P032,2023-05-23 0:00:00,2,5543.9,0,5543.9,6,delivered,Card
O19528,C0239,P019,2023-04-26 0:00:00,1,4655.8,0,4655.8,8,DELIVERED,UPI
O19529,C0288,P037,2023-10-29 0:00:00,4,6503.12,10,5852.81,1,Cancelled,Wallet
O19530,C0273,P019,2024-10-08 0:00:00,5,3579.83,20,2863.86,9,Cancelled,COD
O19531,C0313,P050,2025-11-24 0:00:00,2,1797.25,20,1437.8,6,Returned,Card
O19532,C0115,P004,2025-07-08 0:00:00,4,2987.93,5,2838.53,11,delivered,Wallet
O19533,C0161,P064,2023-09-11 0:00:00,2,7249.23,5,6886.77,7,Returned,COD
O19534,C0248,P060,2023-06-23 0:00:00,5,7616.96,5,7236.11,1,Cancelled,Wallet
O19535,C0115,P071,2025-12-31 0:00:00,2,2186.57,0,2186.57,1,Cancelled,Wallet
O19536,C0053,P025,2023-05-01 0:00:00,3,6004.72,0,6004.72,3,Returned,UPI
O19537,C0181,P077,2024-07-21 0:00:00,2,1397.94,5,1328.04,5,Returned,Card
O19538,C0135,P036,2023-06-14 0:00:00,3,9802.22,20,7841.78,4,Delivered,Wallet
O19539,C0463,P045,2025-03-15 0:00:00,5,8853.6,20,7082.88,11,Cancelled,Card
O19540,C0053,P019,2023-10-01 0:00:00,2,7544.46,0,7544.46,6,Returned,Wallet
O19541,C0138,P008,2026-04-05 0:00:00,3,7608.69,5,7228.26,11,DELIVERED,Wallet
O19542,C0063,P090,2024-02-14 0:00:00,1,9355.3,10,8419.77,1,Cancelled,UPI
O19543,C0423,P071,2023-05-28 0:00:00,5,1863.55,10,1677.19,8,Delivered,Card
O19544,C0136,P021,2024-02-03 0:00:00,3,5198.68,20,4158.94,11,Returned,UPI
O19545,C0219,P089,2026-03-29 0:00:00,5,2225.2,10,2002.68,8,Returned,UPI
O19546,C0091,P021,2024-10-06 0:00:00,5,9169.31,15,7793.91,5,DELIVERED,Wallet
O19547,C0056,P046,2023-06-16 0:00:00,1,8404.07,20,6723.26,3,delivered,Card
O19548,C0002,P079,2025-02-22 0:00:00,5,9980.58,20,7984.46,12,Delivered,Card
O19549,C0358,P085,2023-06-26 0:00:00,2,2150.18,5,2042.67,12,DELIVERED,COD
O19550,C0387,P008,2023-09-09 0:00:00,1,6682.61,0,6682.61,5,Delivered,UPI
O19551,C0078,P091,2024-07-31 0:00:00,3,7586.64,5,7207.31,2,delivered,Wallet
O19552,C0294,P098,2024-03-04 0:00:00,5,814.54,15,692.36,5,Cancelled,UPI
O19553,C0373,P015,2024-06-01 0:00:00,4,3360.39,0,3360.39,11,Delivered,Wallet
O19554,C0419,P064,2023-07-18 0:00:00,5,5047.48,10,4542.73,7,DELIVERED,COD
O19555,C0046,P001,2024-12-02 0:00:00,1,8306.16,15,7060.24,4,DELIVERED,Wallet
O19556,C0194,P098,2024-01-17 0:00:00,2,8408.92,0,8408.92,12,DELIVERED,Card
O19557,C0394,P055,2024-09-14 0:00:00,4,6200.1,10,5580.09,7,Returned,UPI
O19558,C0254,P070,2025-11-05 0:00:00,4,560.2,0,560.2,5,delivered,COD
O19559,C0167,P021,2026-01-15 0:00:00,3,3809.49,20,3047.59,9,DELIVERED,UPI
O19560,C0106,P066,2024-08-22 0:00:00,4,1222.95,10,1100.65,4,DELIVERED,Card
O19561,C0200,P013,2024-10-17 0:00:00,5,4658.95,0,4658.95,11,Delivered,UPI
O19562,C0491,P013,2024-11-17 0:00:00,5,9535.56,0,9535.56,12,delivered,Card
O19563,C0313,P100,2025-08-05 0:00:00,3,9155.74,15,7782.38,9,Delivered,COD
O19564,C0295,P099,2024-11-04 0:00:00,4,6874.79,20,5499.83,3,Delivered,Card
O19565,C0255,P001,2025-10-07 0:00:00,3,2292.19,20,1833.75,2,DELIVERED,UPI
O19566,C0202,P030,2024-10-05 0:00:00,3,1136.98,5,1080.13,4,DELIVERED,UPI
O19567,C0008,P004,2024-11-11 0:00:00,1,8564.32,15,7279.67,5,Cancelled,COD
O19568,C0012,P028,2025-07-29 0:00:00,5,3322.26,10,2990.03,7,Cancelled,Card
O19569,C0314,P054,2023-01-03 0:00:00,2,5453.32,15,4635.32,2,DELIVERED,COD
O19570,C0462,P071,2026-03-21 0:00:00,1,6334.74,20,5067.79,5,delivered,UPI
O19571,C0309,P036,2023-12-18 0:00:00,1,5145.31,15,4373.51,11,DELIVERED,Card
O19572,C0242,P093,2024-03-25 0:00:00,1,8581.34,20,6865.07,9,delivered,UPI
O19573,C0330,P070,2026-02-11 0:00:00,5,3885.44,20,3108.35,12,DELIVERED,Wallet
O19574,C0181,P099,2026-03-25 0:00:00,2,8933.56,15,7593.53,6,Cancelled,Wallet
O19575,C0107,P047,2023-06-18 0:00:00,4,7482.79,5,7108.65,9,Returned,Wallet
O19576,C0241,P023,2025-02-10 0:00:00,4,9079.61,5,8625.63,7,Delivered,Wallet
O19577,C0107,P069,2024-01-02 0:00:00,1,9700.97,5,9215.92,2,Returned,Card
O19578,C0466,P093,2023-04-09 0:00:00,3,3516.59,0,3516.59,11,Cancelled,COD
O19579,C0364,P097,2024-09-14 0:00:00,1,8709.35,10,7838.42,10,Returned,Wallet
O19580,C0420,P004,2023-04-12 0:00:00,4,1583.43,20,1266.74,8,delivered,Wallet
O19581,C0189,P018,2024-01-16 0:00:00,5,5901.05,20,4720.84,9,Returned,Wallet
O19582,C0145,P052,2023-12-21 0:00:00,2,9513.2,15,8086.22,4,DELIVERED,Wallet
O19583,C0412,P046,2025-02-28 0:00:00,3,4356.39,20,3485.11,12,Cancelled,Card
O19584,C0074,P058,2023-09-22 0:00:00,2,1837.16,10,1653.44,3,delivered,Wallet
O19585,C0238,P083,2023-04-08 0:00:00,2,5264.17,15,4474.54,7,Delivered,UPI
O19586,C0375,P007,2023-12-06 0:00:00,2,1179.48,20,943.58,2,DELIVERED,UPI
O19587,C0310,P045,2024-05-05 0:00:00,3,579.43,5,550.46,6,delivered,Wallet
O19588,C0245,P021,2024-12-17 0:00:00,4,3603.15,5,3422.99,7,Returned,COD
O19589,C0232,P018,2025-10-11 0:00:00,5,7635.04,20,6108.03,11,Cancelled,Card
O19590,C0436,P083,2023-10-01 0:00:00,4,1498.61,15,1273.82,8,DELIVERED,COD
O19591,C0132,P034,2023-07-30 0:00:00,3,1822.36,10,1640.12,4,Delivered,Card
O19592,C0042,P060,2024-04-21 0:00:00,1,6912.57,0,6912.57,3,delivered,Card
O19593,C0084,P050,2024-11-24 0:00:00,3,3577.75,0,3577.75,9,Returned,UPI
O19594,C0127,P010,2024-06-21 0:00:00,4,861.61,10,775.45,10,delivered,UPI
O19595,C0074,P041,2025-09-16 0:00:00,3,9650.35,0,9650.35,2,DELIVERED,COD
O19596,C0311,P073,2024-03-01 0:00:00,1,2188.85,15,1860.52,10,Returned,Card
O19597,C0166,P095,2024-05-14 0:00:00,4,9937.53,10,8943.78,5,DELIVERED,Wallet
O19598,C0317,P018,2023-02-27 0:00:00,1,9977.09,15,8480.53,10,Delivered,COD
O19599,C0151,P058,2023-03-30 0:00:00,3,4818.44,0,4818.44,7,Delivered,Card
O19600,C0442,P030,2024-02-19 0:00:00,4,2657.51,10,2391.76,1,delivered,COD
O19601,C0136,P009,2025-03-06 0:00:00,2,6439.74,0,6439.74,6,Returned,Wallet
O19602,C0289,P020,2024-04-19 0:00:00,2,793.66,20,634.93,5,delivered,UPI
O19603,C0399,P052,2025-11-28 0:00:00,3,9486.34,15,8063.39,4,Delivered,COD
O19604,C0491,P036,2026-01-16 0:00:00,4,4795.79,10,4316.21,11,delivered,Wallet
O19605,C0463,P015,2024-08-11 0:00:00,3,9732.35,10,8759.11,10,delivered,Card
O19606,C0365,P047,2026-01-01 0:00:00,5,978.58,5,929.65,3,delivered,Wallet
O19607,C0206,P053,2026-03-11 0:00:00,3,8756.45,5,8318.63,8,Delivered,Wallet
O19608,C0070,P011,2023-07-22 0:00:00,5,5573.54,10,5016.19,3,delivered,COD
O19609,C0058,P057,2023-05-24 0:00:00,5,1936.31,0,1936.31,4,Cancelled,Wallet
O19610,C0391,P052,2023-01-19 0:00:00,4,4242.11,10,3817.9,1,Cancelled,Wallet
O19611,C0135,P067,2025-09-23 0:00:00,3,7201.98,0,7201.98,2,Cancelled,UPI
O19612,C0286,P006,2023-09-07 0:00:00,3,7014.43,10,6312.99,7,Cancelled,COD
O19613,C0411,P060,2023-01-08 0:00:00,3,5695.21,15,4840.93,10,Returned,COD
O19614,C0235,P004,2024-09-23 0:00:00,3,6248.95,20,4999.16,2,Cancelled,Wallet
O19615,C0382,P020,2024-05-15 0:00:00,4,4472.8,15,3801.88,9,Cancelled,COD
O19616,C0054,P013,2025-12-01 0:00:00,5,1900.51,15,1615.43,11,Delivered,Wallet
O19617,C0441,P012,2025-09-24 0:00:00,1,4995.79,0,4995.79,7,Delivered,COD
O19618,C0147,P080,2023-11-13 0:00:00,1,1414.81,10,1273.33,12,DELIVERED,Card
O19619,C0364,P030,2025-10-01 0:00:00,5,5564.5,15,4729.82,3,Delivered,Wallet
O19620,C0051,P053,2023-10-01 0:00:00,3,6874.24,15,5843.1,11,Returned,Card
O19621,C0456,P003,2026-03-14 0:00:00,4,5938.54,10,5344.69,10,Returned,Wallet
O19622,C0464,P087,2025-06-16 0:00:00,3,965.85,5,917.56,5,delivered,COD
O19623,C0177,P012,2023-06-08 0:00:00,5,2431.84,10,2188.66,6,delivered,COD
O19624,C0039,P021,2025-11-24 0:00:00,3,7151.61,10,6436.45,12,Delivered,Wallet
O19625,C0403,P010,2023-08-05 0:00:00,4,9887.12,0,9887.12,6,Delivered,Card
O19626,C0391,P051,2024-12-02 0:00:00,2,6226.04,20,4980.83,9,Cancelled,Card
O19627,C0454,P008,2023-02-15 0:00:00,1,9089,10,8180.1,3,Returned,COD
O19628,C0323,P086,2023-10-25 0:00:00,2,8865.21,10,7978.69,10,Delivered,COD
O19629,C0012,P052,2023-06-06 0:00:00,1,4081.62,10,3673.46,10,Cancelled,UPI
O19630,C0490,P048,2026-04-12 0:00:00,3,8612.67,0,8612.67,2,DELIVERED,Card
O19631,C0446,P036,2026-01-23 0:00:00,1,3802.41,0,3802.41,3,Cancelled,COD
O19632,C0116,P049,2026-03-07 0:00:00,4,3704.05,10,3333.65,2,Cancelled,Card
O19633,C0268,P003,2024-03-12 0:00:00,4,9885.86,10,8897.27,11,delivered,UPI
O19634,C0047,P016,2025-06-07 0:00:00,2,6088.15,20,4870.52,10,Returned,UPI
O19635,C0284,P005,2023-09-07 0:00:00,2,3510.74,0,3510.74,1,delivered,Wallet
O19636,C0218,P053,2024-03-30 0:00:00,3,5005.56,10,4505,1,Returned,COD
O19637,C0033,P060,2025-09-30 0:00:00,3,8526.66,5,8100.33,1,Cancelled,Card
O19638,C0067,P053,2024-04-17 0:00:00,4,3818.22,5,3627.31,1,Cancelled,Card
O19639,C0042,P060,2023-05-08 0:00:00,1,4528.78,15,3849.46,3,DELIVERED,Wallet
O19640,C0405,P027,2025-09-19 0:00:00,4,8635.83,10,7772.25,8,delivered,Wallet
O19641,C0361,P057,2023-08-05 0:00:00,3,2601.37,10,2341.23,11,delivered,Wallet
O19642,C0271,P036,2024-06-18 0:00:00,1,1598.39,15,1358.63,11,Delivered,COD
O19643,C0391,P047,2025-08-27 0:00:00,4,9802.59,15,8332.2,11,Delivered,Card
O19644,C0480,P090,2025-08-17 0:00:00,5,5791.23,15,4922.55,7,delivered,COD
O19645,C0274,P080,2025-08-26 0:00:00,4,9881.13,0,9881.13,12,DELIVERED,Wallet
O19646,C0016,P083,2024-12-17 0:00:00,2,4456.85,15,3788.32,6,Returned,Wallet
O19647,C0262,P011,2024-11-03 0:00:00,1,9722.92,5,9236.77,9,delivered,COD
O19648,C0107,P076,2024-03-25 0:00:00,4,1330.85,15,1131.22,5,Cancelled,COD
O19649,C0218,P054,2024-08-26 0:00:00,1,1514.28,15,1287.14,3,delivered,Wallet
O19650,C0052,P031,2026-04-12 0:00:00,4,1851.81,10,1666.63,2,delivered,Wallet
O19651,C0454,P078,2026-03-26 0:00:00,2,7589.75,0,7589.75,3,Returned,COD
O19652,C0065,P007,2023-12-29 0:00:00,1,4664.28,20,3731.42,9,Returned,UPI
O19653,C0282,P050,2024-03-26 0:00:00,3,9220.32,0,9220.32,2,Cancelled,COD
O19654,C0220,P084,2023-06-07 0:00:00,3,8178.87,5,7769.93,9,Delivered,COD
O19655,C0262,P076,2023-04-25 0:00:00,4,8897.24,5,8452.38,5,Delivered,UPI
O19656,C0486,P070,2025-11-15 0:00:00,3,2954.59,5,2806.86,8,Delivered,Card
O19657,C0374,P052,2026-02-15 0:00:00,2,2489.85,20,1991.88,1,delivered,COD
O19658,C0419,P054,2023-01-07 0:00:00,4,4031.86,20,3225.49,12,Delivered,UPI
O19659,C0403,P068,2026-04-15 0:00:00,3,2681.18,10,2413.06,6,Cancelled,Wallet
O19660,C0089,P007,2023-05-15 0:00:00,1,1721.74,10,1549.57,4,Returned,COD
O19661,C0367,P053,2023-06-13 0:00:00,3,8231.62,5,7820.04,5,Cancelled,Wallet
O19662,C0011,P043,2025-11-08 0:00:00,2,2468.09,15,2097.88,8,Returned,Card
O19663,C0203,P066,2023-11-07 0:00:00,4,9566.04,10,8609.44,9,Cancelled,Card
O19664,C0230,P097,2025-01-21 0:00:00,2,5712.52,0,5712.52,4,Returned,Wallet
O19665,C0396,P018,2023-11-09 0:00:00,4,1365.68,0,1365.68,3,delivered,Card
O19666,C0329,P093,2023-12-03 0:00:00,5,4585.39,10,4126.85,6,Cancelled,COD
O19667,C0347,P068,2025-08-29 0:00:00,4,1545.62,15,1313.78,6,Delivered,Card
O19668,C0448,P016,2023-10-14 0:00:00,4,8726.39,15,7417.43,5,DELIVERED,UPI
O19669,C0016,P093,2023-01-16 0:00:00,1,2368.51,0,2368.51,5,Returned,UPI
O19670,C0160,P029,2023-03-14 0:00:00,1,5977.47,5,5678.6,10,Cancelled,Card
O19671,C0204,P053,2024-08-16 0:00:00,4,2424.15,0,2424.15,12,Delivered,Wallet
O19672,C0123,P079,2025-10-09 0:00:00,4,9148.62,10,8233.76,10,Delivered,UPI
O19673,C0298,P078,2024-04-07 0:00:00,1,6147.63,5,5840.25,12,Cancelled,Wallet
O19674,C0492,P098,2024-03-24 0:00:00,1,4208.47,5,3998.05,7,Cancelled,COD
O19675,C0367,P080,2025-06-01 0:00:00,4,4054.77,20,3243.82,4,DELIVERED,COD
O19676,C0481,P013,2025-04-01 0:00:00,1,7238.06,10,6514.25,12,Delivered,UPI
O19677,C0288,P021,2023-09-12 0:00:00,2,840.61,15,714.52,2,Returned,UPI
O19678,C0205,P093,2025-04-23 0:00:00,1,6103.97,0,6103.97,8,Returned,Wallet
O19679,C0403,P030,2023-05-10 0:00:00,3,1920.44,0,1920.44,12,Cancelled,Wallet
O19680,C0451,P070,2023-01-20 0:00:00,3,1813.99,10,1632.59,4,DELIVERED,Wallet
O19681,C0330,P083,2023-07-26 0:00:00,4,2604.98,0,2604.98,9,DELIVERED,Wallet
O19682,C0276,P046,2026-01-24 0:00:00,3,4304.2,5,4088.99,6,DELIVERED,UPI
O19683,C0081,P069,2024-08-01 0:00:00,4,6775.57,0,6775.57,8,Returned,Wallet
O19684,C0472,P069,2024-03-20 0:00:00,5,4417.67,5,4196.79,9,Cancelled,Wallet
O19685,C0058,P003,2023-04-27 0:00:00,2,6691.53,20,5353.22,1,Delivered,Wallet
O19686,C0354,P073,2023-07-30 0:00:00,3,8735.31,10,7861.78,12,Cancelled,Card
O19687,C0325,P008,2025-07-15 0:00:00,1,5715.56,0,5715.56,9,DELIVERED,Card
O19688,C0099,P040,2025-03-21 0:00:00,3,7916.64,20,6333.31,2,Returned,Card
O19689,C0112,P001,2024-09-29 0:00:00,3,8661.94,10,7795.75,2,DELIVERED,COD
O19690,C0079,P069,2025-06-14 0:00:00,4,3020.86,10,2718.77,4,DELIVERED,COD
O19691,C0305,P024,2024-05-06 0:00:00,2,8209.49,20,6567.59,2,delivered,Card
O19692,C0245,P090,2024-02-05 0:00:00,2,4170.2,20,3336.16,3,DELIVERED,Card
O19693,C0017,P074,2023-12-17 0:00:00,2,3665.94,0,3665.94,2,Cancelled,COD
O19694,C0008,P022,2025-02-26 0:00:00,3,4279.66,15,3637.71,5,Delivered,Wallet
O19695,C0406,P015,2026-02-26 0:00:00,5,4310.22,5,4094.71,3,Cancelled,COD
O19696,C0414,P031,2024-05-06 0:00:00,3,5923.33,5,5627.16,3,delivered,Wallet
O19697,C0201,P048,2023-12-03 0:00:00,2,3677.23,20,2941.78,5,Delivered,Card
O19698,C0464,P042,2023-09-02 0:00:00,3,9220.34,10,8298.31,2,delivered,Wallet
O19699,C0417,P022,2023-05-10 0:00:00,5,9545.6,5,9068.32,2,Delivered,Wallet
O19700,C0069,P005,2023-03-20 0:00:00,2,7175.48,20,5740.38,7,Delivered,UPI
O19701,C0440,P015,2024-10-21 0:00:00,3,6930.32,15,5890.77,8,Returned,Wallet
O19702,C0230,P014,2026-01-21 0:00:00,5,2309.68,15,1963.23,5,Delivered,Card
O19703,C0383,P040,2023-07-17 0:00:00,2,1419.08,20,1135.26,6,Delivered,Wallet
O19704,C0218,P008,2024-11-30 0:00:00,1,3334.5,10,3001.05,11,Delivered,COD
O19705,C0292,P047,2026-03-25 0:00:00,2,3871.49,20,3097.19,9,DELIVERED,Wallet
O19706,C0053,P074,2025-03-15 0:00:00,5,5717.13,0,5717.13,10,delivered,COD
O19707,C0499,P088,2023-10-01 0:00:00,1,7948.55,0,7948.55,2,delivered,Card
O19708,C0081,P095,2023-12-06 0:00:00,2,672.45,15,571.58,12,Delivered,Wallet
O19709,C0294,P003,2023-07-05 0:00:00,3,963.29,5,915.13,6,Cancelled,Card
O19710,C0357,P057,2023-09-14 0:00:00,2,1728.34,0,1728.34,11,Returned,COD
O19711,C0086,P078,2023-12-16 0:00:00,3,9481.14,15,8058.97,11,Returned,Wallet
O19712,C0061,P020,2024-08-23 0:00:00,5,1539.24,20,1231.39,12,Delivered,UPI
O19713,C0098,P006,2025-08-15 0:00:00,3,5350.52,0,5350.52,12,DELIVERED,Wallet
O19714,C0225,P020,2025-04-17 0:00:00,2,8761.21,20,7008.97,10,Returned,Wallet
O19715,C0177,P046,2024-12-23 0:00:00,1,8597.48,5,8167.61,4,delivered,Card
O19716,C0491,P099,2026-03-31 0:00:00,5,5461.63,10,4915.47,10,Returned,COD
O19717,C0350,P081,2024-11-28 0:00:00,1,5734.16,15,4874.04,8,Delivered,Card
O19718,C0019,P050,2024-10-07 0:00:00,1,3732.27,5,3545.66,6,delivered,Card
O19719,C0399,P044,2024-03-31 0:00:00,4,5406.13,5,5135.82,6,Cancelled,Wallet
O19720,C0478,P094,2025-02-20 0:00:00,3,2481.71,20,1985.37,6,delivered,COD
O19721,C0010,P100,2024-12-01 0:00:00,1,553.72,0,553.72,7,Returned,UPI
O19722,C0437,P046,2026-04-15 0:00:00,5,6872.63,20,5498.1,9,delivered,COD
O19723,C0444,P082,2024-09-03 0:00:00,1,2646.99,0,2646.99,10,Cancelled,Card
O19724,C0281,P092,2024-01-09 0:00:00,5,9593.22,0,9593.22,1,Returned,COD
O19725,C0489,P088,2023-05-24 0:00:00,1,7410.5,0,7410.5,4,Cancelled,Card
O19726,C0058,P015,2024-10-31 0:00:00,4,5313.61,15,4516.57,10,Delivered,UPI
O19727,C0482,P073,2024-07-06 0:00:00,1,8406.49,20,6725.19,7,Returned,Wallet
O19728,C0410,P083,2023-06-21 0:00:00,4,512,5,486.4,8,delivered,COD
O19729,C0463,P005,2025-01-17 0:00:00,1,7649.76,5,7267.27,12,Delivered,COD
O19730,C0478,P068,2023-06-17 0:00:00,5,4692.19,10,4222.97,9,Cancelled,Wallet
O19731,C0075,P056,2024-02-17 0:00:00,1,5382.17,10,4843.95,10,Cancelled,UPI
O19732,C0077,P033,2025-02-13 0:00:00,3,4732.02,0,4732.02,1,Returned,COD
O19733,C0373,P006,2024-01-06 0:00:00,4,3823.52,0,3823.52,5,Delivered,Wallet
O19734,C0028,P090,2024-12-06 0:00:00,3,5633.04,15,4788.08,8,Returned,UPI
O19735,C0201,P086,2024-02-02 0:00:00,2,6147.37,20,4917.9,10,Cancelled,UPI
O19736,C0028,P068,2024-04-08 0:00:00,1,1524.27,10,1371.84,9,Returned,Wallet
O19737,C0156,P044,2024-09-20 0:00:00,3,9543.71,20,7634.97,8,DELIVERED,UPI
O19738,C0005,P030,2023-06-12 0:00:00,1,4774.64,10,4297.18,5,Returned,Wallet
O19739,C0241,P035,2024-08-03 0:00:00,2,5413.7,0,5413.7,10,Returned,Wallet
O19740,C0414,P010,2026-01-28 0:00:00,4,2356.88,15,2003.35,8,Returned,COD
O19741,C0138,P077,2024-08-24 0:00:00,4,4411.54,5,4190.96,5,DELIVERED,Card
O19742,C0058,P058,2024-09-12 0:00:00,3,6767.72,15,5752.56,4,DELIVERED,Wallet
O19743,C0004,P075,2024-03-07 0:00:00,4,6431.81,15,5467.04,7,delivered,Card
O19744,C0183,P087,2023-03-23 0:00:00,3,3371.15,10,3034.04,8,Cancelled,Card
O19745,C0140,P077,2025-06-07 0:00:00,5,3860.62,15,3281.53,6,DELIVERED,UPI
O19746,C0202,P096,2024-01-29 0:00:00,5,7752.33,20,6201.86,5,delivered,UPI
O19747,C0275,P036,2025-03-12 0:00:00,1,6097.65,15,5183,5,Cancelled,UPI
O19748,C0346,P053,2023-01-21 0:00:00,4,2342.99,5,2225.84,6,DELIVERED,COD
O19749,C0147,P098,2026-01-29 0:00:00,3,3598.86,0,3598.86,10,Returned,Wallet
O19750,C0168,P083,2023-07-31 0:00:00,3,6400.72,0,6400.72,2,Cancelled,Wallet
O19751,C0382,P047,2024-08-21 0:00:00,4,7501.31,5,7126.24,2,Returned,Wallet
O19752,C0183,P071,2023-08-02 0:00:00,4,985.11,10,886.6,12,Delivered,Wallet
O19753,C0421,P032,2024-03-14 0:00:00,2,7076.72,10,6369.05,1,delivered,Card
O19754,C0020,P074,2025-08-29 0:00:00,1,3414.64,20,2731.71,11,delivered,Wallet
O19755,C0004,P019,2023-05-23 0:00:00,5,7753.82,20,6203.06,12,DELIVERED,COD
O19756,C0492,P074,2023-04-17 0:00:00,3,7014.58,0,7014.58,4,DELIVERED,Card
O19757,C0264,P035,2025-06-06 0:00:00,4,3219.99,15,2736.99,7,Cancelled,UPI
O19758,C0105,P077,2023-07-22 0:00:00,4,9635.9,20,7708.72,2,Delivered,Wallet
O19759,C0433,P050,2026-01-04 0:00:00,4,9300.54,5,8835.51,9,Delivered,Wallet
O19760,C0357,P040,2024-09-15 0:00:00,5,1312.8,20,1050.24,6,Returned,COD
O19761,C0318,P026,2025-07-18 0:00:00,1,2258.69,5,2145.76,9,Returned,UPI
O19762,C0281,P033,2023-10-31 0:00:00,5,6409.04,5,6088.59,4,delivered,Wallet
O19763,C0039,P059,2024-06-29 0:00:00,2,5666.71,15,4816.7,9,delivered,Wallet
O19764,C0036,P044,2024-12-02 0:00:00,1,3198.96,20,2559.17,8,Cancelled,UPI
O19765,C0154,P048,2025-04-02 0:00:00,5,9286.13,20,7428.9,1,Returned,UPI
O19766,C0427,P020,2025-12-27 0:00:00,4,8480.16,20,6784.13,9,Cancelled,Card
O19767,C0391,P057,2023-09-18 0:00:00,2,1930.03,15,1640.53,2,DELIVERED,COD
O19768,C0226,P005,2025-01-01 0:00:00,3,7660.75,10,6894.68,12,DELIVERED,Wallet
O19769,C0334,P062,2024-05-14 0:00:00,1,9566.96,10,8610.26,5,Delivered,Wallet
O19770,C0485,P037,2023-08-23 0:00:00,1,8882.74,5,8438.6,5,DELIVERED,COD
O19771,C0002,P067,2025-11-13 0:00:00,3,9663.01,20,7730.41,10,Cancelled,UPI
O19772,C0063,P099,2025-09-12 0:00:00,1,2156.12,10,1940.51,8,Returned,Wallet
O19773,C0393,P011,2024-03-03 0:00:00,2,9031.66,15,7676.91,2,DELIVERED,UPI
O19774,C0083,P045,2023-03-26 0:00:00,2,6207.13,20,4965.7,12,Delivered,Wallet
O19775,C0110,P084,2025-10-31 0:00:00,1,1581.68,0,1581.68,5,Delivered,Card
O19776,C0329,P033,2024-01-19 0:00:00,1,2681.33,0,2681.33,9,delivered,UPI
O19777,C0174,P020,2024-09-30 0:00:00,3,646.05,15,549.14,1,DELIVERED,COD
O19778,C0477,P076,2023-09-14 0:00:00,1,1694.58,10,1525.12,10,delivered,UPI
O19779,C0066,P004,2023-12-05 0:00:00,5,1021.76,10,919.58,7,DELIVERED,Wallet
O19780,C0313,P053,2024-03-15 0:00:00,5,847.5,5,805.12,10,Cancelled,Wallet
O19781,C0467,P086,2025-04-26 0:00:00,2,2049.68,20,1639.74,7,delivered,COD
O19782,C0087,P002,2023-06-15 0:00:00,2,8340.92,15,7089.78,2,delivered,UPI
O19783,C0223,P018,2025-09-20 0:00:00,5,4620.48,20,3696.38,4,delivered,UPI
O19784,C0241,P004,2024-06-25 0:00:00,5,3934.85,10,3541.36,6,DELIVERED,Wallet
O19785,C0357,P095,2025-04-24 0:00:00,3,2684.59,15,2281.9,1,Cancelled,Wallet
O19786,C0200,P031,2026-01-10 0:00:00,5,4746.53,5,4509.2,10,Returned,COD
O19787,C0045,P099,2025-08-18 0:00:00,2,2268.08,15,1927.87,6,DELIVERED,UPI
O19788,C0492,P072,2023-11-27 0:00:00,3,9600.84,0,9600.84,8,Delivered,Wallet
O19789,C0193,P066,2023-04-26 0:00:00,1,9748.41,20,7798.73,9,delivered,Card
O19790,C0165,P081,2024-05-21 0:00:00,2,5386,10,4847.4,2,DELIVERED,Card
O19791,C0414,P004,2024-04-12 0:00:00,5,9308.22,5,8842.81,10,Cancelled,Card
O19792,C0042,P004,2025-11-23 0:00:00,4,8159.64,20,6527.71,7,DELIVERED,COD
O19793,C0004,P029,2025-08-18 0:00:00,1,4734.01,10,4260.61,7,DELIVERED,UPI
O19794,C0263,P062,2025-11-17 0:00:00,1,9663.3,10,8696.97,2,delivered,UPI
O19795,C0180,P013,2023-10-22 0:00:00,4,6600.65,20,5280.52,1,delivered,Card
O19796,C0280,P026,2026-02-27 0:00:00,1,2932.2,10,2638.98,5,DELIVERED,Wallet
O19797,C0396,P066,2026-01-30 0:00:00,3,2308.19,20,1846.55,5,Returned,COD
O19798,C0330,P054,2024-05-19 0:00:00,3,8221.56,0,8221.56,11,DELIVERED,COD
O19799,C0224,P017,2024-09-28 0:00:00,1,7140.14,20,5712.11,7,Cancelled,UPI
O19800,C0468,P100,2025-07-04 0:00:00,2,2875.05,15,2443.79,8,Cancelled,Card
O19801,C0205,P041,2023-09-13 0:00:00,2,6967.01,10,6270.31,10,Returned,Card
O19802,C0157,P001,2025-07-08 0:00:00,4,5780.79,15,4913.67,6,delivered,Card
O19803,C0357,P097,2024-03-03 0:00:00,3,6622.94,0,6622.94,8,Cancelled,UPI
O19804,C0039,P035,2023-10-04 0:00:00,5,8788.13,5,8348.72,4,DELIVERED,UPI
O19805,C0323,P062,2023-07-31 0:00:00,3,3588.01,15,3049.81,3,Cancelled,UPI
O19806,C0482,P080,2023-02-06 0:00:00,2,4461.59,15,3792.35,8,Returned,COD
O19807,C0274,P054,2023-04-30 0:00:00,4,8823.33,0,8823.33,12,Delivered,Card
O19808,C0015,P036,2024-12-21 0:00:00,5,5629.24,10,5066.32,3,Cancelled,Wallet
O19809,C0467,P029,2025-05-22 0:00:00,1,9495.75,15,8071.39,2,DELIVERED,COD
O19810,C0368,P025,2023-07-13 0:00:00,1,9152.37,10,8237.13,10,DELIVERED,Wallet
O19811,C0143,P065,2023-12-15 0:00:00,5,9638.55,15,8192.77,6,DELIVERED,UPI
O19812,C0444,P082,2024-12-19 0:00:00,2,7375.13,5,7006.37,1,Cancelled,UPI
O19813,C0005,P095,2025-07-03 0:00:00,3,5736.73,0,5736.73,10,delivered,UPI
O19814,C0253,P086,2024-03-08 0:00:00,5,8628.61,20,6902.89,7,Returned,Wallet
O19815,C0117,P039,2024-05-23 0:00:00,5,604.31,0,604.31,10,Returned,UPI
O19816,C0010,P086,2024-11-14 0:00:00,4,1909.8,20,1527.84,10,Delivered,Card
O19817,C0307,P091,2025-11-20 0:00:00,1,9962.26,0,9962.26,10,Cancelled,UPI
O19818,C0193,P074,2025-12-13 0:00:00,2,776.02,20,620.82,8,DELIVERED,Wallet
O19819,C0187,P080,2023-10-18 0:00:00,3,7499.77,15,6374.8,11,Cancelled,Wallet
O19820,C0372,P065,2024-12-16 0:00:00,4,9736.8,5,9249.96,8,Returned,Wallet
O19821,C0387,P092,2025-12-04 0:00:00,4,9136.26,15,7765.82,11,Cancelled,COD
O19822,C0121,P084,2023-09-27 0:00:00,1,643.93,15,547.34,8,Returned,COD
O19823,C0482,P003,2026-01-21 0:00:00,2,9692.08,0,9692.08,3,delivered,Wallet
O19824,C0316,P089,2025-10-30 0:00:00,3,2748.66,15,2336.36,10,Returned,UPI
O19825,C0279,P092,2023-01-08 0:00:00,5,8232.76,10,7409.48,7,delivered,Wallet
O19826,C0301,P015,2025-11-18 0:00:00,1,5834.13,10,5250.72,12,Returned,Wallet
O19827,C0148,P089,2024-03-27 0:00:00,4,7390.43,20,5912.34,8,Returned,UPI
O19828,C0019,P011,2024-06-28 0:00:00,1,8634.98,20,6907.98,12,DELIVERED,UPI
O19829,C0263,P088,2024-10-17 0:00:00,4,7223.61,5,6862.43,6,Cancelled,UPI
O19830,C0154,P019,2024-01-23 0:00:00,4,2643.57,20,2114.86,3,Returned,COD
O19831,C0140,P049,2026-02-06 0:00:00,1,8702.69,5,8267.56,4,delivered,Wallet
O19832,C0310,P007,2025-05-12 0:00:00,1,8378.59,5,7959.66,4,Cancelled,Wallet
O19833,C0270,P093,2024-07-14 0:00:00,3,2469.62,20,1975.7,12,Returned,UPI
O19834,C0138,P088,2023-07-21 0:00:00,4,9139.45,0,9139.45,6,delivered,Card
O19835,C0237,P060,2024-05-19 0:00:00,1,3739.94,10,3365.95,2,Returned,UPI
O19836,C0329,P043,2025-02-11 0:00:00,4,9528.29,5,9051.88,11,delivered,Wallet
O19837,C0305,P079,2023-08-22 0:00:00,1,5396.31,5,5126.49,7,Returned,COD
O19838,C0040,P099,2024-01-06 0:00:00,2,7522.67,10,6770.4,12,Delivered,COD
O19839,C0042,P053,2025-11-04 0:00:00,3,9565.32,0,9565.32,11,Cancelled,Wallet
O19840,C0079,P053,2025-02-23 0:00:00,2,4376.56,5,4157.73,3,Cancelled,Wallet
O19841,C0460,P029,2025-04-08 0:00:00,2,2059.76,20,1647.81,3,Delivered,UPI
O19842,C0297,P031,2025-08-20 0:00:00,4,1950.16,10,1755.14,4,Returned,COD
O19843,C0259,P034,2024-06-29 0:00:00,5,5787.92,5,5498.52,5,Cancelled,COD
O19844,C0124,P064,2023-09-30 0:00:00,1,2711.49,0,2711.49,10,DELIVERED,Wallet
O19845,C0102,P089,2023-08-25 0:00:00,3,9622.52,15,8179.14,8,Returned,UPI
O19846,C0222,P092,2025-04-09 0:00:00,2,7530.63,5,7154.1,7,DELIVERED,UPI
O19847,C0493,P089,2023-12-13 0:00:00,1,3146.27,20,2517.02,5,Delivered,Wallet
O19848,C0491,P043,2026-02-09 0:00:00,5,4409.38,0,4409.38,10,DELIVERED,Wallet
O19849,C0184,P040,2024-04-11 0:00:00,5,4407.6,5,4187.22,4,Cancelled,Wallet
O19850,C0243,P072,2025-04-19 0:00:00,3,3690.94,20,2952.75,5,delivered,Card
O19851,C0362,P026,2023-06-22 0:00:00,2,5248.52,10,4723.67,7,DELIVERED,Wallet
O19852,C0045,P015,2024-09-29 0:00:00,2,2819.81,15,2396.84,9,Delivered,Card
O19853,C0492,P041,2024-06-03 0:00:00,5,8403.54,15,7143.01,4,delivered,UPI
O19854,C0043,P020,2023-03-05 0:00:00,1,941.72,10,847.55,3,delivered,COD
O19855,C0203,P054,2025-12-15 0:00:00,1,7005.81,15,5954.94,2,Cancelled,UPI
O19856,C0152,P060,2025-10-20 0:00:00,5,2574.51,20,2059.61,12,Returned,Card
O19857,C0338,P088,2023-08-14 0:00:00,1,2670.2,20,2136.16,8,DELIVERED,Card
O19858,C0071,P077,2024-10-16 0:00:00,4,7316.81,15,6219.29,12,delivered,Card
O19859,C0254,P075,2023-02-01 0:00:00,2,2653.9,20,2123.12,7,delivered,Wallet
O19860,C0151,P010,2023-03-14 0:00:00,2,8462.54,5,8039.41,8,Delivered,Wallet
O19861,C0015,P047,2024-12-03 0:00:00,3,6504.56,15,5528.88,7,delivered,Card
O19862,C0193,P052,2026-01-31 0:00:00,1,9995.3,10,8995.77,5,DELIVERED,COD
O19863,C0031,P019,2024-04-09 0:00:00,1,2166.27,5,2057.96,4,Delivered,COD
O19864,C0120,P071,2023-12-13 0:00:00,5,2285.76,15,1942.9,9,delivered,UPI
O19865,C0181,P063,2025-02-23 0:00:00,4,3873.42,15,3292.41,6,Cancelled,COD
O19866,C0213,P072,2023-03-29 0:00:00,1,3321.61,15,2823.37,8,delivered,UPI
O19867,C0164,P083,2025-02-26 0:00:00,5,1140.67,20,912.54,1,delivered,Card
O19868,C0316,P050,2024-01-19 0:00:00,5,7823.98,15,6650.38,2,DELIVERED,Wallet
O19869,C0392,P047,2023-05-15 0:00:00,2,1514.7,20,1211.76,8,Delivered,Card
O19870,C0063,P060,2024-11-04 0:00:00,3,9761.96,20,7809.57,5,Returned,Wallet
O19871,C0347,P073,2023-09-22 0:00:00,1,2143.71,20,1714.97,12,DELIVERED,UPI
O19872,C0145,P099,2023-09-24 0:00:00,4,5596.19,5,5316.38,10,Cancelled,UPI
O19873,C0104,P038,2025-02-06 0:00:00,5,2658.48,10,2392.63,7,Delivered,Wallet
O19874,C0130,P009,2024-01-04 0:00:00,4,6471.69,15,5500.94,5,Delivered,COD
O19875,C0232,P070,2024-11-24 0:00:00,5,4995.58,20,3996.46,12,Cancelled,Card
O19876,C0023,P004,2023-09-10 0:00:00,3,7732.39,10,6959.15,7,Returned,Card
O19877,C0350,P098,2024-08-21 0:00:00,2,8150.32,0,8150.32,11,Delivered,Card
O19878,C0071,P056,2025-03-05 0:00:00,1,3521.9,0,3521.9,7,Delivered,COD
O19879,C0424,P035,2023-12-19 0:00:00,3,8792.62,20,7034.1,5,Returned,Card
O19880,C0398,P025,2024-09-29 0:00:00,3,4230.4,15,3595.84,11,Delivered,COD
O19881,C0439,P020,2024-01-24 0:00:00,1,512.9,20,410.32,8,Cancelled,Wallet
O19882,C0136,P067,2025-06-18 0:00:00,5,3248.9,5,3086.45,9,Delivered,Wallet
O19883,C0195,P044,2023-01-17 0:00:00,1,651.2,15,553.52,2,Returned,Wallet
O19884,C0264,P079,2023-12-07 0:00:00,3,5659.36,15,4810.46,2,Returned,Card
O19885,C0415,P050,2023-02-11 0:00:00,2,1200.52,15,1020.44,4,delivered,UPI
O19886,C0285,P027,2025-04-13 0:00:00,3,2571.27,10,2314.14,5,Returned,Card
O19887,C0243,P094,2024-10-31 0:00:00,4,2540.6,0,2540.6,1,Cancelled,UPI
O19888,C0443,P088,2025-05-07 0:00:00,5,9369.84,15,7964.36,3,DELIVERED,Wallet
O19889,C0386,P099,2023-03-10 0:00:00,1,9461.91,10,8515.72,6,Delivered,UPI
O19890,C0045,P100,2023-10-02 0:00:00,4,9532.78,5,9056.14,12,Delivered,Wallet
O19891,C0464,P005,2024-07-22 0:00:00,1,5704.45,0,5704.45,9,delivered,UPI
O19892,C0140,P064,2024-06-30 0:00:00,5,3389.04,0,3389.04,11,Cancelled,Card
O19893,C0393,P056,2023-07-20 0:00:00,2,4230.66,0,4230.66,12,delivered,Wallet
O19894,C0036,P045,2026-03-01 0:00:00,1,3452.23,20,2761.78,7,DELIVERED,Card
O19895,C0069,P096,2024-01-13 0:00:00,4,8351.04,20,6680.83,4,delivered,COD
O19896,C0311,P040,2023-07-16 0:00:00,5,4347.93,5,4130.53,7,Delivered,Wallet
O19897,C0381,P003,2025-01-07 0:00:00,4,1418.77,20,1135.02,9,DELIVERED,UPI
O19898,C0108,P030,2025-12-20 0:00:00,2,6678.41,5,6344.49,5,Cancelled,UPI
O19899,C0010,P097,2023-02-05 0:00:00,1,3206.54,0,3206.54,1,Cancelled,UPI
O19900,C0226,P001,2024-12-28 0:00:00,4,8133.99,0,8133.99,1,Delivered,UPI
O19901,C0366,P083,2024-10-30 0:00:00,1,4164.29,0,4164.29,9,DELIVERED,UPI
O19902,C0022,P061,2026-04-02 0:00:00,5,1980.09,0,1980.09,8,Cancelled,Wallet
O19903,C0309,P084,2024-10-18 0:00:00,1,950.47,0,950.47,10,Cancelled,COD
O19904,C0015,P054,2025-01-05 0:00:00,5,1697.11,20,1357.69,2,Cancelled,Wallet
O19905,C0091,P023,2025-08-18 0:00:00,1,7689.87,15,6536.39,1,Returned,UPI
O19906,C0372,P032,2024-09-23 0:00:00,3,1718.2,10,1546.38,6,DELIVERED,COD
O19907,C0032,P076,2025-12-30 0:00:00,2,9372.67,20,7498.14,6,Cancelled,Wallet
O19908,C0124,P042,2024-05-04 0:00:00,2,3108.71,10,2797.84,2,DELIVERED,Wallet
O19909,C0083,P071,2024-01-29 0:00:00,2,4289.35,15,3645.95,1,Delivered,Wallet
O19910,C0209,P014,2025-07-19 0:00:00,4,7701.05,15,6545.89,3,Delivered,Wallet
O19911,C0474,P089,2024-01-23 0:00:00,5,5650.76,20,4520.61,11,Returned,Wallet
O19912,C0118,P073,2024-07-03 0:00:00,5,4107.24,0,4107.24,11,Delivered,UPI
O19913,C0355,P039,2023-09-25 0:00:00,2,8720.82,10,7848.74,10,DELIVERED,UPI
O19914,C0121,P080,2023-04-21 0:00:00,3,6375.04,20,5100.03,1,Delivered,COD
O19915,C0093,P009,2024-12-14 0:00:00,2,1433.49,10,1290.14,8,Returned,COD
O19916,C0300,P024,2025-10-04 0:00:00,4,9535.33,10,8581.8,11,DELIVERED,Wallet
O19917,C0465,P096,2024-04-08 0:00:00,2,5381.47,5,5112.4,7,delivered,UPI
O19918,C0270,P098,2025-01-30 0:00:00,4,2732.67,0,2732.67,3,Returned,COD
O19919,C0240,P074,2025-10-20 0:00:00,4,7111.68,15,6044.93,2,Cancelled,Wallet
O19920,C0070,P083,2025-01-26 0:00:00,3,5245.84,20,4196.67,3,delivered,Wallet
O19921,C0051,P027,2023-08-04 0:00:00,3,7367.1,15,6262.03,10,Delivered,Card
O19922,C0297,P024,2025-02-19 0:00:00,2,8820.22,10,7938.2,10,delivered,Wallet
O19923,C0398,P057,2023-08-16 0:00:00,2,8588.51,20,6870.81,11,Returned,UPI
O19924,C0077,P025,2025-01-04 0:00:00,5,2090.62,20,1672.5,10,Returned,Wallet
O19925,C0018,P071,2024-05-23 0:00:00,5,6984.15,0,6984.15,10,Returned,Wallet
O19926,C0186,P035,2023-12-13 0:00:00,1,1827.49,10,1644.74,12,Delivered,Wallet
O19927,C0205,P066,2023-03-05 0:00:00,1,8871.03,0,8871.03,6,DELIVERED,Card
O19928,C0155,P093,2023-04-22 0:00:00,2,7798.55,10,7018.7,1,Returned,UPI
O19929,C0419,P052,2024-08-16 0:00:00,2,4220.77,10,3798.69,1,DELIVERED,UPI
O19930,C0204,P019,2025-06-15 0:00:00,3,5767.93,5,5479.53,4,Cancelled,UPI
O19931,C0249,P042,2026-01-28 0:00:00,1,689.03,5,654.58,8,Cancelled,UPI
O19932,C0346,P009,2023-06-29 0:00:00,5,9529.45,5,9052.98,4,Delivered,Wallet
O19933,C0288,P012,2024-09-23 0:00:00,5,7179.74,5,6820.75,4,Delivered,Card
O19934,C0171,P040,2024-05-31 0:00:00,4,6385.28,10,5746.75,6,delivered,Wallet
O19935,C0300,P090,2024-04-15 0:00:00,2,9768,20,7814.4,1,DELIVERED,UPI
O19936,C0398,P028,2024-07-05 0:00:00,4,1093.37,0,1093.37,9,Returned,Wallet
O19937,C0201,P077,2025-12-15 0:00:00,4,8672.75,5,8239.11,1,DELIVERED,Card
O19938,C0428,P018,2025-12-11 0:00:00,4,5294.1,15,4499.99,11,Cancelled,Wallet
O19939,C0361,P029,2023-09-21 0:00:00,1,9251.77,20,7401.42,7,DELIVERED,UPI
O19940,C0110,P028,2024-07-22 0:00:00,4,2723.43,20,2178.74,1,delivered,UPI
O19941,C0112,P039,2025-04-04 0:00:00,3,3136.42,15,2665.96,4,Returned,COD
O19942,C0206,P042,2025-05-26 0:00:00,2,5992.66,20,4794.13,6,DELIVERED,Card
O19943,C0336,P054,2026-02-06 0:00:00,4,6180.98,0,6180.98,12,delivered,Wallet
O19944,C0210,P007,2024-09-28 0:00:00,2,1450.05,10,1305.05,10,delivered,COD
O19945,C0458,P095,2025-01-08 0:00:00,2,8336.86,10,7503.17,3,Returned,Wallet
O19946,C0433,P011,2025-01-22 0:00:00,3,9352.42,20,7481.94,1,Cancelled,Card
O19947,C0321,P036,2023-05-22 0:00:00,1,5867.43,5,5574.06,6,delivered,COD
O19948,C0096,P074,2025-11-01 0:00:00,2,7917.46,15,6729.84,5,Returned,Wallet
O19949,C0164,P043,2026-03-29 0:00:00,2,8253.65,5,7840.97,12,Cancelled,Wallet
O19950,C0016,P023,2024-06-27 0:00:00,2,7718.83,0,7718.83,5,DELIVERED,UPI
O19951,C0476,P030,2025-08-18 0:00:00,3,1931.55,15,1641.82,6,Delivered,Card
O19952,C0325,P082,2023-12-09 0:00:00,5,6539.98,15,5558.98,5,Returned,Wallet
O19953,C0375,P085,2023-09-16 0:00:00,2,5590.32,15,4751.77,11,delivered,Card
O19954,C0468,P099,2023-12-30 0:00:00,3,1531.65,15,1301.9,11,Delivered,Wallet
O19955,C0471,P027,2023-08-19 0:00:00,3,3783.71,15,3216.15,11,Delivered,COD
O19956,C0205,P028,2023-12-22 0:00:00,5,5904.51,15,5018.83,2,delivered,Wallet
O19957,C0185,P080,2023-12-13 0:00:00,5,6142.56,20,4914.05,4,Cancelled,Card
O19958,C0403,P048,2025-11-24 0:00:00,4,1983.16,20,1586.53,5,Delivered,Wallet
O19959,C0419,P047,2023-02-23 0:00:00,4,8165.77,5,7757.48,6,Cancelled,Wallet
O19960,C0413,P100,2023-03-06 0:00:00,3,2212.54,5,2101.91,9,Returned,Wallet
O19961,C0026,P020,2023-02-06 0:00:00,5,2763.82,10,2487.44,12,DELIVERED,Wallet
O19962,C0038,P055,2024-10-09 0:00:00,4,4094.31,10,3684.88,9,Delivered,Wallet
O19963,C0261,P012,2025-04-06 0:00:00,4,9903.55,20,7922.84,1,delivered,UPI
O19964,C0061,P005,2023-10-12 0:00:00,1,4261.06,20,3408.85,9,delivered,Wallet
O19965,C0324,P071,2024-02-06 0:00:00,3,1813.31,5,1722.64,6,delivered,Card
O19966,C0275,P049,2023-02-20 0:00:00,1,3966.83,15,3371.81,2,delivered,UPI
O19967,C0498,P089,2025-05-18 0:00:00,4,8118.19,15,6900.46,4,delivered,Card
O19968,C0190,P084,2024-09-15 0:00:00,5,9125.27,0,9125.27,1,delivered,COD
O19969,C0467,P006,2023-04-29 0:00:00,5,6969.14,20,5575.31,3,Delivered,COD
O19970,C0272,P068,2024-10-27 0:00:00,4,5524.77,10,4972.29,9,Cancelled,Wallet
O19971,C0139,P007,2025-02-22 0:00:00,3,6720.54,20,5376.43,8,Delivered,Wallet
O19972,C0161,P091,2025-02-06 0:00:00,5,2794.63,15,2375.44,7,Returned,COD
O19973,C0315,P062,2023-09-30 0:00:00,3,523.68,20,418.94,5,Delivered,COD
O19974,C0025,P073,2023-11-27 0:00:00,2,1397.25,0,1397.25,12,DELIVERED,Wallet
O19975,C0139,P018,2025-05-13 0:00:00,1,7717.05,20,6173.64,11,Cancelled,UPI
O19976,C0073,P055,2023-06-26 0:00:00,5,3706.14,20,2964.91,5,Delivered,Wallet
O19977,C0265,P061,2025-06-29 0:00:00,4,3255.57,0,3255.57,6,delivered,Wallet
O19978,C0359,P082,2025-08-12 0:00:00,3,1528.96,10,1376.06,10,Cancelled,Wallet
O19979,C0063,P089,2026-03-11 0:00:00,3,4928.23,15,4189,2,delivered,Card
O19980,C0125,P083,2025-01-20 0:00:00,5,7877.64,10,7089.88,6,Cancelled,Card
O19981,C0283,P028,2024-11-07 0:00:00,5,1418.72,20,1134.98,6,Delivered,UPI
O19982,C0263,P086,2026-03-17 0:00:00,1,1672.66,10,1505.39,6,delivered,UPI
O19983,C0091,P027,2025-10-01 0:00:00,4,5611.19,0,5611.19,3,Returned,COD
O19984,C0323,P069,2024-05-03 0:00:00,5,571.4,5,542.83,2,Cancelled,UPI
O19985,C0397,P016,2024-11-15 0:00:00,2,4960.16,10,4464.14,4,DELIVERED,Wallet
O19986,C0043,P029,2025-09-15 0:00:00,4,4644.53,20,3715.62,5,Returned,Wallet
O19987,C0339,P090,2024-01-26 0:00:00,4,8297.46,20,6637.97,11,DELIVERED,Card
O19988,C0386,P032,2023-01-20 0:00:00,1,1315.28,0,1315.28,5,delivered,Card
O19989,C0460,P085,2025-05-10 0:00:00,1,3730.48,0,3730.48,8,delivered,UPI
O19990,C0275,P020,2024-05-21 0:00:00,1,5196.85,5,4937.01,11,Cancelled,COD
O19991,C0228,P067,2025-09-27 0:00:00,2,7195.94,0,7195.94,9,Cancelled,Wallet
O19992,C0316,P013,2025-12-04 0:00:00,1,5893.93,10,5304.54,12,Cancelled,Wallet
O19993,C0200,P032,2023-02-06 0:00:00,1,9242.93,0,9242.93,7,DELIVERED,UPI
O19994,C0145,P001,2023-03-09 0:00:00,5,4914.33,10,4422.9,3,delivered,Wallet
O19995,C0411,P087,2025-07-27 0:00:00,5,9139.12,10,8225.21,4,delivered,Wallet
O19996,C0071,P031,2023-12-31 0:00:00,2,6869.4,5,6525.93,12,Cancelled,Wallet
O19997,C0056,P003,2025-03-05 0:00:00,3,5183.71,15,4406.15,12,Returned,UPI
O19998,C0441,P089,2026-01-01 0:00:00,5,5553.09,0,5553.09,12,Returned,Wallet
O19999,C0405,P013,2024-02-21 0:00:00,4,7911.94,15,6725.15,5,DELIVERED,Wallet
O20000,C0141,P030,2023-07-14 0:00:00,5,5252.88,5,4990.24,1,delivered,UPI
